1	2
1	4
1	5
1	6
1	11
1	13
1	14
1	16
1	17
1	18
1	19
1	20
1	21
1	22
1	23
1	24
1	26
1	27
1	28
1	29
1	30
1	31
1	32
1	33
1	36
1	37
1	38
1	39
1	40
1	42
1	46
1	48
1	50
1	51
1	52
1	53
1	54
1	58
1	59
1	60
1	62
1	63
1	64
1	65
1	66
1	68
1	69
1	70
1	72
1	73
1	76
1	79
1	80
1	81
1	82
1	83
1	87
1	88
1	90
1	91
1	92
1	93
1	95
1	96
1	97
1	98
1	99
1	103
1	104
1	105
1	106
2	1
2	2
2	6
2	7
2	8
2	11
2	15
2	20
2	21
2	22
2	23
2	24
2	25
2	26
2	27
2	28
2	31
2	32
2	33
2	34
2	36
2	38
2	41
2	42
2	44
2	45
2	47
2	48
2	50
2	53
2	54
2	56
2	58
2	61
2	63
2	64
2	67
2	68
2	71
2	74
2	75
2	76
2	78
2	79
2	80
2	83
2	84
2	87
2	90
2	91
2	92
2	93
2	94
2	96
2	97
2	101
2	102
2	103
2	105
2	106
2	107
3	1
3	3
3	4
3	7
3	8
3	11
3	12
3	13
3	14
3	15
3	16
3	17
3	18
3	21
3	22
3	23
3	24
3	25
3	27
3	28
3	29
3	30
3	31
3	32
3	33
3	34
3	35
3	36
3	40
3	41
3	42
3	47
3	48
3	50
3	52
3	53
3	54
3	55
3	57
3	58
3	59
3	62
3	63
3	65
3	67
3	68
3	69
3	70
3	71
3	74
3	75
3	76
3	77
3	79
3	80
3	81
3	84
3	85
3	86
3	88
3	92
3	93
3	94
3	95
3	98
3	101
3	102
3	105
3	107
4	1
4	3
4	9
4	11
4	12
4	16
4	18
4	19
4	20
4	22
4	23
4	25
4	28
4	29
4	32
4	34
4	35
4	36
4	37
4	38
4	39
4	41
4	43
4	44
4	46
4	47
4	48
4	52
4	53
4	55
4	61
4	62
4	64
4	65
4	69
4	70
4	71
4	72
4	73
4	74
4	76
4	79
4	80
4	82
4	83
4	84
4	88
4	89
4	90
4	92
4	93
4	94
4	95
4	97
4	99
4	100
4	101
4	103
4	104
4	105
4	106
4	107
5	1
5	3
5	4
5	6
5	7
5	9
5	10
5	11
5	12
5	13
5	16
5	17
5	19
5	20
5	21
5	23
5	25
5	26
5	27
5	28
5	30
5	32
5	33
5	34
5	35
5	36
5	37
5	38
5	39
5	40
5	41
5	42
5	43
5	44
5	49
5	50
5	51
5	52
5	53
5	54
5	55
5	57
5	58
5	59
5	65
5	66
5	67
5	68
5	69
5	71
5	72
5	73
5	74
5	75
5	78
5	79
5	80
5	81
5	82
5	83
5	84
5	85
5	86
5	88
5	90
5	91
5	92
5	93
5	94
5	95
5	96
5	106
5	107
6	1
6	2
6	5
6	7
6	10
6	11
6	13
6	14
6	15
6	17
6	20
6	21
6	22
6	24
6	25
6	26
6	27
6	29
6	31
6	32
6	33
6	34
6	36
6	37
6	38
6	39
6	41
6	43
6	44
6	45
6	46
6	48
6	49
6	51
6	54
6	55
6	56
6	57
6	59
6	60
6	61
6	62
6	63
6	64
6	65
6	66
6	67
6	68
6	69
6	71
6	74
6	76
6	78
6	79
6	81
6	82
6	83
6	84
6	85
6	86
6	87
6	90
6	91
6	94
6	95
6	96
6	97
6	99
6	101
6	102
6	103
6	106
7	1
7	2
7	3
7	4
7	5
7	6
7	7
7	10
7	13
7	14
7	15
7	16
7	19
7	20
7	23
7	25
7	28
7	29
7	31
7	32
7	33
7	34
7	35
7	37
7	39
7	43
7	44
7	46
7	47
7	49
7	50
7	51
7	52
7	54
7	56
7	58
7	59
7	62
7	63
7	66
7	67
7	68
7	71
7	72
7	74
7	75
7	76
7	77
7	80
7	81
7	82
7	83
7	84
7	85
7	86
7	87
7	88
7	89
7	90
7	92
7	93
7	94
7	96
7	97
7	98
7	101
7	102
7	104
7	105
8	2
8	3
8	4
8	6
8	10
8	11
8	12
8	13
8	16
8	17
8	18
8	19
8	20
8	21
8	22
8	25
8	27
8	29
8	30
8	31
8	32
8	35
8	37
8	41
8	42
8	46
8	47
8	49
8	50
8	51
8	52
8	55
8	58
8	59
8	60
8	64
8	66
8	67
8	68
8	69
8	70
8	72
8	73
8	74
8	76
8	78
8	79
8	82
8	83
8	84
8	85
8	87
8	88
8	89
8	91
8	92
8	94
8	95
8	97
8	98
8	99
8	100
8	103
8	104
9	2
9	5
9	7
9	8
9	9
9	12
9	13
9	14
9	18
9	19
9	20
9	21
9	23
9	24
9	26
9	27
9	29
9	30
9	31
9	32
9	33
9	36
9	38
9	39
9	40
9	43
9	44
9	46
9	47
9	49
9	53
9	55
9	56
9	57
9	58
9	59
9	60
9	61
9	63
9	64
9	67
9	68
9	69
9	70
9	71
9	74
9	75
9	76
9	77
9	79
9	81
9	82
9	84
9	86
9	90
9	91
9	92
9	93
9	95
9	96
9	97
9	98
9	99
9	103
9	104
9	105
9	106
9	107
10	2
10	3
10	4
10	8
10	9
10	11
10	13
10	15
10	18
10	19
10	20
10	21
10	22
10	23
10	26
10	27
10	29
10	33
10	35
10	36
10	37
10	38
10	39
10	40
10	43
10	46
10	49
10	55
10	57
10	59
10	60
10	61
10	62
10	64
10	68
10	69
10	71
10	72
10	73
10	74
10	75
10	78
10	80
10	81
10	82
10	83
10	84
10	86
10	87
10	88
10	89
10	91
10	95
10	96
10	97
10	98
10	99
10	100
10	102
10	103
10	104
10	105
11	2
11	5
11	6
11	7
11	8
11	10
11	11
11	12
11	13
11	16
11	18
11	20
11	21
11	24
11	25
11	27
11	29
11	30
11	32
11	33
11	38
11	39
11	41
11	42
11	43
11	44
11	46
11	47
11	49
11	51
11	53
11	55
11	56
11	57
11	58
11	60
11	61
11	62
11	64
11	65
11	66
11	67
11	68
11	72
11	75
11	76
11	79
11	81
11	82
11	83
11	84
11	87
11	88
11	89
11	91
11	92
11	94
11	97
11	98
11	99
11	100
11	101
11	102
11	103
11	104
11	106
11	107
12	1
12	3
12	4
12	5
12	11
12	12
12	13
12	15
12	17
12	18
12	19
12	21
12	22
12	25
12	26
12	27
12	28
12	29
12	30
12	31
12	32
12	34
12	36
12	38
12	39
12	40
12	41
12	42
12	43
12	44
12	46
12	48
12	49
12	50
12	54
12	57
12	60
12	61
12	62
12	63
12	64
12	65
12	68
12	70
12	74
12	76
12	77
12	80
12	81
12	82
12	83
12	84
12	86
12	88
12	90
12	91
12	92
12	95
12	96
12	97
12	101
12	102
12	106
13	3
13	6
13	7
13	9
13	10
13	11
13	12
13	13
13	14
13	15
13	17
13	18
13	19
13	22
13	24
13	26
13	29
13	30
13	33
13	34
13	35
13	37
13	38
13	39
13	40
13	41
13	44
13	45
13	47
13	48
13	49
13	50
13	52
13	55
13	57
13	59
13	60
13	61
13	62
13	65
13	66
13	67
13	68
13	69
13	71
13	72
13	73
13	74
13	75
13	77
13	78
13	79
13	81
13	82
13	84
13	85
13	88
13	90
13	91
13	93
13	94
13	95
13	96
13	97
13	101
13	102
13	103
13	106
14	1
14	4
14	5
14	8
14	9
14	11
14	12
14	13
14	14
14	16
14	17
14	18
14	19
14	20
14	23
14	24
14	25
14	26
14	27
14	28
14	31
14	32
14	34
14	35
14	36
14	40
14	41
14	43
14	44
14	46
14	47
14	48
14	49
14	50
14	51
14	55
14	57
14	58
14	59
14	60
14	61
14	62
14	63
14	66
14	67
14	68
14	69
14	72
14	74
14	75
14	76
14	80
14	81
14	83
14	85
14	88
14	89
14	92
14	93
14	95
14	96
14	99
14	100
14	102
14	103
14	105
14	107
15	1
15	4
15	5
15	6
15	8
15	11
15	12
15	14
15	16
15	17
15	19
15	20
15	21
15	22
15	24
15	25
15	28
15	29
15	30
15	32
15	33
15	34
15	36
15	37
15	38
15	42
15	45
15	46
15	47
15	49
15	50
15	53
15	54
15	55
15	57
15	58
15	59
15	62
15	64
15	67
15	70
15	72
15	74
15	75
15	77
15	79
15	81
15	86
15	87
15	88
15	89
15	94
15	95
15	96
15	99
15	101
15	105
15	106
16	1
16	2
16	4
16	5
16	6
16	7
16	8
16	12
16	16
16	17
16	19
16	20
16	23
16	26
16	27
16	28
16	29
16	30
16	32
16	33
16	36
16	37
16	38
16	39
16	41
16	44
16	45
16	46
16	47
16	48
16	50
16	56
16	58
16	59
16	60
16	62
16	63
16	64
16	66
16	67
16	68
16	69
16	70
16	71
16	72
16	76
16	80
16	81
16	82
16	83
16	84
16	86
16	87
16	88
16	89
16	91
16	92
16	93
16	94
16	95
16	96
16	97
16	98
16	99
16	100
16	102
16	103
16	104
16	106
16	107
17	1
17	2
17	3
17	4
17	5
17	7
17	8
17	9
17	11
17	12
17	13
17	14
17	15
17	16
17	17
17	18
17	20
17	23
17	24
17	31
17	35
17	37
17	38
17	40
17	41
17	44
17	46
17	48
17	51
17	54
17	57
17	60
17	61
17	62
17	63
17	64
17	65
17	66
17	69
17	71
17	72
17	75
17	76
17	79
17	83
17	84
17	85
17	86
17	91
17	93
17	94
17	95
17	96
17	98
17	99
17	100
17	102
17	105
17	106
17	107
18	1
18	3
18	4
18	7
18	8
18	10
18	11
18	12
18	16
18	18
18	19
18	20
18	29
18	30
18	31
18	32
18	34
18	35
18	36
18	38
18	41
18	42
18	43
18	44
18	45
18	50
18	51
18	52
18	53
18	54
18	57
18	59
18	60
18	64
18	66
18	67
18	68
18	69
18	70
18	73
18	74
18	75
18	77
18	81
18	82
18	84
18	85
18	87
18	88
18	90
18	91
18	93
18	94
18	95
18	96
18	97
18	98
18	100
18	101
18	103
18	104
18	105
18	106
18	107
19	2
19	3
19	4
19	8
19	10
19	12
19	15
19	16
19	17
19	18
19	19
19	22
19	23
19	24
19	25
19	26
19	28
19	29
19	30
19	31
19	34
19	35
19	36
19	37
19	38
19	41
19	42
19	43
19	44
19	45
19	46
19	48
19	49
19	50
19	52
19	53
19	54
19	55
19	58
19	60
19	61
19	62
19	63
19	65
19	66
19	67
19	68
19	69
19	70
19	71
19	72
19	73
19	74
19	75
19	77
19	79
19	80
19	82
19	84
19	86
19	87
19	89
19	92
19	93
19	94
19	95
19	96
19	97
19	99
19	100
19	102
19	103
19	105
20	2
20	4
20	5
20	6
20	7
20	9
20	10
20	11
20	12
20	13
20	15
20	18
20	19
20	23
20	24
20	26
20	27
20	28
20	29
20	30
20	36
20	39
20	40
20	41
20	42
20	43
20	46
20	48
20	50
20	52
20	56
20	58
20	60
20	61
20	63
20	66
20	67
20	68
20	69
20	70
20	71
20	73
20	74
20	75
20	78
20	80
20	82
20	83
20	85
20	89
20	90
20	91
20	92
20	93
20	94
20	95
20	96
20	97
20	98
20	99
20	100
20	101
20	102
20	103
20	104
20	105
20	106
20	107
21	2
21	3
21	4
21	7
21	8
21	10
21	11
21	12
21	13
21	16
21	17
21	18
21	20
21	21
21	22
21	23
21	26
21	28
21	31
21	32
21	33
21	34
21	35
21	36
21	37
21	38
21	41
21	42
21	44
21	45
21	46
21	47
21	48
21	49
21	51
21	52
21	54
21	55
21	56
21	59
21	60
21	61
21	63
21	66
21	67
21	69
21	70
21	73
21	75
21	76
21	78
21	79
21	80
21	82
21	83
21	84
21	85
21	86
21	87
21	88
21	90
21	91
21	92
21	93
21	94
21	97
21	98
21	99
21	100
21	101
21	103
21	105
21	106
21	107
22	1
22	2
22	4
22	6
22	7
22	8
22	9
22	12
22	13
22	14
22	15
22	16
22	21
22	23
22	24
22	27
22	29
22	32
22	34
22	35
22	36
22	37
22	39
22	40
22	41
22	42
22	45
22	48
22	51
22	52
22	56
22	58
22	60
22	61
22	62
22	64
22	66
22	67
22	68
22	69
22	71
22	72
22	73
22	74
22	75
22	76
22	77
22	78
22	80
22	82
22	83
22	84
22	86
22	88
22	90
22	91
22	92
22	93
22	94
22	95
22	97
22	98
22	104
22	105
22	106
23	2
23	3
23	6
23	7
23	8
23	10
23	11
23	13
23	14
23	16
23	17
23	18
23	19
23	21
23	24
23	25
23	26
23	27
23	28
23	29
23	30
23	31
23	33
23	34
23	35
23	36
23	37
23	38
23	41
23	45
23	46
23	47
23	51
23	52
23	53
23	56
23	58
23	59
23	61
23	63
23	64
23	66
23	68
23	71
23	72
23	73
23	74
23	76
23	78
23	79
23	80
23	81
23	82
23	83
23	85
23	86
23	87
23	88
23	89
23	90
23	91
23	92
23	93
23	94
23	96
23	97
23	98
23	100
23	101
23	105
23	107
24	1
24	2
24	3
24	4
24	5
24	6
24	7
24	8
24	9
24	10
24	11
24	12
24	14
24	16
24	17
24	21
24	22
24	26
24	27
24	28
24	32
24	35
24	37
24	38
24	41
24	42
24	44
24	45
24	46
24	48
24	54
24	55
24	57
24	58
24	59
24	60
24	63
24	66
24	70
24	71
24	72
24	75
24	76
24	77
24	78
24	80
24	81
24	82
24	83
24	84
24	85
24	86
24	87
24	88
24	89
24	90
24	91
24	95
24	96
24	97
24	98
24	100
24	101
24	105
24	106
24	107
25	3
25	4
25	5
25	6
25	11
25	12
25	13
25	14
25	16
25	18
25	19
25	20
25	22
25	24
25	25
25	28
25	30
25	31
25	33
25	34
25	35
25	38
25	40
25	42
25	43
25	44
25	47
25	48
25	50
25	51
25	53
25	54
25	57
25	59
25	60
25	61
25	62
25	64
25	66
25	67
25	68
25	69
25	70
25	71
25	72
25	74
25	76
25	77
25	78
25	79
25	80
25	81
25	82
25	88
25	89
25	90
25	92
25	93
25	95
25	98
25	100
25	101
25	103
25	104
25	105
25	106
25	107
26	1
26	2
26	3
26	4
26	6
26	9
26	10
26	11
26	12
26	13
26	14
26	15
26	16
26	17
26	18
26	19
26	20
26	24
26	25
26	26
26	27
26	29
26	32
26	34
26	35
26	36
26	37
26	39
26	40
26	42
26	43
26	44
26	45
26	48
26	52
26	53
26	54
26	55
26	56
26	57
26	58
26	59
26	60
26	61
26	62
26	63
26	65
26	66
26	67
26	68
26	69
26	70
26	72
26	73
26	74
26	75
26	77
26	80
26	81
26	82
26	84
26	85
26	88
26	89
26	90
26	94
26	95
26	97
26	99
26	100
26	102
26	104
26	106
27	1
27	2
27	5
27	6
27	7
27	8
27	10
27	11
27	13
27	14
27	15
27	16
27	17
27	18
27	20
27	21
27	22
27	23
27	25
27	26
27	27
27	28
27	29
27	31
27	32
27	38
27	40
27	41
27	43
27	44
27	45
27	47
27	49
27	50
27	51
27	54
27	56
27	57
27	58
27	60
27	63
27	64
27	66
27	69
27	72
27	73
27	74
27	76
27	77
27	78
27	79
27	80
27	87
27	88
27	91
27	93
27	95
27	96
27	97
27	98
27	99
27	101
27	107
28	2
28	4
28	5
28	6
28	7
28	8
28	9
28	13
28	14
28	15
28	17
28	18
28	20
28	22
28	23
28	24
28	26
28	27
28	28
28	29
28	30
28	32
28	33
28	34
28	35
28	37
28	42
28	46
28	47
28	48
28	50
28	51
28	52
28	53
28	54
28	55
28	56
28	57
28	58
28	60
28	61
28	62
28	63
28	64
28	67
28	68
28	69
28	73
28	74
28	77
28	78
28	79
28	82
28	83
28	86
28	87
28	88
28	90
28	91
28	93
28	97
28	98
28	99
28	100
28	101
28	102
28	104
28	105
28	107
29	1
29	2
29	3
29	5
29	6
29	8
29	9
29	10
29	12
29	13
29	14
29	15
29	16
29	19
29	20
29	23
29	24
29	26
29	27
29	30
29	32
29	34
29	35
29	41
29	43
29	44
29	45
29	46
29	49
29	50
29	52
29	53
29	56
29	58
29	59
29	61
29	64
29	65
29	66
29	67
29	70
29	71
29	72
29	76
29	78
29	80
29	86
29	87
29	88
29	91
29	92
29	93
29	95
29	96
29	98
29	99
29	104
29	105
29	106
30	1
30	3
30	4
30	7
30	8
30	12
30	13
30	14
30	16
30	19
30	21
30	22
30	23
30	25
30	26
30	27
30	28
30	29
30	30
30	31
30	32
30	33
30	34
30	35
30	37
30	38
30	40
30	41
30	45
30	46
30	47
30	48
30	50
30	51
30	52
30	53
30	54
30	56
30	57
30	58
30	59
30	60
30	61
30	63
30	64
30	66
30	68
30	69
30	74
30	76
30	77
30	78
30	80
30	82
30	84
30	87
30	88
30	89
30	91
30	92
30	94
30	95
30	96
30	99
30	101
30	102
30	103
30	105
30	106
31	1
31	2
31	3
31	5
31	7
31	9
31	10
31	11
31	13
31	14
31	15
31	16
31	19
31	20
31	21
31	24
31	26
31	27
31	28
31	31
31	32
31	36
31	37
31	38
31	39
31	40
31	41
31	43
31	44
31	45
31	46
31	47
31	49
31	50
31	52
31	53
31	54
31	57
31	58
31	60
31	62
31	63
31	64
31	65
31	66
31	67
31	68
31	70
31	71
31	73
31	77
31	78
31	79
31	80
31	84
31	85
31	87
31	88
31	89
31	90
31	93
31	95
31	97
31	99
31	100
31	105
31	106
31	107
32	4
32	5
32	10
32	13
32	14
32	15
32	17
32	18
32	20
32	21
32	22
32	23
32	25
32	26
32	29
32	30
32	31
32	32
32	34
32	35
32	36
32	37
32	39
32	41
32	42
32	45
32	46
32	47
32	49
32	50
32	51
32	52
32	53
32	54
32	57
32	59
32	60
32	61
32	62
32	65
32	67
32	70
32	71
32	73
32	74
32	77
32	78
32	80
32	81
32	83
32	84
32	85
32	87
32	88
32	90
32	92
32	93
32	96
32	97
32	98
32	101
32	103
32	104
32	105
32	106
32	107
33	1
33	2
33	3
33	4
33	5
33	6
33	7
33	8
33	9
33	10
33	11
33	12
33	13
33	14
33	15
33	17
33	18
33	19
33	20
33	22
33	24
33	26
33	27
33	28
33	30
33	31
33	34
33	35
33	37
33	39
33	43
33	44
33	45
33	46
33	47
33	48
33	49
33	51
33	52
33	53
33	55
33	57
33	60
33	61
33	62
33	66
33	67
33	68
33	69
33	71
33	75
33	78
33	80
33	81
33	82
33	83
33	84
33	85
33	86
33	87
33	92
33	93
33	96
33	97
33	98
33	99
33	100
33	101
33	103
33	104
33	106
33	107
34	1
34	4
34	5
34	6
34	7
34	8
34	12
34	14
34	15
34	16
34	17
34	18
34	19
34	20
34	23
34	26
34	28
34	30
34	31
34	36
34	37
34	38
34	40
34	42
34	44
34	46
34	48
34	50
34	51
34	53
34	55
34	57
34	58
34	62
34	64
34	65
34	67
34	68
34	69
34	72
34	73
34	75
34	79
34	80
34	81
34	83
34	84
34	85
34	86
34	87
34	88
34	89
34	90
34	91
34	92
34	93
34	94
34	95
34	96
34	98
34	99
34	100
34	101
34	102
34	103
34	104
34	106
34	107
35	1
35	5
35	7
35	8
35	10
35	13
35	15
35	18
35	19
35	22
35	23
35	26
35	27
35	28
35	29
35	31
35	34
35	35
35	36
35	40
35	42
35	43
35	44
35	45
35	46
35	47
35	49
35	50
35	52
35	54
35	55
35	58
35	59
35	60
35	62
35	64
35	68
35	69
35	76
35	77
35	79
35	80
35	83
35	84
35	87
35	88
35	89
35	90
35	91
35	92
35	94
35	95
35	96
35	97
35	98
35	100
36	1
36	3
36	4
36	5
36	6
36	7
36	8
36	9
36	11
36	13
36	14
36	15
36	17
36	18
36	20
36	21
36	23
36	24
36	25
36	26
36	28
36	30
36	32
36	33
36	35
36	36
36	37
36	38
36	40
36	42
36	43
36	44
36	45
36	46
36	47
36	48
36	49
36	50
36	51
36	52
36	54
36	55
36	57
36	58
36	60
36	62
36	63
36	64
36	65
36	68
36	69
36	70
36	71
36	73
36	74
36	76
36	78
36	80
36	81
36	83
36	84
36	86
36	87
36	89
36	90
36	92
36	94
36	95
36	98
36	100
36	102
36	105
37	1
37	2
37	3
37	4
37	6
37	8
37	9
37	11
37	12
37	13
37	14
37	15
37	16
37	19
37	20
37	21
37	28
37	29
37	32
37	33
37	34
37	35
37	37
37	38
37	40
37	46
37	51
37	53
37	56
37	58
37	60
37	61
37	63
37	64
37	67
37	69
37	70
37	71
37	72
37	75
37	76
37	77
37	79
37	80
37	81
37	83
37	84
37	86
37	87
37	90
37	91
37	92
37	94
37	95
37	96
37	97
37	98
37	99
37	101
37	102
37	103
37	104
37	106
37	107
38	2
38	4
38	5
38	6
38	10
38	12
38	14
38	15
38	16
38	17
38	19
38	22
38	23
38	24
38	26
38	27
38	28
38	29
38	33
38	35
38	36
38	39
38	40
38	42
38	43
38	44
38	45
38	46
38	47
38	49
38	50
38	52
38	53
38	54
38	56
38	57
38	58
38	59
38	61
38	62
38	63
38	66
38	67
38	68
38	69
38	71
38	73
38	75
38	76
38	77
38	80
38	81
38	82
38	83
38	85
38	87
38	90
38	91
38	93
38	96
38	98
38	99
38	100
38	101
38	102
38	106
38	107
39	2
39	4
39	5
39	6
39	7
39	9
39	11
39	13
39	14
39	16
39	19
39	20
39	22
39	23
39	25
39	26
39	27
39	28
39	29
39	30
39	31
39	34
39	38
39	39
39	40
39	44
39	45
39	48
39	49
39	50
39	52
39	53
39	54
39	56
39	57
39	59
39	60
39	61
39	62
39	64
39	65
39	66
39	69
39	73
39	74
39	80
39	82
39	83
39	85
39	86
39	87
39	88
39	89
39	90
39	93
39	95
39	96
39	99
39	100
39	102
39	104
39	105
39	106
40	1
40	2
40	4
40	5
40	6
40	7
40	8
40	11
40	12
40	13
40	14
40	15
40	16
40	18
40	19
40	21
40	22
40	23
40	24
40	25
40	26
40	27
40	29
40	30
40	31
40	32
40	33
40	35
40	36
40	37
40	39
40	40
40	41
40	43
40	45
40	46
40	47
40	48
40	49
40	50
40	52
40	54
40	58
40	63
40	64
40	65
40	66
40	68
40	69
40	70
40	71
40	72
40	74
40	76
40	77
40	79
40	80
40	82
40	83
40	84
40	86
40	88
40	91
40	94
40	95
40	97
40	98
40	99
40	100
40	101
40	102
40	107
41	1
41	5
41	6
41	7
41	11
41	13
41	15
41	16
41	17
41	18
41	20
41	21
41	22
41	23
41	25
41	33
41	34
41	35
41	36
41	38
41	39
41	40
41	41
41	42
41	43
41	44
41	46
41	47
41	48
41	49
41	50
41	51
41	52
41	55
41	57
41	59
41	61
41	63
41	64
41	65
41	66
41	67
41	68
41	69
41	70
41	71
41	72
41	73
41	74
41	75
41	77
41	80
41	82
41	85
41	86
41	87
41	88
41	90
41	91
41	92
41	93
41	96
41	99
41	101
41	103
42	1
42	2
42	4
42	11
42	12
42	13
42	14
42	15
42	16
42	18
42	19
42	20
42	22
42	23
42	25
42	26
42	29
42	30
42	31
42	33
42	36
42	38
42	39
42	40
42	41
42	43
42	45
42	46
42	47
42	48
42	49
42	50
42	51
42	53
42	54
42	55
42	56
42	57
42	58
42	60
42	63
42	65
42	67
42	68
42	70
42	72
42	74
42	75
42	76
42	77
42	80
42	81
42	82
42	84
42	88
42	89
42	90
42	91
42	92
42	94
42	97
42	98
42	99
42	100
42	104
42	105
42	106
43	1
43	2
43	3
43	4
43	5
43	6
43	7
43	8
43	10
43	11
43	12
43	13
43	14
43	15
43	17
43	18
43	19
43	20
43	21
43	25
43	26
43	29
43	31
43	33
43	35
43	36
43	37
43	39
43	40
43	43
43	45
43	46
43	48
43	50
43	52
43	57
43	58
43	59
43	61
43	63
43	66
43	67
43	69
43	70
43	71
43	74
43	75
43	77
43	79
43	81
43	82
43	83
43	85
43	86
43	88
43	90
43	91
43	93
43	94
43	96
43	97
43	98
43	99
43	100
43	102
43	104
43	105
43	107
44	2
44	3
44	4
44	7
44	8
44	9
44	10
44	12
44	14
44	15
44	17
44	18
44	20
44	21
44	22
44	23
44	24
44	25
44	26
44	31
44	32
44	33
44	34
44	36
44	39
44	41
44	42
44	43
44	45
44	46
44	47
44	48
44	53
44	55
44	56
44	57
44	60
44	61
44	62
44	63
44	64
44	67
44	69
44	71
44	74
44	75
44	77
44	78
44	80
44	82
44	85
44	86
44	91
44	92
44	93
44	94
44	95
44	96
44	98
44	99
44	100
44	102
44	105
44	106
45	3
45	5
45	6
45	12
45	13
45	16
45	18
45	19
45	21
45	22
45	24
45	25
45	27
45	28
45	29
45	31
45	33
45	34
45	39
45	40
45	41
45	42
45	44
45	46
45	47
45	48
45	49
45	51
45	52
45	54
45	55
45	56
45	57
45	58
45	59
45	60
45	61
45	65
45	66
45	69
45	71
45	72
45	73
45	74
45	79
45	80
45	81
45	82
45	84
45	86
45	88
45	90
45	91
45	92
45	93
45	94
45	96
45	98
45	99
45	101
45	102
45	104
45	105
45	106
46	2
46	3
46	4
46	5
46	7
46	8
46	10
46	12
46	13
46	14
46	15
46	17
46	19
46	20
46	22
46	25
46	27
46	28
46	29
46	30
46	32
46	34
46	35
46	37
46	39
46	40
46	41
46	42
46	44
46	45
46	46
46	47
46	48
46	50
46	51
46	53
46	54
46	55
46	56
46	57
46	59
46	60
46	61
46	62
46	63
46	65
46	69
46	71
46	72
46	73
46	74
46	77
46	78
46	79
46	80
46	81
46	82
46	83
46	84
46	85
46	86
46	87
46	88
46	89
46	91
46	92
46	97
46	99
46	101
46	102
46	103
46	104
47	3
47	6
47	7
47	8
47	9
47	10
47	11
47	12
47	13
47	14
47	16
47	17
47	19
47	21
47	22
47	23
47	24
47	29
47	30
47	33
47	34
47	36
47	37
47	38
47	39
47	40
47	41
47	42
47	43
47	44
47	46
47	47
47	48
47	49
47	50
47	51
47	52
47	53
47	55
47	57
47	59
47	63
47	64
47	65
47	67
47	68
47	69
47	70
47	72
47	73
47	74
47	75
47	76
47	78
47	79
47	82
47	83
47	85
47	86
47	87
47	90
47	92
47	94
47	99
47	100
47	101
47	102
47	104
47	107
48	1
48	2
48	4
48	6
48	7
48	8
48	9
48	10
48	11
48	12
48	13
48	14
48	16
48	18
48	21
48	22
48	23
48	24
48	26
48	27
48	28
48	30
48	31
48	32
48	33
48	34
48	35
48	36
48	37
48	38
48	39
48	40
48	41
48	42
48	43
48	47
48	48
48	49
48	52
48	58
48	62
48	64
48	65
48	68
48	69
48	72
48	73
48	74
48	76
48	77
48	78
48	79
48	80
48	81
48	82
48	84
48	87
48	88
48	90
48	91
48	93
48	94
48	95
48	96
48	102
48	103
48	106
48	107
49	1
49	3
49	4
49	5
49	8
49	9
49	14
49	15
49	17
49	18
49	19
49	21
49	22
49	23
49	24
49	25
49	26
49	28
49	29
49	30
49	31
49	32
49	34
49	36
49	37
49	38
49	39
49	40
49	41
49	42
49	44
49	46
49	47
49	51
49	52
49	55
49	58
49	60
49	61
49	64
49	65
49	66
49	67
49	69
49	70
49	71
49	73
49	77
49	79
49	80
49	81
49	82
49	83
49	84
49	85
49	86
49	88
49	89
49	90
49	92
49	94
49	95
49	96
49	97
49	99
49	100
49	104
49	105
49	106
49	107
50	1
50	4
50	5
50	9
50	10
50	11
50	13
50	14
50	15
50	16
50	21
50	22
50	23
50	27
50	29
50	31
50	32
50	34
50	35
50	36
50	40
50	41
50	42
50	43
50	44
50	45
50	46
50	47
50	48
50	49
50	50
50	53
50	61
50	62
50	63
50	64
50	66
50	67
50	68
50	69
50	70
50	71
50	73
50	77
50	79
50	80
50	82
50	84
50	86
50	87
50	88
50	90
50	92
50	93
50	94
50	95
50	96
50	97
50	98
50	102
50	103
50	104
50	105
51	4
51	5
51	6
51	8
51	9
51	11
51	12
51	13
51	16
51	17
51	19
51	20
51	21
51	22
51	23
51	25
51	26
51	27
51	28
51	29
51	30
51	32
51	33
51	35
51	36
51	37
51	38
51	39
51	40
51	41
51	42
51	43
51	44
51	45
51	46
51	47
51	48
51	49
51	51
51	52
51	53
51	54
51	55
51	56
51	57
51	59
51	60
51	62
51	63
51	64
51	65
51	66
51	67
51	68
51	69
51	72
51	73
51	77
51	80
51	81
51	82
51	84
51	89
51	90
51	94
51	98
51	101
51	103
51	104
51	105
51	106
51	107
52	3
52	4
52	5
52	6
52	9
52	12
52	14
52	16
52	17
52	19
52	20
52	22
52	23
52	25
52	28
52	29
52	34
52	35
52	37
52	38
52	39
52	41
52	42
52	45
52	46
52	47
52	48
52	49
52	50
52	54
52	55
52	57
52	59
52	60
52	61
52	62
52	63
52	64
52	66
52	72
52	73
52	74
52	75
52	76
52	78
52	79
52	80
52	81
52	83
52	85
52	86
52	89
52	93
52	94
52	95
52	96
52	99
52	100
52	101
52	102
52	103
52	104
52	106
53	3
53	5
53	11
53	13
53	17
53	19
53	20
53	22
53	23
53	25
53	26
53	28
53	30
53	31
53	32
53	33
53	35
53	37
53	39
53	40
53	42
53	46
53	48
53	49
53	50
53	53
53	55
53	56
53	57
53	58
53	61
53	62
53	63
53	66
53	72
53	74
53	76
53	78
53	79
53	80
53	82
53	84
53	88
53	95
53	96
53	97
53	98
53	99
53	101
53	103
53	105
53	107
54	1
54	2
54	3
54	4
54	7
54	9
54	11
54	14
54	15
54	16
54	17
54	20
54	21
54	22
54	24
54	30
54	33
54	34
54	35
54	38
54	39
54	40
54	41
54	42
54	43
54	45
54	46
54	47
54	48
54	49
54	50
54	51
54	52
54	53
54	54
54	61
54	63
54	65
54	66
54	67
54	68
54	69
54	70
54	71
54	72
54	73
54	74
54	75
54	76
54	78
54	81
54	84
54	85
54	88
54	92
54	93
54	94
54	95
54	96
54	97
54	98
54	99
54	100
54	103
54	104
54	106
55	1
55	2
55	3
55	4
55	5
55	6
55	9
55	10
55	11
55	13
55	14
55	15
55	16
55	17
55	18
55	21
55	22
55	23
55	25
55	26
55	27
55	29
55	30
55	31
55	32
55	34
55	35
55	37
55	38
55	39
55	40
55	43
55	44
55	45
55	47
55	50
55	51
55	54
55	55
55	60
55	61
55	62
55	63
55	65
55	66
55	68
55	69
55	71
55	73
55	74
55	75
55	76
55	78
55	79
55	80
55	81
55	83
55	85
55	86
55	87
55	88
55	91
55	92
55	94
55	96
55	97
55	98
55	99
55	100
55	101
55	102
55	103
55	104
55	106
56	1
56	2
56	3
56	4
56	6
56	7
56	9
56	10
56	12
56	14
56	15
56	16
56	17
56	20
56	21
56	22
56	23
56	24
56	25
56	26
56	27
56	28
56	29
56	32
56	33
56	37
56	39
56	41
56	42
56	43
56	46
56	47
56	48
56	49
56	50
56	51
56	54
56	58
56	59
56	61
56	62
56	63
56	65
56	66
56	69
56	70
56	71
56	72
56	75
56	76
56	78
56	79
56	81
56	82
56	83
56	85
56	87
56	88
56	91
56	92
56	93
56	94
56	95
56	97
56	100
56	101
56	104
56	106
56	107
57	1
57	2
57	5
57	7
57	10
57	11
57	12
57	13
57	15
57	18
57	19
57	20
57	21
57	23
57	25
57	26
57	28
57	29
57	33
57	36
57	37
57	41
57	42
57	43
57	45
57	46
57	47
57	48
57	49
57	50
57	51
57	52
57	54
57	55
57	56
57	57
57	60
57	61
57	62
57	66
57	67
57	69
57	71
57	74
57	77
57	78
57	79
57	80
57	81
57	82
57	83
57	86
57	88
57	89
57	90
57	91
57	92
57	95
57	98
57	99
57	102
57	103
57	105
57	106
57	107
58	2
58	3
58	4
58	8
58	10
58	12
58	14
58	16
58	18
58	19
58	21
58	22
58	23
58	25
58	26
58	30
58	31
58	32
58	33
58	34
58	35
58	36
58	37
58	41
58	43
58	44
58	45
58	46
58	48
58	51
58	52
58	53
58	54
58	55
58	56
58	57
58	58
58	60
58	61
58	62
58	63
58	64
58	65
58	66
58	69
58	72
58	73
58	77
58	78
58	80
58	81
58	82
58	83
58	84
58	85
58	87
58	88
58	89
58	90
58	91
58	93
58	97
58	99
58	101
58	102
58	103
58	106
59	1
59	2
59	3
59	5
59	6
59	10
59	12
59	13
59	14
59	15
59	16
59	19
59	20
59	21
59	22
59	23
59	25
59	26
59	27
59	29
59	31
59	32
59	33
59	34
59	36
59	37
59	39
59	40
59	41
59	42
59	43
59	45
59	46
59	48
59	49
59	52
59	55
59	57
59	58
59	59
59	61
59	63
59	64
59	65
59	66
59	67
59	71
59	72
59	73
59	77
59	78
59	82
59	83
59	84
59	85
59	86
59	87
59	88
59	90
59	94
59	95
59	98
59	100
59	101
59	102
59	106
59	107
60	2
60	3
60	4
60	5
60	6
60	7
60	8
60	10
60	12
60	14
60	15
60	19
60	22
60	23
60	24
60	25
60	26
60	27
60	28
60	30
60	31
60	34
60	35
60	36
60	37
60	39
60	40
60	42
60	44
60	46
60	48
60	51
60	52
60	53
60	54
60	58
60	60
60	62
60	63
60	64
60	65
60	67
60	69
60	70
60	71
60	72
60	76
60	77
60	78
60	79
60	80
60	82
60	83
60	84
60	85
60	86
60	87
60	88
60	90
60	92
60	95
60	96
60	98
60	99
60	101
60	102
60	103
60	104
60	106
61	1
61	2
61	3
61	4
61	6
61	7
61	8
61	9
61	12
61	13
61	14
61	16
61	19
61	22
61	23
61	24
61	25
61	27
61	29
61	30
61	31
61	32
61	33
61	34
61	35
61	38
61	41
61	42
61	44
61	45
61	48
61	49
61	50
61	56
61	59
61	61
61	62
61	65
61	66
61	67
61	68
61	70
61	73
61	74
61	76
61	77
61	78
61	79
61	81
61	83
61	87
61	88
61	89
61	92
61	93
61	95
61	96
61	98
61	100
61	101
61	102
61	103
61	104
61	106
61	107
62	1
62	2
62	3
62	4
62	5
62	6
62	7
62	9
62	12
62	13
62	14
62	16
62	17
62	18
62	20
62	21
62	22
62	23
62	24
62	26
62	28
62	30
62	32
62	33
62	34
62	35
62	36
62	37
62	39
62	40
62	41
62	42
62	43
62	46
62	48
62	50
62	51
62	53
62	55
62	57
62	58
62	59
62	60
62	61
62	62
62	65
62	71
62	72
62	73
62	75
62	76
62	78
62	79
62	80
62	83
62	85
62	86
62	87
62	88
62	91
62	93
62	94
62	95
62	96
62	98
62	99
62	100
62	103
62	104
63	2
63	4
63	7
63	9
63	14
63	16
63	17
63	18
63	20
63	22
63	23
63	24
63	25
63	26
63	28
63	29
63	30
63	31
63	33
63	34
63	36
63	37
63	38
63	39
63	41
63	42
63	46
63	47
63	48
63	49
63	50
63	51
63	53
63	54
63	55
63	56
63	58
63	59
63	60
63	62
63	63
63	64
63	67
63	68
63	69
63	71
63	72
63	75
63	76
63	79
63	80
63	82
63	84
63	85
63	86
63	89
63	90
63	91
63	94
63	96
63	98
63	100
63	103
63	104
63	105
63	106
63	107
64	1
64	2
64	4
64	5
64	6
64	8
64	9
64	11
64	12
64	13
64	15
64	16
64	17
64	18
64	19
64	20
64	21
64	23
64	25
64	27
64	28
64	30
64	33
64	35
64	36
64	37
64	39
64	41
64	42
64	43
64	44
64	45
64	46
64	49
64	51
64	53
64	55
64	56
64	59
64	61
64	62
64	64
64	66
64	67
64	70
64	71
64	72
64	73
64	74
64	75
64	77
64	79
64	81
64	82
64	84
64	85
64	87
64	88
64	89
64	91
64	92
64	93
64	94
64	95
64	97
64	99
64	100
64	102
64	103
64	104
64	106
65	1
65	2
65	3
65	4
65	5
65	6
65	8
65	9
65	11
65	12
65	13
65	14
65	15
65	17
65	19
65	21
65	22
65	25
65	27
65	28
65	29
65	31
65	32
65	33
65	37
65	38
65	39
65	41
65	42
65	43
65	44
65	45
65	46
65	47
65	49
65	51
65	53
65	54
65	56
65	58
65	60
65	61
65	63
65	64
65	65
65	66
65	67
65	68
65	70
65	71
65	72
65	75
65	79
65	80
65	82
65	84
65	85
65	86
65	88
65	89
65	90
65	91
65	92
65	93
65	94
65	97
65	98
65	99
65	100
65	101
65	103
65	104
65	105
65	107
66	2
66	3
66	4
66	5
66	7
66	8
66	9
66	11
66	13
66	14
66	16
66	17
66	18
66	19
66	20
66	23
66	24
66	28
66	29
66	31
66	32
66	33
66	35
66	36
66	37
66	38
66	39
66	40
66	41
66	42
66	48
66	49
66	50
66	53
66	54
66	56
66	57
66	58
66	59
66	60
66	62
66	64
66	66
66	67
66	68
66	69
66	70
66	72
66	74
66	75
66	76
66	77
66	80
66	82
66	83
66	85
66	87
66	91
66	92
66	94
66	98
66	100
66	103
66	104
66	105
66	106
66	107
67	2
67	4
67	7
67	8
67	9
67	10
67	12
67	13
67	17
67	19
67	20
67	21
67	22
67	23
67	26
67	29
67	31
67	33
67	34
67	37
67	38
67	40
67	41
67	43
67	44
67	45
67	46
67	47
67	48
67	50
67	52
67	53
67	54
67	55
67	60
67	61
67	62
67	64
67	67
67	70
67	71
67	72
67	74
67	75
67	76
67	78
67	79
67	80
67	81
67	82
67	83
67	85
67	86
67	90
67	91
67	93
67	94
67	95
67	96
67	97
67	98
67	99
67	103
67	104
68	1
68	2
68	4
68	5
68	6
68	9
68	10
68	11
68	12
68	13
68	15
68	18
68	21
68	22
68	24
68	25
68	27
68	28
68	30
68	31
68	32
68	33
68	34
68	35
68	37
68	38
68	41
68	43
68	46
68	48
68	50
68	51
68	52
68	53
68	54
68	55
68	57
68	58
68	59
68	60
68	61
68	62
68	64
68	65
68	66
68	68
68	69
68	70
68	71
68	73
68	76
68	77
68	78
68	79
68	81
68	82
68	84
68	86
68	88
68	91
68	92
68	96
68	97
68	102
68	104
68	107
69	1
69	3
69	5
69	7
69	8
69	9
69	11
69	14
69	15
69	16
69	17
69	18
69	19
69	20
69	21
69	22
69	23
69	24
69	25
69	28
69	30
69	32
69	34
69	35
69	38
69	39
69	40
69	41
69	42
69	43
69	44
69	46
69	48
69	49
69	50
69	53
69	56
69	60
69	64
69	65
69	66
69	68
69	71
69	73
69	74
69	75
69	76
69	77
69	78
69	79
69	80
69	81
69	82
69	85
69	86
69	87
69	90
69	91
69	92
69	94
69	98
69	99
69	101
69	102
69	103
69	104
70	1
70	2
70	3
70	4
70	6
70	7
70	8
70	10
70	11
70	14
70	17
70	18
70	19
70	20
70	22
70	23
70	28
70	29
70	31
70	32
70	33
70	34
70	36
70	37
70	39
70	40
70	41
70	43
70	44
70	47
70	48
70	51
70	52
70	54
70	56
70	59
70	60
70	61
70	62
70	63
70	65
70	66
70	69
70	72
70	75
70	76
70	79
70	80
70	82
70	83
70	84
70	88
70	89
70	90
70	91
70	92
70	94
70	95
70	96
70	97
70	98
70	100
70	101
70	104
70	106
70	107
71	1
71	2
71	3
71	6
71	8
71	10
71	11
71	12
71	13
71	16
71	17
71	18
71	19
71	20
71	21
71	22
71	23
71	25
71	26
71	27
71	28
71	29
71	30
71	35
71	39
71	40
71	41
71	43
71	44
71	45
71	46
71	47
71	48
71	50
71	54
71	55
71	58
71	59
71	62
71	64
71	65
71	66
71	67
71	68
71	69
71	71
71	73
71	75
71	76
71	77
71	79
71	80
71	83
71	84
71	85
71	86
71	87
71	89
71	90
71	91
71	94
71	96
71	97
71	99
71	101
71	102
71	105
71	106
71	107
72	3
72	4
72	9
72	10
72	11
72	14
72	16
72	17
72	19
72	20
72	21
72	22
72	23
72	24
72	25
72	26
72	31
72	32
72	33
72	37
72	38
72	41
72	42
72	45
72	48
72	49
72	50
72	52
72	53
72	56
72	57
72	58
72	59
72	60
72	61
72	62
72	63
72	65
72	66
72	67
72	68
72	70
72	72
72	73
72	74
72	75
72	77
72	78
72	79
72	80
72	82
72	83
72	86
72	89
72	90
72	93
72	94
72	96
72	101
72	102
72	103
72	104
72	105
72	106
73	1
73	3
73	4
73	5
73	6
73	7
73	8
73	10
73	12
73	14
73	15
73	16
73	17
73	18
73	20
73	22
73	23
73	24
73	25
73	26
73	27
73	29
73	30
73	33
73	34
73	35
73	36
73	37
73	42
73	46
73	47
73	48
73	49
73	50
73	51
73	52
73	53
73	54
73	56
73	58
73	59
73	60
73	61
73	63
73	64
73	65
73	67
73	68
73	69
73	70
73	71
73	73
73	75
73	77
73	78
73	80
73	81
73	82
73	83
73	85
73	86
73	87
73	88
73	89
73	90
73	94
73	95
73	96
73	99
73	100
73	101
73	102
73	103
73	104
73	106
73	107
74	1
74	3
74	4
74	6
74	7
74	9
74	11
74	16
74	19
74	20
74	23
74	24
74	25
74	26
74	29
74	30
74	32
74	34
74	35
74	37
74	38
74	40
74	41
74	42
74	43
74	44
74	45
74	48
74	50
74	51
74	52
74	57
74	63
74	64
74	66
74	67
74	68
74	69
74	72
74	73
74	74
74	75
74	76
74	78
74	79
74	80
74	83
74	84
74	85
74	86
74	88
74	90
74	93
74	94
74	95
74	96
74	98
74	102
74	104
74	105
74	106
75	3
75	4
75	5
75	6
75	7
75	8
75	9
75	10
75	11
75	12
75	13
75	14
75	16
75	17
75	18
75	19
75	21
75	22
75	23
75	26
75	28
75	29
75	31
75	32
75	33
75	34
75	35
75	36
75	41
75	44
75	45
75	46
75	48
75	49
75	50
75	51
75	54
75	55
75	57
75	58
75	59
75	61
75	62
75	63
75	65
75	66
75	67
75	69
75	70
75	73
75	74
75	75
75	76
75	78
75	79
75	84
75	85
75	86
75	87
75	88
75	89
75	90
75	91
75	94
75	96
75	98
75	99
75	100
75	101
75	102
75	104
75	105
75	106
76	3
76	4
76	7
76	9
76	10
76	11
76	12
76	14
76	17
76	19
76	20
76	21
76	22
76	26
76	27
76	29
76	30
76	31
76	32
76	33
76	34
76	35
76	36
76	38
76	41
76	43
76	44
76	45
76	46
76	47
76	49
76	50
76	52
76	53
76	54
76	58
76	60
76	61
76	63
76	64
76	69
76	70
76	71
76	73
76	74
76	75
76	76
76	77
76	79
76	80
76	81
76	83
76	84
76	85
76	87
76	88
76	89
76	93
76	94
76	95
76	97
76	100
76	104
76	105
76	106
76	107
77	1
77	3
77	5
77	7
77	8
77	9
77	10
77	11
77	14
77	15
77	16
77	20
77	22
77	23
77	24
77	27
77	30
77	31
77	33
77	34
77	36
77	37
77	38
77	40
77	41
77	43
77	44
77	46
77	52
77	55
77	56
77	57
77	58
77	59
77	62
77	63
77	64
77	65
77	67
77	68
77	69
77	70
77	71
77	72
77	73
77	74
77	75
77	76
77	77
77	78
77	79
77	80
77	82
77	85
77	86
77	89
77	90
77	91
77	92
77	94
77	95
77	97
77	99
77	100
77	101
77	103
77	106
78	2
78	3
78	4
78	6
78	8
78	9
78	10
78	13
78	14
78	16
78	19
78	20
78	21
78	22
78	23
78	26
78	29
78	31
78	32
78	33
78	34
78	35
78	36
78	38
78	39
78	44
78	45
78	46
78	47
78	49
78	50
78	51
78	52
78	53
78	54
78	56
78	57
78	59
78	63
78	66
78	70
78	72
78	74
78	75
78	76
78	77
78	78
78	79
78	83
78	84
78	85
78	90
78	91
78	92
78	93
78	95
78	97
78	99
78	100
78	101
78	102
78	103
78	104
78	107
79	3
79	4
79	5
79	6
79	7
79	8
79	9
79	10
79	11
79	13
79	14
79	15
79	16
79	18
79	22
79	24
79	25
79	27
79	28
79	30
79	31
79	32
79	33
79	35
79	36
79	38
79	39
79	41
79	42
79	44
79	45
79	46
79	47
79	48
79	49
79	52
79	54
79	55
79	56
79	58
79	59
79	60
79	62
79	64
79	68
79	69
79	73
79	74
79	75
79	77
79	78
79	80
79	81
79	82
79	83
79	86
79	88
79	89
79	90
79	92
79	93
79	94
79	95
79	96
79	97
79	98
79	99
79	100
79	101
79	102
79	104
79	105
79	106
79	107
80	1
80	2
80	3
80	4
80	5
80	6
80	7
80	8
80	10
80	12
80	13
80	15
80	19
80	21
80	22
80	24
80	25
80	26
80	28
80	30
80	31
80	33
80	36
80	37
80	38
80	39
80	41
80	42
80	44
80	46
80	47
80	50
80	51
80	52
80	53
80	54
80	55
80	56
80	57
80	58
80	59
80	60
80	62
80	64
80	65
80	66
80	67
80	72
80	77
80	78
80	80
80	83
80	84
80	86
80	87
80	88
80	90
80	91
80	92
80	95
80	98
80	99
80	102
80	103
80	105
80	106
80	107
81	1
81	2
81	3
81	4
81	6
81	7
81	8
81	9
81	11
81	12
81	13
81	14
81	17
81	18
81	19
81	20
81	22
81	23
81	24
81	25
81	26
81	27
81	28
81	29
81	30
81	31
81	32
81	33
81	34
81	38
81	39
81	40
81	41
81	46
81	47
81	49
81	50
81	51
81	52
81	55
81	57
81	60
81	62
81	63
81	65
81	66
81	68
81	70
81	71
81	72
81	73
81	76
81	78
81	79
81	82
81	83
81	85
81	86
81	87
81	88
81	89
81	90
81	91
81	93
81	94
81	95
81	96
81	100
81	101
81	103
81	105
81	107
82	1
82	5
82	6
82	7
82	11
82	13
82	15
82	17
82	18
82	19
82	20
82	24
82	27
82	29
82	31
82	32
82	36
82	38
82	40
82	41
82	44
82	46
82	47
82	49
82	50
82	51
82	52
82	56
82	59
82	60
82	61
82	64
82	67
82	69
82	70
82	71
82	73
82	74
82	75
82	76
82	77
82	78
82	79
82	82
82	85
82	86
82	87
82	88
82	89
82	90
82	91
82	92
82	94
82	95
82	96
82	98
82	99
82	101
82	103
82	104
82	107
83	2
83	4
83	6
83	7
83	9
83	10
83	12
83	14
83	16
83	19
83	20
83	22
83	23
83	24
83	25
83	26
83	27
83	28
83	29
83	30
83	31
83	32
83	34
83	36
83	37
83	38
83	39
83	40
83	41
83	42
83	44
83	45
83	46
83	47
83	48
83	49
83	50
83	51
83	52
83	53
83	54
83	55
83	56
83	58
83	60
83	61
83	62
83	66
83	67
83	68
83	69
83	70
83	72
83	75
83	76
83	79
83	80
83	81
83	83
83	86
83	89
83	90
83	91
83	92
83	93
83	94
83	96
83	97
83	98
83	100
83	102
83	103
83	104
83	106
84	2
84	3
84	7
84	11
84	12
84	13
84	14
84	15
84	16
84	19
84	21
84	23
84	24
84	25
84	26
84	27
84	29
84	31
84	35
84	36
84	37
84	38
84	39
84	40
84	41
84	42
84	43
84	44
84	45
84	46
84	47
84	48
84	50
84	51
84	53
84	55
84	56
84	58
84	59
84	60
84	61
84	63
84	65
84	66
84	67
84	68
84	70
84	71
84	72
84	73
84	74
84	75
84	76
84	77
84	78
84	81
84	82
84	83
84	84
84	86
84	89
84	90
84	91
84	92
84	93
84	95
84	96
84	98
84	99
84	100
84	101
84	104
84	106
84	107
85	1
85	2
85	3
85	5
85	8
85	9
85	10
85	12
85	13
85	14
85	15
85	16
85	17
85	19
85	22
85	23
85	24
85	25
85	27
85	28
85	29
85	30
85	31
85	32
85	33
85	34
85	36
85	37
85	39
85	43
85	44
85	45
85	48
85	49
85	50
85	51
85	53
85	54
85	55
85	56
85	59
85	60
85	62
85	63
85	64
85	65
85	69
85	70
85	72
85	75
85	76
85	79
85	80
85	81
85	82
85	83
85	86
85	87
85	88
85	89
85	90
85	92
85	93
85	94
85	96
85	98
85	99
85	100
85	101
85	102
85	103
85	106
86	1
86	2
86	3
86	4
86	6
86	10
86	12
86	14
86	15
86	16
86	18
86	19
86	21
86	22
86	23
86	24
86	27
86	28
86	29
86	31
86	32
86	34
86	35
86	36
86	37
86	39
86	40
86	41
86	44
86	46
86	47
86	48
86	49
86	50
86	52
86	54
86	55
86	58
86	60
86	61
86	62
86	63
86	64
86	65
86	69
86	70
86	71
86	73
86	74
86	75
86	76
86	77
86	78
86	79
86	82
86	83
86	86
86	87
86	88
86	89
86	90
86	91
86	92
86	96
86	97
86	99
86	101
86	102
86	103
86	105
86	106
87	2
87	4
87	6
87	8
87	9
87	10
87	12
87	13
87	15
87	18
87	20
87	21
87	23
87	25
87	26
87	28
87	31
87	32
87	33
87	36
87	37
87	38
87	39
87	40
87	41
87	42
87	44
87	45
87	46
87	47
87	48
87	49
87	51
87	52
87	53
87	54
87	55
87	58
87	62
87	63
87	64
87	65
87	66
87	67
87	69
87	70
87	71
87	72
87	76
87	78
87	80
87	81
87	82
87	84
87	85
87	87
87	88
87	90
87	92
87	93
87	94
87	95
87	96
87	98
87	99
87	100
87	102
87	103
87	104
87	105
87	107
88	3
88	4
88	5
88	6
88	7
88	9
88	11
88	12
88	14
88	15
88	16
88	18
88	19
88	20
88	22
88	24
88	26
88	28
88	29
88	31
88	34
88	35
88	37
88	38
88	39
88	40
88	41
88	42
88	43
88	44
88	46
88	47
88	48
88	51
88	55
88	56
88	57
88	59
88	62
88	65
88	66
88	70
88	71
88	75
88	76
88	78
88	79
88	80
88	81
88	83
88	84
88	86
88	87
88	88
88	89
88	91
88	92
88	93
88	97
88	98
88	99
88	100
88	102
88	103
88	104
88	106
88	107
89	1
89	2
89	7
89	9
89	10
89	11
89	12
89	13
89	14
89	16
89	17
89	18
89	20
89	21
89	22
89	23
89	25
89	26
89	27
89	28
89	29
89	30
89	31
89	32
89	33
89	34
89	35
89	36
89	37
89	39
89	40
89	41
89	42
89	43
89	45
89	46
89	47
89	48
89	49
89	50
89	51
89	53
89	54
89	56
89	59
89	63
89	64
89	66
89	70
89	71
89	74
89	77
89	78
89	79
89	83
89	86
89	87
89	89
89	91
89	95
89	96
89	97
89	99
89	100
89	101
89	105
89	106
89	107
90	1
90	2
90	3
90	4
90	6
90	8
90	9
90	10
90	12
90	13
90	16
90	18
90	19
90	20
90	23
90	25
90	26
90	28
90	29
90	30
90	31
90	33
90	34
90	35
90	36
90	37
90	38
90	42
90	44
90	45
90	46
90	47
90	48
90	49
90	51
90	52
90	53
90	54
90	55
90	57
90	59
90	60
90	62
90	63
90	65
90	66
90	67
90	69
90	70
90	71
90	72
90	73
90	74
90	76
90	77
90	78
90	80
90	82
90	83
90	85
90	86
90	88
90	89
90	90
90	95
90	96
90	97
90	98
90	100
91	2
91	3
91	4
91	5
91	7
91	8
91	9
91	10
91	12
91	13
91	15
91	16
91	20
91	21
91	22
91	23
91	24
91	26
91	27
91	28
91	29
91	31
91	33
91	35
91	37
91	38
91	41
91	42
91	44
91	45
91	46
91	47
91	48
91	51
91	53
91	54
91	55
91	56
91	58
91	59
91	60
91	62
91	63
91	64
91	65
91	66
91	67
91	68
91	69
91	70
91	71
91	74
91	75
91	77
91	79
91	80
91	81
91	82
91	83
91	84
91	86
91	87
91	89
91	90
91	91
91	92
91	94
91	95
91	96
91	99
91	100
91	103
91	105
91	106
91	107
92	3
92	6
92	7
92	10
92	11
92	12
92	15
92	16
92	17
92	18
92	20
92	23
92	25
92	27
92	31
92	32
92	33
92	34
92	35
92	39
92	40
92	41
92	46
92	47
92	49
92	52
92	53
92	55
92	57
92	58
92	59
92	60
92	61
92	63
92	64
92	65
92	67
92	68
92	72
92	74
92	75
92	76
92	77
92	79
92	81
92	82
92	83
92	84
92	85
92	86
92	88
92	89
92	91
92	92
92	93
92	95
92	96
92	98
92	99
92	102
92	104
92	105
92	106
92	107
93	1
93	3
93	4
93	6
93	10
93	12
93	13
93	14
93	17
93	18
93	19
93	20
93	23
93	26
93	30
93	31
93	32
93	33
93	35
93	36
93	37
93	38
93	40
93	41
93	43
93	45
93	47
93	48
93	49
93	51
93	52
93	55
93	56
93	58
93	60
93	61
93	62
93	64
93	65
93	68
93	69
93	70
93	73
93	74
93	77
93	78
93	81
93	82
93	86
93	87
93	88
93	89
93	91
93	92
93	93
93	95
93	96
93	97
93	99
93	100
93	101
93	102
93	104
93	106
94	2
94	4
94	5
94	7
94	8
94	11
94	12
94	13
94	14
94	15
94	16
94	18
94	19
94	20
94	21
94	22
94	23
94	24
94	27
94	28
94	30
94	31
94	32
94	33
94	36
94	37
94	38
94	39
94	42
94	43
94	44
94	49
94	50
94	52
94	53
94	54
94	55
94	61
94	63
94	64
94	66
94	67
94	68
94	70
94	72
94	73
94	77
94	78
94	79
94	80
94	81
94	83
94	84
94	85
94	90
94	91
94	92
94	96
94	98
94	99
94	100
94	101
94	104
94	105
94	107
95	1
95	3
95	4
95	5
95	7
95	8
95	9
95	10
95	11
95	12
95	13
95	14
95	15
95	17
95	20
95	21
95	23
95	24
95	26
95	27
95	28
95	31
95	32
95	34
95	35
95	37
95	41
95	42
95	43
95	44
95	45
95	46
95	47
95	48
95	49
95	51
95	52
95	53
95	54
95	56
95	58
95	59
95	60
95	61
95	63
95	64
95	65
95	69
95	70
95	71
95	72
95	76
95	77
95	78
95	79
95	80
95	83
95	84
95	86
95	87
95	89
95	90
95	91
95	93
95	96
95	97
95	99
95	100
95	101
95	102
95	104
95	105
95	107
96	1
96	4
96	6
96	7
96	8
96	12
96	13
96	14
96	17
96	18
96	21
96	22
96	23
96	24
96	25
96	27
96	30
96	31
96	33
96	34
96	35
96	36
96	37
96	40
96	42
96	43
96	44
96	45
96	46
96	47
96	48
96	52
96	54
96	55
96	56
96	58
96	59
96	61
96	62
96	63
96	64
96	66
96	67
96	70
96	72
96	73
96	75
96	76
96	78
96	79
96	80
96	81
96	84
96	86
96	87
96	88
96	89
96	90
96	92
96	94
96	97
96	101
96	102
96	103
96	104
96	105
96	107
97	3
97	4
97	5
97	6
97	7
97	8
97	9
97	10
97	11
97	12
97	13
97	14
97	15
97	18
97	19
97	20
97	22
97	24
97	25
97	27
97	30
97	32
97	35
97	36
97	37
97	39
97	40
97	41
97	43
97	44
97	45
97	46
97	47
97	48
97	49
97	50
97	52
97	55
97	56
97	59
97	60
97	63
97	64
97	66
97	67
97	72
97	74
97	75
97	76
97	78
97	79
97	81
97	82
97	83
97	84
97	85
97	86
97	87
97	89
97	91
97	93
97	96
97	97
97	98
97	100
97	103
97	104
97	105
97	107
98	2
98	6
98	11
98	13
98	15
98	16
98	17
98	18
98	19
98	20
98	21
98	22
98	23
98	25
98	26
98	28
98	29
98	33
98	34
98	35
98	37
98	38
98	40
98	41
98	42
98	44
98	45
98	46
98	50
98	51
98	52
98	53
98	55
98	57
98	58
98	59
98	62
98	65
98	67
98	69
98	70
98	71
98	74
98	77
98	78
98	79
98	80
98	82
98	83
98	86
98	87
98	88
98	89
98	90
98	91
98	92
98	93
98	94
98	96
98	97
98	98
98	100
98	101
98	102
98	104
98	105
98	106
98	107
99	3
99	4
99	7
99	8
99	9
99	10
99	12
99	13
99	16
99	18
99	21
99	23
99	25
99	26
99	27
99	28
99	30
99	33
99	34
99	35
99	36
99	37
99	38
99	39
99	40
99	41
99	42
99	44
99	47
99	48
99	49
99	50
99	52
99	53
99	55
99	56
99	59
99	61
99	62
99	63
99	64
99	66
99	67
99	68
99	70
99	71
99	72
99	73
99	76
99	78
99	80
99	81
99	82
99	83
99	85
99	88
99	89
99	90
99	92
99	93
99	94
99	96
99	98
99	100
99	103
99	105
99	107
100	2
100	3
100	5
100	7
100	8
100	9
100	10
100	11
100	12
100	14
100	16
100	18
100	20
100	24
100	25
100	33
100	34
100	35
100	38
100	39
100	40
100	43
100	44
100	46
100	47
100	50
100	53
100	55
100	56
100	59
100	60
100	61
100	62
100	63
100	64
100	65
100	66
100	67
100	68
100	74
100	75
100	76
100	77
100	78
100	79
100	80
100	81
100	85
100	86
100	88
100	91
100	92
100	93
100	94
100	95
100	96
100	97
100	99
100	104
100	105
100	107
101	2
101	3
101	4
101	5
101	6
101	8
101	9
101	10
101	14
101	20
101	21
101	22
101	24
101	27
101	28
101	29
101	30
101	34
101	35
101	37
101	38
101	40
101	41
101	42
101	43
101	45
101	47
101	53
101	54
101	55
101	56
101	57
101	58
101	60
101	61
101	63
101	65
101	66
101	67
101	68
101	69
101	71
101	74
101	76
101	77
101	81
101	85
101	86
101	87
101	89
101	92
101	94
101	96
101	97
101	98
101	100
101	101
101	104
101	105
101	106
102	2
102	4
102	5
102	7
102	8
102	9
102	11
102	12
102	13
102	14
102	16
102	17
102	19
102	20
102	21
102	22
102	26
102	27
102	29
102	30
102	31
102	32
102	33
102	34
102	35
102	36
102	38
102	39
102	40
102	41
102	42
102	44
102	45
102	46
102	47
102	49
102	50
102	51
102	52
102	53
102	55
102	57
102	58
102	60
102	62
102	64
102	65
102	66
102	67
102	70
102	72
102	73
102	74
102	75
102	76
102	78
102	80
102	82
102	83
102	85
102	87
102	88
102	89
102	91
102	92
102	95
102	98
102	99
102	101
102	103
102	104
103	1
103	2
103	3
103	4
103	5
103	7
103	10
103	11
103	12
103	15
103	17
103	19
103	21
103	22
103	23
103	24
103	25
103	26
103	27
103	29
103	30
103	32
103	33
103	34
103	35
103	36
103	37
103	39
103	41
103	42
103	43
103	45
103	46
103	47
103	48
103	50
103	51
103	54
103	55
103	56
103	58
103	60
103	61
103	62
103	63
103	64
103	65
103	67
103	70
103	71
103	72
103	73
103	74
103	75
103	76
103	79
103	80
103	81
103	84
103	85
103	86
103	88
103	91
103	92
103	93
103	94
103	96
103	99
103	102
103	103
103	104
103	105
103	107
104	1
104	2
104	5
104	6
104	7
104	8
104	9
104	10
104	13
104	14
104	20
104	21
104	22
104	23
104	25
104	26
104	27
104	28
104	29
104	31
104	32
104	36
104	37
104	39
104	42
104	46
104	47
104	48
104	49
104	50
104	51
104	52
104	53
104	55
104	56
104	57
104	58
104	59
104	60
104	61
104	62
104	63
104	64
104	65
104	66
104	71
104	72
104	73
104	75
104	76
104	78
104	79
104	80
104	81
104	82
104	83
104	84
104	85
104	86
104	87
104	88
104	89
104	90
104	91
104	94
104	95
104	97
104	98
104	99
104	100
104	101
104	102
104	103
104	104
104	106
104	107
105	1
105	2
105	3
105	4
105	6
105	8
105	9
105	12
105	13
105	15
105	16
105	17
105	18
105	19
105	20
105	26
105	28
105	29
105	30
105	31
105	32
105	33
105	34
105	35
105	36
105	37
105	38
105	40
105	44
105	45
105	47
105	48
105	51
105	52
105	54
105	56
105	57
105	59
105	61
105	64
105	70
105	71
105	72
105	74
105	75
105	76
105	78
105	79
105	81
105	82
105	86
105	87
105	88
105	89
105	90
105	91
105	92
105	94
105	101
105	102
105	104
105	106
105	107
106	2
106	3
106	4
106	7
106	10
106	11
106	12
106	13
106	15
106	16
106	19
106	21
106	22
106	23
106	24
106	26
106	27
106	28
106	29
106	31
106	32
106	33
106	34
106	36
106	37
106	40
106	42
106	43
106	46
106	47
106	48
106	49
106	52
106	53
106	54
106	56
106	59
106	62
106	63
106	64
106	65
106	68
106	69
106	70
106	72
106	73
106	77
106	78
106	80
106	83
106	84
106	87
106	88
106	90
106	91
106	94
106	95
106	98
106	100
106	103
106	104
106	106
106	107
107	2
107	3
107	8
107	10
107	12
107	14
107	16
107	19
107	20
107	21
107	22
107	24
107	25
107	26
107	27
107	28
107	29
107	30
107	31
107	32
107	33
107	34
107	36
107	37
107	40
107	42
107	43
107	44
107	45
107	46
107	49
107	50
107	55
107	56
107	57
107	58
107	60
107	61
107	62
107	64
107	65
107	66
107	67
107	68
107	69
107	71
107	73
107	74
107	75
107	76
107	77
107	78
107	80
107	82
107	84
107	87
107	88
107	90
107	91
107	95
107	96
107	97
107	98
107	99
107	104
107	106
107	107
1	108
2	108
3	108
4	108
5	108
6	108
7	108
8	108
9	108
10	108
11	108
12	108
13	108
14	108
15	108
16	108
17	108
18	108
19	108
20	108
21	108
22	108
23	108
24	108
25	108
26	108
27	108
28	108
29	108
30	108
31	108
32	108
33	108
34	108
35	108
36	108
37	108
38	108
39	108
40	108
41	108
42	108
43	108
44	108
45	108
46	108
47	108
48	108
49	108
50	108
51	108
52	108
53	108
54	108
55	108
56	108
57	108
58	108
59	108
60	108
61	108
62	108
63	108
64	108
65	108
66	108
67	108
68	108
69	108
70	108
71	108
72	108
73	108
74	108
75	108
76	108
77	108
78	108
79	108
80	108
81	108
82	108
83	108
84	108
85	108
86	108
87	108
88	108
89	108
90	108
91	108
92	108
93	108
94	108
95	108
96	108
97	108
98	108
99	108
100	108
101	108
102	108
103	108
104	108
105	108
106	108
107	108
108	108
