1	1
1	2
1	3
1	5
1	6
1	7
1	8
1	10
1	11
1	13
1	14
1	19
1	20
1	21
1	27
1	28
1	29
1	30
1	31
1	32
1	34
1	35
1	36
1	38
1	43
1	44
1	49
1	51
1	54
1	57
1	60
1	61
1	63
1	64
1	65
1	66
1	69
1	71
1	72
1	73
1	75
1	77
1	78
1	79
1	80
1	81
1	85
1	86
1	89
1	91
1	94
1	96
1	97
1	99
1	100
1	101
1	102
1	105
1	107
1	108
1	109
1	110
1	111
1	114
1	115
1	116
1	117
2	1
2	3
2	6
2	8
2	10
2	11
2	12
2	13
2	16
2	17
2	19
2	20
2	21
2	22
2	25
2	27
2	28
2	29
2	30
2	31
2	33
2	34
2	35
2	37
2	38
2	39
2	41
2	44
2	46
2	48
2	49
2	51
2	52
2	53
2	56
2	57
2	58
2	62
2	63
2	64
2	68
2	70
2	71
2	72
2	73
2	74
2	75
2	78
2	79
2	81
2	83
2	84
2	85
2	87
2	91
2	92
2	95
2	96
2	98
2	100
2	102
2	103
2	105
2	106
2	107
2	108
2	110
2	112
2	113
2	115
3	4
3	5
3	6
3	7
3	10
3	11
3	13
3	15
3	16
3	18
3	20
3	21
3	22
3	23
3	25
3	26
3	28
3	29
3	30
3	31
3	35
3	38
3	39
3	40
3	43
3	44
3	47
3	49
3	50
3	52
3	53
3	55
3	56
3	58
3	59
3	60
3	63
3	65
3	68
3	69
3	70
3	71
3	72
3	74
3	75
3	76
3	78
3	79
3	80
3	81
3	82
3	86
3	87
3	88
3	90
3	92
3	93
3	98
3	101
3	105
3	107
3	108
3	109
3	110
3	114
3	115
4	2
4	4
4	5
4	7
4	8
4	9
4	12
4	13
4	17
4	18
4	23
4	24
4	25
4	27
4	29
4	32
4	33
4	35
4	36
4	37
4	39
4	40
4	41
4	42
4	44
4	46
4	47
4	48
4	49
4	51
4	52
4	53
4	54
4	56
4	57
4	58
4	59
4	60
4	61
4	62
4	65
4	69
4	71
4	73
4	76
4	77
4	80
4	81
4	83
4	84
4	90
4	91
4	95
4	97
4	98
4	100
4	101
4	103
4	104
4	105
4	106
4	107
4	108
4	109
4	111
4	112
4	115
4	116
4	117
5	2
5	3
5	4
5	6
5	7
5	8
5	12
5	13
5	15
5	16
5	17
5	18
5	23
5	24
5	25
5	26
5	27
5	28
5	32
5	33
5	34
5	35
5	39
5	40
5	42
5	43
5	47
5	48
5	49
5	50
5	52
5	53
5	55
5	56
5	57
5	58
5	59
5	60
5	61
5	62
5	63
5	64
5	65
5	67
5	68
5	69
5	71
5	72
5	73
5	74
5	76
5	77
5	78
5	79
5	80
5	86
5	88
5	90
5	94
5	95
5	96
5	98
5	101
5	102
5	103
5	105
5	107
5	108
5	109
5	110
5	111
5	113
5	116
5	117
6	1
6	2
6	3
6	4
6	5
6	6
6	8
6	9
6	10
6	12
6	14
6	15
6	17
6	21
6	22
6	23
6	24
6	25
6	26
6	27
6	29
6	30
6	32
6	33
6	34
6	37
6	38
6	39
6	41
6	42
6	44
6	45
6	46
6	47
6	48
6	49
6	50
6	52
6	54
6	57
6	58
6	60
6	61
6	62
6	63
6	65
6	66
6	67
6	68
6	69
6	70
6	71
6	74
6	75
6	76
6	80
6	81
6	83
6	86
6	87
6	92
6	94
6	95
6	98
6	101
6	102
6	104
6	105
6	106
6	108
6	110
6	111
6	113
6	114
6	115
6	117
7	2
7	4
7	7
7	10
7	11
7	12
7	14
7	18
7	19
7	22
7	24
7	25
7	30
7	31
7	32
7	34
7	35
7	36
7	37
7	38
7	39
7	41
7	42
7	43
7	45
7	46
7	48
7	50
7	52
7	55
7	57
7	63
7	64
7	66
7	69
7	70
7	71
7	73
7	76
7	77
7	80
7	81
7	82
7	83
7	84
7	85
7	86
7	90
7	91
7	93
7	94
7	95
7	96
7	97
7	100
7	102
7	103
7	104
7	108
7	110
7	111
7	113
7	114
7	115
7	117
8	2
8	6
8	7
8	10
8	11
8	16
8	17
8	20
8	21
8	23
8	24
8	25
8	27
8	29
8	30
8	32
8	33
8	34
8	35
8	36
8	37
8	38
8	39
8	40
8	41
8	42
8	45
8	47
8	51
8	53
8	54
8	55
8	57
8	58
8	60
8	61
8	62
8	64
8	65
8	66
8	71
8	73
8	74
8	75
8	77
8	79
8	80
8	82
8	87
8	92
8	93
8	94
8	95
8	96
8	97
8	98
8	99
8	103
8	105
8	107
8	108
8	109
8	110
8	112
8	113
8	114
8	115
8	116
9	1
9	2
9	3
9	4
9	6
9	7
9	11
9	13
9	15
9	16
9	18
9	19
9	20
9	23
9	24
9	25
9	27
9	32
9	34
9	35
9	37
9	40
9	42
9	43
9	44
9	45
9	47
9	55
9	57
9	58
9	61
9	62
9	63
9	68
9	69
9	70
9	74
9	75
9	76
9	77
9	79
9	80
9	81
9	83
9	84
9	85
9	87
9	88
9	89
9	91
9	92
9	93
9	95
9	98
9	99
9	101
9	102
9	103
9	104
9	105
9	107
9	108
9	110
9	111
9	112
9	113
9	114
9	115
10	3
10	4
10	5
10	6
10	7
10	8
10	9
10	11
10	12
10	13
10	15
10	16
10	17
10	18
10	19
10	24
10	25
10	27
10	28
10	29
10	32
10	33
10	34
10	35
10	36
10	37
10	38
10	39
10	40
10	41
10	43
10	45
10	47
10	50
10	51
10	52
10	53
10	54
10	55
10	56
10	57
10	58
10	60
10	62
10	63
10	64
10	65
10	66
10	67
10	68
10	69
10	70
10	74
10	75
10	76
10	78
10	79
10	80
10	82
10	84
10	85
10	87
10	88
10	89
10	90
10	91
10	92
10	94
10	95
10	97
10	98
10	101
10	102
10	103
10	104
10	105
10	106
10	107
10	109
10	110
10	111
10	112
10	114
10	115
10	116
10	117
11	2
11	3
11	4
11	5
11	6
11	7
11	8
11	14
11	15
11	18
11	19
11	20
11	21
11	22
11	23
11	24
11	25
11	26
11	27
11	28
11	29
11	30
11	31
11	32
11	33
11	35
11	38
11	39
11	41
11	42
11	44
11	45
11	46
11	47
11	50
11	52
11	54
11	56
11	58
11	60
11	62
11	63
11	64
11	65
11	67
11	68
11	71
11	72
11	73
11	74
11	77
11	78
11	80
11	81
11	83
11	86
11	91
11	94
11	95
11	98
11	100
11	101
11	102
11	106
11	109
11	110
11	114
11	117
12	3
12	5
12	6
12	7
12	8
12	9
12	10
12	11
12	12
12	15
12	16
12	17
12	18
12	19
12	20
12	22
12	23
12	24
12	25
12	26
12	29
12	31
12	32
12	33
12	34
12	35
12	36
12	39
12	40
12	42
12	43
12	44
12	45
12	46
12	47
12	48
12	49
12	50
12	52
12	53
12	56
12	58
12	59
12	60
12	62
12	64
12	65
12	67
12	70
12	74
12	75
12	76
12	79
12	81
12	82
12	83
12	84
12	85
12	86
12	87
12	89
12	90
12	93
12	94
12	95
12	98
12	100
12	102
12	103
12	104
12	105
12	106
12	108
12	113
12	115
12	116
12	117
13	1
13	2
13	3
13	5
13	6
13	9
13	11
13	12
13	13
13	14
13	16
13	17
13	18
13	19
13	21
13	22
13	23
13	24
13	25
13	26
13	27
13	29
13	30
13	31
13	33
13	35
13	36
13	37
13	38
13	39
13	41
13	42
13	44
13	48
13	50
13	51
13	54
13	55
13	57
13	59
13	60
13	63
13	67
13	68
13	70
13	71
13	72
13	73
13	74
13	75
13	76
13	77
13	78
13	79
13	80
13	81
13	82
13	83
13	84
13	88
13	91
13	92
13	94
13	95
13	96
13	97
13	98
13	99
13	104
13	105
13	106
13	108
13	109
13	110
13	112
13	113
13	115
13	116
13	117
14	1
14	2
14	4
14	5
14	6
14	7
14	10
14	11
14	13
14	15
14	17
14	19
14	20
14	21
14	22
14	24
14	28
14	29
14	31
14	32
14	35
14	36
14	37
14	40
14	46
14	47
14	48
14	52
14	54
14	55
14	62
14	63
14	64
14	65
14	66
14	67
14	68
14	71
14	75
14	76
14	77
14	80
14	81
14	83
14	86
14	87
14	89
14	91
14	92
14	93
14	94
14	95
14	97
14	100
14	101
14	102
14	103
14	104
14	105
14	106
14	107
14	109
14	110
14	111
14	112
14	113
14	115
14	116
14	117
15	1
15	2
15	3
15	4
15	8
15	14
15	18
15	19
15	23
15	24
15	25
15	26
15	28
15	31
15	32
15	34
15	35
15	36
15	38
15	39
15	41
15	42
15	43
15	45
15	46
15	47
15	49
15	50
15	51
15	52
15	53
15	56
15	57
15	60
15	61
15	62
15	63
15	64
15	65
15	66
15	68
15	70
15	71
15	74
15	78
15	80
15	81
15	82
15	83
15	87
15	90
15	91
15	93
15	94
15	95
15	97
15	98
15	99
15	100
15	103
15	104
15	106
15	108
15	109
15	110
15	111
15	112
15	115
16	1
16	2
16	3
16	4
16	5
16	9
16	11
16	12
16	14
16	15
16	16
16	18
16	21
16	22
16	23
16	24
16	25
16	26
16	28
16	29
16	30
16	32
16	33
16	36
16	37
16	38
16	39
16	40
16	41
16	43
16	44
16	45
16	46
16	47
16	51
16	52
16	53
16	56
16	57
16	58
16	59
16	60
16	61
16	62
16	63
16	64
16	65
16	67
16	68
16	69
16	71
16	72
16	74
16	76
16	77
16	78
16	79
16	81
16	84
16	86
16	90
16	91
16	92
16	93
16	95
16	96
16	98
16	100
16	101
16	103
16	105
16	106
16	107
16	109
16	111
16	113
16	115
16	117
17	3
17	4
17	6
17	7
17	8
17	9
17	10
17	11
17	12
17	15
17	16
17	18
17	19
17	20
17	22
17	23
17	24
17	25
17	27
17	28
17	30
17	31
17	32
17	35
17	36
17	37
17	38
17	39
17	40
17	42
17	43
17	46
17	48
17	49
17	51
17	52
17	53
17	54
17	55
17	57
17	58
17	59
17	60
17	61
17	62
17	63
17	64
17	66
17	67
17	68
17	70
17	71
17	72
17	73
17	75
17	79
17	80
17	81
17	82
17	83
17	86
17	87
17	90
17	92
17	95
17	96
17	97
17	98
17	99
17	100
17	102
17	103
17	105
17	107
17	109
17	110
17	111
17	112
17	113
17	114
18	1
18	2
18	3
18	4
18	5
18	6
18	7
18	9
18	10
18	11
18	12
18	13
18	14
18	15
18	16
18	17
18	20
18	21
18	22
18	23
18	24
18	26
18	30
18	31
18	34
18	37
18	38
18	39
18	42
18	44
18	45
18	47
18	48
18	49
18	50
18	52
18	53
18	55
18	56
18	57
18	59
18	61
18	63
18	66
18	67
18	69
18	72
18	73
18	74
18	75
18	76
18	79
18	81
18	82
18	84
18	85
18	86
18	88
18	91
18	92
18	96
18	97
18	98
18	99
18	100
18	101
18	104
18	105
18	106
18	107
18	109
18	110
18	111
18	112
18	113
18	115
18	116
18	117
19	1
19	5
19	6
19	8
19	9
19	11
19	12
19	13
19	14
19	16
19	17
19	21
19	23
19	25
19	27
19	28
19	29
19	30
19	31
19	33
19	34
19	35
19	36
19	38
19	39
19	40
19	41
19	43
19	46
19	47
19	48
19	49
19	52
19	53
19	55
19	57
19	58
19	59
19	61
19	62
19	63
19	64
19	66
19	67
19	70
19	71
19	72
19	73
19	75
19	76
19	79
19	80
19	83
19	84
19	88
19	92
19	93
19	94
19	96
19	97
19	98
19	100
19	101
19	104
19	107
19	108
19	110
19	111
19	112
19	113
19	114
19	115
19	116
19	117
20	1
20	5
20	7
20	8
20	10
20	11
20	12
20	13
20	15
20	16
20	17
20	18
20	19
20	24
20	27
20	28
20	30
20	31
20	32
20	33
20	34
20	35
20	36
20	37
20	39
20	43
20	47
20	48
20	52
20	56
20	58
20	59
20	62
20	64
20	65
20	67
20	69
20	70
20	71
20	73
20	75
20	77
20	79
20	80
20	81
20	82
20	84
20	85
20	86
20	87
20	88
20	89
20	91
20	92
20	93
20	94
20	95
20	96
20	97
20	98
20	105
20	106
20	108
20	109
20	111
20	112
20	114
20	115
21	1
21	2
21	3
21	4
21	5
21	7
21	10
21	12
21	13
21	14
21	15
21	16
21	18
21	19
21	20
21	21
21	22
21	24
21	26
21	28
21	29
21	30
21	31
21	32
21	33
21	34
21	36
21	37
21	39
21	40
21	41
21	43
21	44
21	45
21	46
21	47
21	49
21	51
21	53
21	56
21	57
21	59
21	60
21	61
21	62
21	63
21	65
21	66
21	68
21	69
21	70
21	71
21	74
21	75
21	76
21	79
21	81
21	82
21	83
21	84
21	85
21	86
21	87
21	89
21	92
21	93
21	94
21	95
21	96
21	98
21	99
21	100
21	104
21	106
21	108
21	109
21	110
21	112
21	114
21	116
22	1
22	2
22	3
22	4
22	5
22	6
22	8
22	9
22	11
22	12
22	15
22	18
22	19
22	21
22	22
22	23
22	24
22	28
22	31
22	35
22	36
22	37
22	39
22	40
22	41
22	43
22	44
22	45
22	47
22	48
22	49
22	50
22	51
22	54
22	57
22	58
22	59
22	60
22	62
22	63
22	64
22	65
22	72
22	74
22	79
22	80
22	81
22	82
22	84
22	85
22	88
22	90
22	94
22	96
22	98
22	99
22	100
22	101
22	103
22	104
22	105
22	106
22	108
22	111
22	112
22	113
22	114
22	115
22	116
22	117
23	2
23	3
23	4
23	5
23	6
23	7
23	8
23	9
23	10
23	11
23	13
23	15
23	16
23	17
23	18
23	19
23	21
23	24
23	25
23	26
23	27
23	28
23	29
23	31
23	32
23	34
23	35
23	36
23	39
23	40
23	41
23	42
23	43
23	44
23	45
23	46
23	47
23	48
23	49
23	52
23	55
23	57
23	58
23	59
23	60
23	62
23	71
23	74
23	75
23	76
23	77
23	78
23	80
23	82
23	84
23	85
23	87
23	88
23	89
23	91
23	92
23	93
23	94
23	95
23	106
23	107
23	108
23	110
23	111
23	112
23	113
23	114
23	115
23	116
23	117
24	1
24	3
24	4
24	7
24	8
24	9
24	10
24	11
24	12
24	14
24	16
24	17
24	18
24	19
24	22
24	23
24	24
24	25
24	26
24	27
24	29
24	31
24	32
24	33
24	34
24	35
24	36
24	37
24	38
24	43
24	44
24	47
24	49
24	50
24	51
24	53
24	55
24	56
24	57
24	58
24	63
24	65
24	66
24	68
24	78
24	79
24	80
24	81
24	83
24	84
24	86
24	88
24	89
24	90
24	91
24	93
24	95
24	98
24	100
24	102
24	103
24	104
24	105
24	108
24	109
24	110
24	114
24	115
24	116
24	117
25	1
25	2
25	3
25	4
25	11
25	13
25	14
25	15
25	18
25	19
25	21
25	24
25	29
25	30
25	33
25	34
25	35
25	38
25	39
25	41
25	43
25	45
25	47
25	48
25	49
25	50
25	51
25	54
25	55
25	57
25	58
25	59
25	61
25	62
25	63
25	65
25	66
25	67
25	69
25	70
25	72
25	73
25	74
25	75
25	76
25	77
25	78
25	79
25	80
25	82
25	83
25	84
25	86
25	88
25	90
25	93
25	94
25	96
25	98
25	99
25	103
25	104
25	105
25	106
25	107
25	109
25	111
25	112
25	113
25	114
25	117
26	1
26	6
26	7
26	12
26	13
26	15
26	17
26	18
26	19
26	21
26	22
26	23
26	25
26	26
26	27
26	28
26	30
26	31
26	32
26	35
26	39
26	41
26	42
26	43
26	44
26	45
26	46
26	47
26	48
26	49
26	53
26	55
26	56
26	57
26	58
26	61
26	63
26	66
26	69
26	70
26	71
26	73
26	75
26	77
26	78
26	79
26	80
26	81
26	82
26	83
26	84
26	86
26	87
26	91
26	92
26	94
26	95
26	96
26	97
26	98
26	99
26	100
26	101
26	104
26	105
26	108
26	109
26	112
26	113
26	114
26	115
26	117
27	1
27	2
27	4
27	7
27	8
27	9
27	11
27	12
27	13
27	14
27	16
27	19
27	21
27	22
27	24
27	25
27	26
27	27
27	31
27	34
27	36
27	41
27	43
27	46
27	47
27	48
27	50
27	55
27	61
27	63
27	64
27	65
27	66
27	69
27	71
27	74
27	75
27	77
27	78
27	79
27	80
27	81
27	82
27	85
27	86
27	88
27	89
27	94
27	95
27	96
27	97
27	98
27	99
27	100
27	102
27	105
27	106
27	107
27	108
27	110
27	111
27	112
27	113
27	114
27	115
27	116
27	117
28	1
28	3
28	4
28	5
28	6
28	7
28	9
28	11
28	17
28	18
28	20
28	23
28	27
28	28
28	29
28	30
28	33
28	34
28	35
28	36
28	37
28	38
28	39
28	41
28	42
28	44
28	45
28	46
28	47
28	48
28	49
28	50
28	51
28	52
28	53
28	54
28	58
28	63
28	64
28	68
28	70
28	71
28	72
28	74
28	75
28	76
28	77
28	79
28	80
28	81
28	82
28	84
28	85
28	87
28	88
28	92
28	94
28	96
28	97
28	98
28	99
28	101
28	102
28	103
28	104
28	106
28	107
28	108
28	109
28	111
28	112
28	114
28	117
29	1
29	4
29	5
29	6
29	7
29	8
29	13
29	14
29	16
29	17
29	18
29	21
29	22
29	24
29	25
29	26
29	27
29	28
29	31
29	34
29	35
29	40
29	41
29	42
29	43
29	44
29	45
29	46
29	47
29	50
29	51
29	52
29	53
29	55
29	62
29	63
29	65
29	68
29	69
29	70
29	71
29	72
29	75
29	77
29	78
29	79
29	81
29	84
29	85
29	89
29	90
29	91
29	92
29	94
29	95
29	96
29	97
29	98
29	104
29	105
29	106
29	107
29	108
29	113
29	114
29	115
29	116
29	117
30	1
30	2
30	3
30	5
30	7
30	8
30	11
30	14
30	19
30	20
30	21
30	22
30	29
30	30
30	31
30	32
30	33
30	34
30	36
30	37
30	39
30	42
30	44
30	45
30	46
30	49
30	50
30	51
30	54
30	55
30	56
30	57
30	58
30	60
30	61
30	62
30	63
30	64
30	65
30	66
30	67
30	68
30	72
30	74
30	75
30	77
30	79
30	80
30	81
30	82
30	84
30	85
30	88
30	89
30	91
30	92
30	93
30	94
30	95
30	96
30	97
30	98
30	99
30	101
30	102
30	104
30	106
30	107
30	108
30	112
30	113
30	114
30	115
30	116
31	1
31	2
31	4
31	7
31	8
31	9
31	11
31	13
31	14
31	15
31	17
31	18
31	20
31	21
31	22
31	24
31	25
31	28
31	29
31	31
31	32
31	33
31	35
31	38
31	41
31	43
31	44
31	48
31	49
31	50
31	51
31	53
31	54
31	55
31	56
31	57
31	58
31	59
31	61
31	62
31	63
31	66
31	68
31	69
31	70
31	73
31	74
31	76
31	79
31	80
31	83
31	84
31	86
31	88
31	89
31	90
31	93
31	94
31	95
31	97
31	99
31	101
31	102
31	103
31	106
31	108
31	112
31	113
31	116
32	1
32	4
32	5
32	6
32	7
32	10
32	13
32	14
32	15
32	16
32	17
32	18
32	20
32	21
32	22
32	25
32	26
32	29
32	31
32	33
32	34
32	35
32	36
32	37
32	39
32	41
32	42
32	43
32	44
32	45
32	47
32	48
32	51
32	53
32	54
32	55
32	56
32	57
32	58
32	59
32	60
32	61
32	62
32	64
32	65
32	67
32	68
32	69
32	70
32	71
32	73
32	74
32	75
32	76
32	77
32	83
32	85
32	90
32	91
32	92
32	93
32	95
32	98
32	99
32	100
32	102
32	103
32	106
32	107
32	109
32	110
32	112
32	114
32	115
32	116
33	1
33	3
33	4
33	5
33	8
33	11
33	12
33	13
33	14
33	15
33	16
33	17
33	19
33	20
33	22
33	24
33	25
33	26
33	27
33	30
33	32
33	33
33	35
33	36
33	39
33	42
33	43
33	44
33	45
33	47
33	48
33	49
33	50
33	51
33	55
33	56
33	57
33	58
33	59
33	60
33	61
33	62
33	63
33	64
33	65
33	66
33	69
33	71
33	73
33	76
33	77
33	78
33	79
33	84
33	86
33	87
33	88
33	89
33	91
33	92
33	94
33	97
33	98
33	99
33	100
33	102
33	103
33	108
33	109
33	111
33	113
33	114
33	115
33	116
33	117
34	1
34	2
34	3
34	4
34	6
34	7
34	13
34	14
34	15
34	16
34	17
34	18
34	19
34	20
34	21
34	22
34	23
34	24
34	25
34	26
34	27
34	29
34	30
34	34
34	36
34	37
34	38
34	39
34	40
34	41
34	42
34	43
34	45
34	46
34	47
34	49
34	53
34	54
34	56
34	57
34	59
34	60
34	62
34	64
34	65
34	68
34	69
34	72
34	74
34	75
34	76
34	77
34	79
34	80
34	81
34	82
34	83
34	84
34	89
34	91
34	93
34	95
34	96
34	98
34	99
34	100
34	101
34	104
34	105
34	108
34	109
34	115
34	116
34	117
35	1
35	2
35	3
35	5
35	8
35	10
35	11
35	13
35	14
35	15
35	16
35	17
35	19
35	20
35	21
35	22
35	23
35	29
35	30
35	32
35	33
35	34
35	35
35	37
35	38
35	39
35	42
35	43
35	44
35	45
35	47
35	49
35	54
35	55
35	56
35	59
35	62
35	63
35	64
35	65
35	66
35	67
35	72
35	73
35	74
35	75
35	77
35	78
35	80
35	83
35	84
35	85
35	87
35	88
35	89
35	92
35	93
35	95
35	99
35	100
35	101
35	103
35	104
35	105
35	109
35	111
35	113
35	114
35	115
35	116
35	117
36	1
36	2
36	3
36	4
36	5
36	6
36	8
36	9
36	10
36	11
36	15
36	16
36	17
36	18
36	19
36	20
36	21
36	24
36	25
36	28
36	29
36	30
36	31
36	32
36	33
36	34
36	36
36	37
36	38
36	39
36	40
36	43
36	45
36	49
36	51
36	52
36	53
36	56
36	57
36	59
36	61
36	62
36	64
36	65
36	66
36	67
36	74
36	76
36	77
36	78
36	79
36	80
36	81
36	82
36	84
36	88
36	91
36	92
36	93
36	95
36	96
36	97
36	98
36	99
36	101
36	103
36	104
36	105
36	106
36	107
36	110
36	113
36	114
36	115
36	116
37	1
37	2
37	4
37	5
37	6
37	7
37	8
37	9
37	11
37	12
37	15
37	16
37	17
37	19
37	20
37	21
37	23
37	25
37	26
37	28
37	31
37	32
37	33
37	35
37	36
37	39
37	40
37	41
37	42
37	43
37	46
37	49
37	50
37	52
37	55
37	56
37	57
37	61
37	63
37	65
37	68
37	69
37	70
37	72
37	73
37	74
37	76
37	78
37	79
37	81
37	82
37	84
37	87
37	88
37	90
37	91
37	92
37	93
37	95
37	97
37	98
37	99
37	101
37	104
37	105
37	106
37	107
37	108
37	109
37	110
37	111
37	113
37	116
37	117
38	3
38	4
38	6
38	12
38	13
38	15
38	16
38	17
38	18
38	19
38	20
38	21
38	22
38	23
38	24
38	25
38	26
38	27
38	31
38	32
38	33
38	34
38	35
38	36
38	38
38	40
38	42
38	43
38	45
38	46
38	47
38	53
38	55
38	56
38	58
38	59
38	60
38	61
38	62
38	63
38	64
38	65
38	67
38	68
38	69
38	70
38	72
38	74
38	75
38	77
38	79
38	80
38	82
38	84
38	85
38	86
38	87
38	89
38	90
38	91
38	92
38	95
38	97
38	102
38	103
38	104
38	105
38	107
38	108
38	109
38	110
38	111
38	114
38	115
38	116
38	117
39	1
39	4
39	6
39	7
39	8
39	9
39	13
39	14
39	18
39	20
39	21
39	22
39	24
39	25
39	26
39	28
39	30
39	31
39	34
39	35
39	37
39	39
39	43
39	44
39	45
39	47
39	48
39	49
39	50
39	52
39	53
39	54
39	56
39	57
39	58
39	59
39	60
39	61
39	64
39	66
39	67
39	69
39	70
39	71
39	75
39	76
39	77
39	80
39	81
39	84
39	87
39	88
39	90
39	92
39	94
39	95
39	97
39	98
39	100
39	102
39	103
39	105
39	108
39	110
39	111
39	112
39	113
39	115
39	117
40	4
40	5
40	6
40	7
40	9
40	10
40	11
40	14
40	17
40	19
40	20
40	21
40	24
40	25
40	27
40	29
40	31
40	33
40	35
40	36
40	37
40	39
40	40
40	42
40	43
40	45
40	46
40	47
40	50
40	51
40	52
40	53
40	54
40	55
40	56
40	57
40	59
40	62
40	63
40	64
40	66
40	69
40	73
40	74
40	76
40	78
40	79
40	80
40	81
40	82
40	84
40	85
40	86
40	89
40	90
40	91
40	93
40	94
40	95
40	96
40	97
40	98
40	99
40	102
40	104
40	106
40	108
40	114
40	115
40	116
40	117
41	1
41	2
41	3
41	4
41	5
41	6
41	8
41	9
41	10
41	11
41	12
41	16
41	20
41	21
41	22
41	23
41	24
41	27
41	28
41	29
41	30
41	31
41	32
41	33
41	34
41	35
41	36
41	37
41	38
41	39
41	41
41	46
41	47
41	49
41	50
41	51
41	52
41	54
41	55
41	57
41	58
41	61
41	63
41	64
41	66
41	67
41	69
41	70
41	73
41	74
41	75
41	76
41	78
41	79
41	82
41	83
41	84
41	85
41	86
41	87
41	89
41	92
41	93
41	95
41	96
41	97
41	98
41	101
41	102
41	105
41	106
41	109
41	110
41	111
41	112
41	113
41	114
41	115
41	117
42	1
42	2
42	5
42	6
42	7
42	9
42	12
42	13
42	15
42	16
42	17
42	18
42	19
42	21
42	22
42	23
42	24
42	25
42	27
42	32
42	34
42	38
42	40
42	41
42	43
42	48
42	49
42	50
42	51
42	52
42	54
42	55
42	57
42	59
42	63
42	66
42	67
42	68
42	69
42	70
42	71
42	72
42	73
42	76
42	77
42	79
42	80
42	82
42	83
42	85
42	86
42	90
42	91
42	94
42	95
42	96
42	98
42	99
42	100
42	102
42	103
42	105
42	106
42	109
42	110
42	113
42	115
42	116
42	117
43	1
43	2
43	5
43	6
43	8
43	12
43	15
43	16
43	17
43	19
43	22
43	24
43	25
43	26
43	27
43	28
43	29
43	31
43	32
43	34
43	35
43	36
43	37
43	38
43	40
43	41
43	42
43	43
43	44
43	45
43	46
43	47
43	50
43	51
43	53
43	54
43	55
43	56
43	59
43	61
43	63
43	65
43	67
43	71
43	72
43	73
43	74
43	76
43	77
43	79
43	80
43	82
43	85
43	89
43	90
43	92
43	93
43	94
43	95
43	96
43	97
43	98
43	100
43	101
43	102
43	104
43	105
43	106
43	107
43	108
43	109
43	110
43	113
43	114
43	116
44	2
44	3
44	4
44	6
44	7
44	8
44	9
44	10
44	11
44	12
44	15
44	16
44	18
44	19
44	21
44	23
44	24
44	25
44	26
44	27
44	28
44	29
44	30
44	31
44	33
44	34
44	35
44	36
44	38
44	39
44	40
44	44
44	46
44	47
44	48
44	50
44	52
44	53
44	55
44	57
44	58
44	61
44	64
44	67
44	68
44	70
44	71
44	72
44	73
44	74
44	75
44	79
44	82
44	84
44	86
44	87
44	88
44	89
44	90
44	93
44	96
44	98
44	99
44	102
44	104
44	106
44	107
44	108
44	110
44	116
45	1
45	2
45	4
45	5
45	6
45	8
45	9
45	10
45	11
45	12
45	14
45	15
45	16
45	17
45	18
45	20
45	22
45	23
45	24
45	26
45	27
45	28
45	31
45	32
45	33
45	34
45	35
45	38
45	43
45	45
45	46
45	48
45	49
45	50
45	51
45	54
45	56
45	57
45	60
45	61
45	62
45	63
45	64
45	65
45	66
45	67
45	68
45	71
45	72
45	73
45	75
45	79
45	80
45	81
45	82
45	84
45	85
45	86
45	88
45	89
45	93
45	94
45	96
45	97
45	98
45	100
45	101
45	102
45	103
45	106
45	110
45	111
45	112
45	114
45	115
45	116
45	117
46	1
46	2
46	3
46	4
46	5
46	6
46	7
46	10
46	13
46	14
46	15
46	16
46	17
46	19
46	20
46	21
46	24
46	25
46	27
46	28
46	29
46	30
46	32
46	34
46	35
46	37
46	38
46	39
46	40
46	42
46	43
46	44
46	45
46	49
46	50
46	51
46	53
46	54
46	55
46	57
46	58
46	59
46	60
46	61
46	62
46	63
46	65
46	66
46	68
46	70
46	71
46	72
46	73
46	74
46	75
46	76
46	77
46	80
46	81
46	82
46	87
46	89
46	91
46	92
46	94
46	95
46	96
46	97
46	98
46	99
46	100
46	103
46	105
46	106
46	110
46	111
46	112
46	113
46	116
46	117
47	1
47	2
47	3
47	4
47	5
47	8
47	11
47	12
47	13
47	16
47	18
47	19
47	20
47	23
47	24
47	26
47	27
47	28
47	29
47	30
47	31
47	33
47	35
47	37
47	38
47	39
47	40
47	42
47	43
47	44
47	46
47	47
47	49
47	50
47	52
47	54
47	55
47	56
47	58
47	60
47	61
47	62
47	64
47	65
47	66
47	68
47	69
47	70
47	72
47	77
47	79
47	80
47	81
47	82
47	84
47	86
47	88
47	89
47	90
47	96
47	97
47	98
47	100
47	101
47	102
47	103
47	106
47	110
47	111
47	113
47	115
47	117
48	1
48	2
48	3
48	5
48	6
48	9
48	10
48	11
48	12
48	15
48	16
48	18
48	19
48	20
48	21
48	22
48	25
48	26
48	28
48	32
48	34
48	35
48	37
48	38
48	39
48	44
48	45
48	46
48	47
48	48
48	49
48	50
48	51
48	53
48	54
48	55
48	56
48	57
48	58
48	59
48	62
48	65
48	67
48	68
48	69
48	70
48	73
48	74
48	75
48	76
48	77
48	78
48	79
48	81
48	82
48	86
48	91
48	92
48	94
48	95
48	96
48	99
48	100
48	101
48	102
48	104
48	105
48	106
48	107
48	108
48	112
48	113
48	115
48	116
49	1
49	3
49	4
49	8
49	9
49	10
49	11
49	12
49	15
49	16
49	17
49	18
49	19
49	22
49	23
49	25
49	26
49	30
49	31
49	32
49	33
49	34
49	35
49	36
49	37
49	39
49	43
49	44
49	45
49	47
49	48
49	50
49	51
49	52
49	53
49	56
49	57
49	59
49	60
49	61
49	62
49	65
49	69
49	70
49	71
49	72
49	75
49	77
49	80
49	81
49	82
49	83
49	84
49	85
49	87
49	88
49	89
49	91
49	92
49	93
49	95
49	97
49	98
49	99
49	101
49	103
49	106
49	107
49	109
49	110
49	111
49	112
49	115
49	116
49	117
50	1
50	2
50	3
50	4
50	6
50	7
50	8
50	10
50	12
50	14
50	15
50	16
50	18
50	19
50	20
50	21
50	22
50	23
50	24
50	25
50	26
50	27
50	28
50	29
50	30
50	31
50	32
50	33
50	34
50	39
50	40
50	41
50	42
50	43
50	44
50	46
50	47
50	50
50	51
50	52
50	53
50	55
50	56
50	59
50	60
50	62
50	63
50	64
50	66
50	69
50	70
50	71
50	72
50	73
50	75
50	76
50	77
50	78
50	79
50	80
50	81
50	82
50	87
50	88
50	89
50	90
50	96
50	97
50	99
50	101
50	102
50	106
50	107
50	109
50	112
50	114
50	115
50	117
51	3
51	4
51	5
51	6
51	7
51	8
51	9
51	11
51	12
51	15
51	16
51	17
51	19
51	21
51	22
51	23
51	26
51	27
51	29
51	30
51	32
51	35
51	36
51	37
51	38
51	40
51	42
51	43
51	45
51	46
51	47
51	48
51	49
51	50
51	51
51	52
51	54
51	55
51	57
51	58
51	59
51	60
51	61
51	62
51	63
51	65
51	66
51	67
51	68
51	69
51	70
51	71
51	75
51	76
51	78
51	79
51	81
51	82
51	85
51	86
51	87
51	88
51	90
51	92
51	95
51	97
51	99
51	100
51	101
51	103
51	105
51	108
51	110
51	112
51	113
51	115
51	116
51	117
52	1
52	4
52	13
52	14
52	15
52	17
52	19
52	20
52	21
52	22
52	23
52	24
52	25
52	26
52	27
52	28
52	30
52	31
52	32
52	35
52	37
52	39
52	40
52	42
52	43
52	45
52	47
52	48
52	49
52	50
52	52
52	53
52	54
52	55
52	58
52	59
52	60
52	61
52	62
52	63
52	64
52	65
52	66
52	68
52	69
52	70
52	73
52	74
52	75
52	76
52	77
52	78
52	81
52	83
52	84
52	85
52	88
52	89
52	90
52	95
52	97
52	98
52	99
52	100
52	101
52	102
52	103
52	104
52	106
52	108
52	109
52	111
52	112
52	114
52	117
53	1
53	2
53	3
53	5
53	7
53	8
53	9
53	12
53	13
53	14
53	16
53	17
53	18
53	19
53	20
53	21
53	22
53	23
53	25
53	26
53	27
53	31
53	33
53	34
53	39
53	40
53	41
53	42
53	44
53	45
53	46
53	47
53	49
53	50
53	51
53	54
53	55
53	56
53	59
53	61
53	62
53	63
53	64
53	65
53	68
53	70
53	71
53	72
53	73
53	74
53	78
53	80
53	82
53	83
53	84
53	90
53	91
53	93
53	94
53	95
53	96
53	97
53	99
53	100
53	102
53	103
53	104
53	106
53	108
53	109
53	110
53	111
53	112
53	114
53	115
54	1
54	3
54	4
54	5
54	6
54	8
54	9
54	10
54	12
54	14
54	15
54	18
54	20
54	23
54	24
54	26
54	29
54	30
54	32
54	33
54	34
54	35
54	36
54	37
54	38
54	39
54	40
54	41
54	43
54	44
54	45
54	46
54	47
54	48
54	49
54	51
54	54
54	55
54	56
54	58
54	60
54	65
54	67
54	70
54	72
54	74
54	76
54	77
54	78
54	80
54	82
54	83
54	84
54	85
54	86
54	87
54	89
54	90
54	93
54	94
54	95
54	98
54	100
54	101
54	103
54	104
54	105
54	106
54	107
54	108
54	109
54	110
54	111
54	114
54	115
54	117
55	2
55	4
55	6
55	11
55	12
55	13
55	16
55	17
55	18
55	19
55	22
55	23
55	25
55	26
55	27
55	28
55	30
55	34
55	35
55	36
55	37
55	38
55	40
55	41
55	42
55	44
55	45
55	47
55	48
55	52
55	53
55	55
55	56
55	57
55	62
55	63
55	64
55	65
55	66
55	68
55	69
55	71
55	73
55	74
55	75
55	76
55	82
55	83
55	85
55	86
55	88
55	89
55	90
55	91
55	92
55	93
55	94
55	95
55	96
55	97
55	98
55	99
55	100
55	105
55	107
55	109
55	110
55	111
55	117
56	2
56	3
56	4
56	7
56	8
56	9
56	13
56	15
56	16
56	17
56	18
56	19
56	21
56	22
56	24
56	25
56	26
56	29
56	31
56	33
56	34
56	36
56	37
56	38
56	41
56	42
56	43
56	44
56	45
56	46
56	47
56	48
56	50
56	54
56	57
56	59
56	60
56	61
56	64
56	66
56	67
56	68
56	70
56	71
56	72
56	74
56	75
56	78
56	79
56	81
56	82
56	83
56	86
56	87
56	88
56	90
56	91
56	92
56	94
56	95
56	96
56	97
56	99
56	100
56	103
56	105
56	107
56	108
56	110
56	112
56	114
56	116
57	1
57	2
57	3
57	4
57	6
57	11
57	12
57	16
57	17
57	18
57	20
57	21
57	22
57	25
57	27
57	28
57	29
57	31
57	32
57	33
57	35
57	36
57	37
57	38
57	40
57	41
57	42
57	46
57	48
57	49
57	52
57	53
57	54
57	56
57	57
57	62
57	63
57	65
57	66
57	67
57	68
57	70
57	74
57	75
57	78
57	79
57	80
57	82
57	85
57	87
57	88
57	89
57	90
57	91
57	94
57	96
57	99
57	101
57	102
57	103
57	104
57	105
57	106
57	107
57	108
57	109
57	111
57	112
57	113
57	114
57	115
58	1
58	2
58	3
58	4
58	6
58	8
58	9
58	10
58	11
58	14
58	16
58	17
58	18
58	20
58	21
58	22
58	23
58	24
58	29
58	30
58	32
58	33
58	34
58	35
58	36
58	37
58	39
58	40
58	41
58	42
58	43
58	46
58	47
58	49
58	51
58	52
58	56
58	57
58	58
58	60
58	61
58	62
58	65
58	67
58	68
58	70
58	73
58	74
58	77
58	78
58	79
58	80
58	81
58	83
58	84
58	85
58	88
58	90
58	91
58	92
58	93
58	95
58	96
58	99
58	100
58	101
58	103
58	104
58	105
58	107
58	108
58	109
58	111
58	112
58	113
58	114
58	116
58	117
59	1
59	2
59	3
59	4
59	5
59	8
59	9
59	10
59	11
59	12
59	13
59	14
59	15
59	18
59	19
59	22
59	24
59	27
59	28
59	34
59	35
59	36
59	39
59	41
59	43
59	44
59	46
59	51
59	52
59	57
59	58
59	61
59	62
59	65
59	66
59	68
59	70
59	71
59	72
59	73
59	74
59	75
59	77
59	78
59	79
59	83
59	84
59	85
59	90
59	92
59	93
59	94
59	95
59	96
59	97
59	98
59	101
59	103
59	104
59	109
59	112
59	114
59	115
59	116
59	117
60	1
60	3
60	5
60	7
60	8
60	10
60	12
60	13
60	15
60	16
60	18
60	19
60	20
60	21
60	22
60	23
60	25
60	26
60	30
60	31
60	32
60	33
60	35
60	36
60	39
60	40
60	42
60	44
60	45
60	46
60	47
60	48
60	49
60	50
60	52
60	53
60	58
60	61
60	62
60	63
60	64
60	65
60	66
60	67
60	68
60	69
60	72
60	73
60	74
60	76
60	77
60	79
60	81
60	84
60	85
60	89
60	90
60	93
60	96
60	98
60	99
60	100
60	101
60	102
60	105
60	107
60	108
60	111
60	112
60	113
60	116
61	1
61	2
61	3
61	8
61	9
61	10
61	11
61	14
61	15
61	18
61	23
61	26
61	27
61	28
61	29
61	32
61	33
61	35
61	38
61	39
61	40
61	41
61	43
61	44
61	46
61	47
61	48
61	49
61	52
61	53
61	55
61	56
61	57
61	58
61	59
61	60
61	62
61	63
61	66
61	67
61	68
61	70
61	72
61	73
61	75
61	76
61	77
61	78
61	79
61	80
61	81
61	82
61	85
61	86
61	87
61	88
61	89
61	90
61	91
61	93
61	94
61	96
61	99
61	100
61	101
61	104
61	106
61	107
61	108
61	110
61	111
61	113
61	114
61	115
62	1
62	2
62	3
62	4
62	6
62	8
62	10
62	11
62	13
62	16
62	17
62	19
62	20
62	21
62	22
62	23
62	24
62	25
62	26
62	27
62	28
62	33
62	34
62	36
62	37
62	38
62	39
62	40
62	42
62	43
62	45
62	46
62	47
62	48
62	49
62	50
62	51
62	53
62	54
62	57
62	58
62	59
62	64
62	65
62	66
62	68
62	69
62	75
62	76
62	77
62	78
62	79
62	80
62	81
62	82
62	83
62	84
62	85
62	86
62	87
62	89
62	91
62	93
62	94
62	95
62	101
62	102
62	103
62	108
62	109
62	110
62	111
62	112
62	113
62	114
63	1
63	3
63	4
63	5
63	6
63	7
63	8
63	11
63	12
63	14
63	15
63	16
63	17
63	18
63	19
63	20
63	22
63	23
63	24
63	25
63	27
63	28
63	29
63	30
63	31
63	33
63	34
63	35
63	38
63	40
63	42
63	48
63	49
63	50
63	51
63	52
63	53
63	55
63	57
63	58
63	59
63	62
63	63
63	64
63	65
63	66
63	67
63	69
63	71
63	72
63	73
63	75
63	77
63	78
63	79
63	80
63	81
63	82
63	83
63	84
63	85
63	88
63	90
63	91
63	93
63	94
63	96
63	98
63	100
63	101
63	102
63	103
63	105
63	109
63	111
63	112
63	113
63	114
64	1
64	2
64	4
64	6
64	7
64	8
64	9
64	11
64	13
64	14
64	17
64	19
64	20
64	21
64	22
64	23
64	24
64	28
64	29
64	30
64	32
64	33
64	34
64	35
64	36
64	37
64	39
64	40
64	42
64	43
64	45
64	46
64	47
64	48
64	49
64	52
64	53
64	54
64	56
64	57
64	58
64	59
64	61
64	63
64	64
64	65
64	68
64	70
64	71
64	73
64	74
64	75
64	76
64	77
64	78
64	79
64	81
64	82
64	84
64	85
64	89
64	90
64	91
64	93
64	94
64	95
64	96
64	97
64	99
64	100
64	101
64	103
64	104
64	106
64	107
64	108
64	109
64	110
64	111
64	115
64	116
65	1
65	4
65	5
65	6
65	8
65	9
65	10
65	11
65	12
65	13
65	14
65	16
65	17
65	18
65	19
65	20
65	21
65	22
65	23
65	24
65	26
65	27
65	29
65	33
65	34
65	36
65	37
65	38
65	40
65	41
65	42
65	45
65	47
65	50
65	52
65	53
65	54
65	57
65	58
65	59
65	60
65	62
65	65
65	66
65	68
65	69
65	70
65	73
65	75
65	76
65	77
65	80
65	81
65	82
65	84
65	86
65	88
65	89
65	90
65	93
65	97
65	98
65	99
65	100
65	101
65	102
65	103
65	104
65	105
65	106
65	107
65	110
65	111
65	112
65	113
65	114
65	116
65	117
66	2
66	4
66	6
66	7
66	8
66	9
66	11
66	12
66	13
66	16
66	17
66	22
66	23
66	25
66	26
66	29
66	30
66	31
66	32
66	33
66	35
66	36
66	37
66	41
66	42
66	44
66	45
66	46
66	52
66	54
66	55
66	56
66	59
66	60
66	61
66	62
66	65
66	68
66	70
66	71
66	72
66	73
66	75
66	80
66	81
66	82
66	84
66	85
66	86
66	87
66	88
66	89
66	91
66	92
66	94
66	95
66	97
66	99
66	101
66	102
66	103
66	104
66	106
66	108
66	110
66	111
66	112
66	115
67	1
67	2
67	3
67	5
67	6
67	10
67	11
67	12
67	13
67	14
67	15
67	16
67	18
67	19
67	20
67	21
67	22
67	24
67	26
67	28
67	29
67	30
67	31
67	32
67	33
67	34
67	35
67	38
67	39
67	41
67	45
67	47
67	48
67	49
67	51
67	52
67	53
67	54
67	56
67	57
67	58
67	61
67	62
67	63
67	64
67	65
67	67
67	69
67	70
67	71
67	72
67	76
67	77
67	78
67	79
67	80
67	81
67	83
67	84
67	85
67	87
67	88
67	89
67	91
67	93
67	94
67	95
67	97
67	98
67	99
67	100
67	103
67	106
67	107
67	108
67	109
67	113
67	114
67	115
67	116
68	2
68	3
68	4
68	7
68	8
68	10
68	11
68	13
68	14
68	15
68	19
68	20
68	22
68	23
68	24
68	25
68	27
68	28
68	30
68	33
68	34
68	35
68	36
68	37
68	38
68	39
68	40
68	42
68	43
68	44
68	47
68	49
68	50
68	51
68	52
68	53
68	55
68	56
68	59
68	62
68	64
68	65
68	66
68	70
68	71
68	73
68	75
68	77
68	78
68	79
68	80
68	81
68	82
68	83
68	85
68	86
68	87
68	89
68	91
68	92
68	93
68	94
68	95
68	100
68	101
68	102
68	103
68	104
68	107
68	108
68	109
68	110
68	113
68	114
68	116
68	117
69	2
69	4
69	9
69	11
69	13
69	15
69	16
69	17
69	25
69	28
69	29
69	31
69	32
69	33
69	34
69	35
69	36
69	38
69	41
69	43
69	44
69	46
69	48
69	49
69	51
69	52
69	53
69	54
69	55
69	56
69	57
69	58
69	59
69	62
69	64
69	65
69	66
69	69
69	70
69	72
69	73
69	75
69	76
69	77
69	82
69	83
69	84
69	85
69	87
69	88
69	89
69	90
69	91
69	93
69	94
69	95
69	97
69	98
69	99
69	102
69	104
69	107
69	109
69	110
69	111
69	112
69	114
69	115
69	117
70	1
70	2
70	3
70	4
70	5
70	6
70	8
70	9
70	10
70	12
70	13
70	14
70	16
70	17
70	19
70	20
70	21
70	22
70	23
70	24
70	25
70	27
70	28
70	29
70	30
70	32
70	33
70	35
70	37
70	39
70	41
70	44
70	45
70	46
70	48
70	50
70	52
70	55
70	60
70	62
70	63
70	64
70	65
70	66
70	68
70	69
70	70
70	72
70	76
70	77
70	78
70	79
70	80
70	82
70	83
70	85
70	86
70	87
70	88
70	90
70	91
70	92
70	93
70	94
70	95
70	96
70	97
70	100
70	101
70	102
70	104
70	105
70	107
70	108
70	109
70	110
70	111
70	112
70	113
71	2
71	3
71	6
71	7
71	8
71	9
71	10
71	12
71	14
71	15
71	19
71	20
71	21
71	23
71	24
71	25
71	26
71	27
71	28
71	29
71	30
71	31
71	33
71	34
71	35
71	36
71	37
71	38
71	40
71	41
71	42
71	43
71	44
71	45
71	46
71	48
71	49
71	50
71	51
71	52
71	53
71	54
71	55
71	56
71	59
71	60
71	61
71	62
71	63
71	65
71	66
71	67
71	73
71	75
71	76
71	77
71	78
71	80
71	82
71	83
71	85
71	87
71	88
71	91
71	92
71	93
71	94
71	95
71	96
71	97
71	98
71	99
71	105
71	106
71	109
71	110
71	112
71	113
71	114
71	117
72	1
72	4
72	5
72	6
72	8
72	9
72	11
72	12
72	13
72	15
72	16
72	18
72	21
72	22
72	24
72	26
72	27
72	28
72	29
72	30
72	31
72	35
72	37
72	39
72	43
72	44
72	45
72	46
72	47
72	48
72	51
72	52
72	55
72	56
72	57
72	58
72	59
72	60
72	61
72	63
72	64
72	65
72	66
72	70
72	74
72	75
72	76
72	77
72	80
72	81
72	82
72	83
72	84
72	85
72	87
72	88
72	89
72	90
72	91
72	92
72	93
72	94
72	98
72	99
72	100
72	105
72	106
72	113
72	114
72	115
72	116
72	117
73	1
73	3
73	4
73	6
73	8
73	9
73	11
73	15
73	16
73	18
73	19
73	20
73	21
73	22
73	23
73	24
73	25
73	26
73	28
73	30
73	31
73	32
73	34
73	35
73	38
73	39
73	41
73	42
73	43
73	44
73	45
73	46
73	48
73	49
73	50
73	51
73	54
73	55
73	58
73	61
73	62
73	63
73	64
73	66
73	68
73	69
73	70
73	72
73	74
73	75
73	76
73	77
73	78
73	80
73	82
73	84
73	85
73	86
73	87
73	88
73	89
73	91
73	92
73	93
73	95
73	97
73	98
73	100
73	102
73	104
73	105
73	106
73	109
73	110
73	111
73	113
73	114
73	116
73	117
74	1
74	3
74	5
74	6
74	7
74	8
74	9
74	11
74	12
74	13
74	14
74	15
74	16
74	18
74	19
74	21
74	23
74	25
74	26
74	27
74	29
74	30
74	31
74	32
74	33
74	34
74	35
74	36
74	39
74	42
74	43
74	44
74	45
74	48
74	51
74	53
74	54
74	56
74	57
74	58
74	59
74	60
74	61
74	63
74	64
74	66
74	69
74	70
74	72
74	73
74	76
74	77
74	79
74	80
74	81
74	82
74	83
74	84
74	85
74	86
74	87
74	92
74	93
74	94
74	96
74	97
74	98
74	99
74	101
74	102
74	103
74	105
74	109
74	114
74	117
75	3
75	5
75	6
75	7
75	8
75	9
75	10
75	11
75	13
75	14
75	18
75	19
75	24
75	25
75	26
75	27
75	28
75	30
75	33
75	36
75	38
75	39
75	41
75	42
75	44
75	45
75	46
75	47
75	49
75	50
75	52
75	53
75	55
75	57
75	58
75	60
75	61
75	63
75	64
75	67
75	68
75	69
75	70
75	71
75	74
75	77
75	79
75	80
75	82
75	83
75	84
75	85
75	87
75	88
75	89
75	91
75	92
75	95
75	96
75	97
75	98
75	99
75	100
75	102
75	104
75	105
75	106
75	107
75	108
75	109
75	113
75	116
76	1
76	3
76	4
76	6
76	9
76	10
76	11
76	12
76	14
76	17
76	19
76	20
76	21
76	22
76	25
76	27
76	28
76	29
76	30
76	31
76	32
76	34
76	36
76	37
76	38
76	39
76	40
76	41
76	42
76	43
76	44
76	45
76	46
76	48
76	49
76	51
76	52
76	54
76	55
76	56
76	60
76	61
76	63
76	65
76	66
76	68
76	70
76	71
76	73
76	74
76	77
76	79
76	80
76	82
76	84
76	85
76	86
76	87
76	88
76	89
76	91
76	93
76	95
76	96
76	97
76	99
76	100
76	101
76	102
76	103
76	106
76	109
76	110
76	112
76	116
76	117
77	2
77	3
77	4
77	5
77	7
77	8
77	9
77	10
77	12
77	13
77	15
77	16
77	17
77	18
77	19
77	20
77	21
77	22
77	24
77	25
77	27
77	28
77	35
77	36
77	38
77	39
77	40
77	41
77	42
77	44
77	45
77	47
77	51
77	52
77	53
77	54
77	56
77	57
77	58
77	59
77	60
77	61
77	64
77	65
77	66
77	67
77	68
77	69
77	70
77	71
77	72
77	77
77	80
77	82
77	84
77	85
77	87
77	88
77	89
77	90
77	91
77	93
77	94
77	95
77	96
77	97
77	98
77	99
77	100
77	101
77	103
77	105
77	106
77	108
77	109
77	110
77	112
77	113
77	115
77	116
77	117
78	1
78	2
78	3
78	5
78	7
78	9
78	13
78	14
78	16
78	17
78	19
78	20
78	23
78	24
78	25
78	27
78	28
78	30
78	32
78	34
78	35
78	37
78	38
78	39
78	42
78	43
78	44
78	46
78	47
78	48
78	49
78	51
78	53
78	54
78	56
78	57
78	58
78	60
78	61
78	62
78	64
78	65
78	66
78	67
78	68
78	70
78	71
78	72
78	79
78	80
78	81
78	82
78	83
78	86
78	87
78	88
78	89
78	90
78	91
78	92
78	94
78	96
78	98
78	99
78	101
78	102
78	103
78	104
78	105
78	106
78	109
78	110
78	111
78	113
78	114
78	115
78	117
79	2
79	3
79	4
79	6
79	7
79	8
79	9
79	11
79	12
79	14
79	18
79	19
79	21
79	23
79	24
79	25
79	26
79	27
79	29
79	30
79	31
79	32
79	33
79	34
79	35
79	37
79	42
79	43
79	44
79	46
79	47
79	50
79	52
79	53
79	54
79	55
79	56
79	57
79	59
79	60
79	63
79	64
79	65
79	66
79	67
79	68
79	70
79	71
79	72
79	74
79	76
79	78
79	79
79	80
79	82
79	84
79	85
79	86
79	88
79	89
79	90
79	91
79	94
79	95
79	97
79	98
79	99
79	101
79	103
79	104
79	105
79	106
79	107
79	108
79	109
79	110
79	114
79	115
80	1
80	4
80	5
80	6
80	7
80	8
80	9
80	10
80	12
80	14
80	16
80	17
80	18
80	19
80	20
80	22
80	23
80	24
80	26
80	27
80	29
80	30
80	31
80	32
80	34
80	37
80	38
80	41
80	42
80	43
80	44
80	45
80	46
80	47
80	48
80	50
80	51
80	53
80	55
80	60
80	62
80	63
80	64
80	65
80	67
80	70
80	72
80	73
80	74
80	75
80	76
80	77
80	78
80	80
80	81
80	82
80	83
80	84
80	86
80	88
80	89
80	91
80	92
80	95
80	96
80	97
80	98
80	99
80	100
80	101
80	102
80	103
80	104
80	105
80	106
80	107
80	108
80	109
80	114
80	115
80	116
80	117
81	1
81	2
81	3
81	6
81	9
81	10
81	11
81	12
81	14
81	16
81	17
81	18
81	20
81	21
81	22
81	24
81	26
81	27
81	29
81	30
81	31
81	32
81	34
81	35
81	37
81	39
81	41
81	43
81	44
81	46
81	47
81	48
81	49
81	50
81	51
81	53
81	57
81	58
81	59
81	60
81	61
81	62
81	63
81	65
81	66
81	68
81	70
81	71
81	72
81	76
81	79
81	81
81	82
81	83
81	84
81	85
81	86
81	87
81	88
81	90
81	91
81	92
81	93
81	94
81	96
81	98
81	99
81	101
81	103
81	104
81	105
81	107
81	108
81	109
81	111
81	112
81	113
81	114
81	116
82	1
82	2
82	3
82	4
82	5
82	10
82	11
82	15
82	17
82	18
82	19
82	21
82	22
82	24
82	25
82	27
82	28
82	30
82	31
82	32
82	33
82	34
82	36
82	37
82	38
82	40
82	41
82	43
82	44
82	45
82	46
82	47
82	48
82	49
82	51
82	52
82	54
82	56
82	57
82	58
82	60
82	61
82	66
82	67
82	70
82	72
82	75
82	76
82	77
82	78
82	79
82	81
82	82
82	84
82	86
82	87
82	90
82	92
82	93
82	95
82	96
82	97
82	100
82	101
82	102
82	103
82	104
82	105
82	107
82	108
82	110
82	111
82	112
82	115
82	116
83	2
83	3
83	4
83	5
83	7
83	10
83	11
83	12
83	16
83	17
83	18
83	20
83	21
83	22
83	23
83	26
83	30
83	32
83	33
83	34
83	36
83	39
83	40
83	41
83	43
83	47
83	48
83	49
83	50
83	51
83	52
83	54
83	55
83	59
83	60
83	62
83	63
83	65
83	66
83	67
83	68
83	69
83	70
83	71
83	72
83	73
83	74
83	75
83	76
83	78
83	80
83	84
83	85
83	86
83	87
83	89
83	94
83	95
83	96
83	98
83	99
83	102
83	103
83	105
83	106
83	107
83	108
83	109
83	114
83	117
84	2
84	4
84	9
84	10
84	12
84	15
84	16
84	17
84	18
84	19
84	20
84	22
84	25
84	27
84	28
84	29
84	35
84	36
84	38
84	39
84	40
84	41
84	43
84	44
84	45
84	46
84	48
84	49
84	50
84	53
84	54
84	55
84	56
84	58
84	61
84	62
84	64
84	65
84	66
84	68
84	69
84	70
84	71
84	72
84	75
84	76
84	77
84	78
84	79
84	80
84	82
84	83
84	84
84	85
84	88
84	91
84	92
84	93
84	94
84	95
84	97
84	98
84	99
84	101
84	102
84	104
84	105
84	106
84	107
84	108
84	110
84	111
84	113
84	114
84	117
85	1
85	2
85	3
85	5
85	6
85	8
85	9
85	10
85	12
85	13
85	18
85	19
85	20
85	21
85	25
85	26
85	27
85	30
85	31
85	32
85	33
85	34
85	35
85	36
85	37
85	38
85	43
85	45
85	46
85	49
85	50
85	51
85	53
85	54
85	57
85	58
85	61
85	65
85	66
85	69
85	70
85	71
85	72
85	77
85	78
85	80
85	83
85	85
85	87
85	88
85	91
85	92
85	93
85	94
85	95
85	97
85	98
85	99
85	100
85	103
85	104
85	106
85	107
85	108
85	109
85	111
85	112
85	113
85	116
85	117
86	2
86	3
86	4
86	6
86	7
86	8
86	11
86	12
86	13
86	15
86	16
86	18
86	21
86	22
86	23
86	24
86	25
86	30
86	34
86	35
86	37
86	38
86	39
86	41
86	43
86	44
86	45
86	47
86	48
86	52
86	53
86	55
86	56
86	57
86	58
86	60
86	61
86	62
86	64
86	65
86	66
86	67
86	70
86	73
86	76
86	78
86	80
86	83
86	84
86	85
86	91
86	92
86	93
86	96
86	97
86	99
86	100
86	103
86	104
86	106
86	109
86	110
86	111
86	114
86	115
87	3
87	5
87	6
87	7
87	10
87	12
87	13
87	14
87	15
87	16
87	17
87	18
87	20
87	21
87	22
87	25
87	26
87	30
87	33
87	34
87	35
87	36
87	37
87	38
87	39
87	42
87	44
87	46
87	47
87	48
87	50
87	51
87	52
87	55
87	57
87	58
87	59
87	60
87	61
87	62
87	63
87	64
87	65
87	68
87	70
87	74
87	75
87	76
87	77
87	79
87	81
87	84
87	85
87	86
87	88
87	90
87	91
87	94
87	95
87	96
87	97
87	98
87	99
87	100
87	102
87	104
87	105
87	111
87	112
87	113
87	114
87	115
87	116
87	117
88	1
88	2
88	8
88	12
88	13
88	16
88	17
88	19
88	20
88	21
88	22
88	24
88	27
88	28
88	29
88	30
88	32
88	34
88	36
88	37
88	38
88	40
88	41
88	46
88	47
88	51
88	52
88	54
88	55
88	57
88	58
88	60
88	62
88	64
88	65
88	68
88	70
88	71
88	72
88	73
88	74
88	76
88	81
88	82
88	83
88	85
88	87
88	88
88	89
88	90
88	92
88	94
88	95
88	97
88	99
88	100
88	103
88	104
88	105
88	106
88	107
88	111
88	112
88	113
88	114
88	115
88	116
88	117
89	1
89	2
89	3
89	4
89	5
89	7
89	8
89	9
89	11
89	12
89	13
89	14
89	15
89	18
89	19
89	21
89	24
89	25
89	27
89	28
89	30
89	34
89	36
89	41
89	42
89	43
89	44
89	46
89	47
89	48
89	49
89	51
89	52
89	54
89	55
89	58
89	59
89	61
89	62
89	63
89	64
89	65
89	67
89	68
89	69
89	70
89	73
89	74
89	76
89	78
89	79
89	80
89	82
89	84
89	85
89	86
89	87
89	90
89	92
89	93
89	95
89	97
89	98
89	99
89	100
89	101
89	102
89	104
89	105
89	106
89	107
89	108
89	109
89	110
89	111
89	113
89	115
89	116
90	1
90	3
90	4
90	6
90	7
90	9
90	10
90	12
90	13
90	14
90	15
90	16
90	21
90	22
90	23
90	24
90	25
90	26
90	28
90	31
90	32
90	34
90	35
90	36
90	37
90	38
90	39
90	42
90	44
90	45
90	48
90	49
90	51
90	52
90	54
90	55
90	56
90	57
90	58
90	59
90	61
90	63
90	64
90	66
90	68
90	69
90	70
90	71
90	72
90	74
90	75
90	76
90	77
90	79
90	81
90	82
90	84
90	86
90	87
90	88
90	89
90	90
90	91
90	92
90	94
90	96
90	97
90	98
90	99
90	102
90	104
90	105
90	108
90	111
90	112
90	113
90	114
91	1
91	2
91	3
91	5
91	6
91	7
91	8
91	9
91	10
91	12
91	13
91	15
91	16
91	18
91	19
91	20
91	21
91	22
91	26
91	27
91	28
91	29
91	30
91	31
91	32
91	33
91	34
91	36
91	37
91	38
91	42
91	44
91	45
91	49
91	50
91	52
91	53
91	54
91	55
91	56
91	59
91	61
91	62
91	63
91	64
91	65
91	66
91	67
91	68
91	70
91	72
91	75
91	77
91	78
91	80
91	82
91	84
91	85
91	86
91	87
91	90
91	91
91	92
91	98
91	100
91	102
91	103
91	109
91	112
91	115
91	116
91	117
92	2
92	5
92	7
92	9
92	10
92	12
92	17
92	18
92	20
92	21
92	22
92	24
92	25
92	26
92	28
92	29
92	30
92	31
92	33
92	34
92	38
92	39
92	40
92	41
92	43
92	44
92	45
92	46
92	47
92	48
92	49
92	51
92	52
92	54
92	56
92	58
92	59
92	60
92	61
92	62
92	63
92	65
92	66
92	67
92	68
92	69
92	71
92	72
92	75
92	76
92	77
92	81
92	82
92	84
92	87
92	89
92	90
92	93
92	94
92	95
92	97
92	98
92	100
92	101
92	102
92	104
92	107
92	108
92	111
92	112
92	113
92	115
92	117
93	1
93	2
93	4
93	6
93	7
93	10
93	13
93	15
93	17
93	18
93	20
93	21
93	24
93	25
93	27
93	28
93	30
93	31
93	33
93	34
93	36
93	37
93	40
93	42
93	43
93	45
93	46
93	48
93	49
93	50
93	51
93	52
93	53
93	55
93	56
93	58
93	59
93	61
93	62
93	63
93	64
93	65
93	69
93	70
93	71
93	72
93	74
93	75
93	77
93	80
93	81
93	82
93	85
93	88
93	89
93	90
93	91
93	92
93	93
93	96
93	97
93	98
93	100
93	102
93	104
93	107
93	108
93	110
93	111
93	112
93	114
93	117
94	1
94	3
94	4
94	5
94	6
94	9
94	10
94	13
94	14
94	15
94	16
94	17
94	19
94	22
94	23
94	24
94	26
94	27
94	29
94	31
94	32
94	33
94	34
94	35
94	36
94	37
94	38
94	39
94	41
94	44
94	46
94	47
94	48
94	49
94	50
94	51
94	52
94	53
94	55
94	56
94	57
94	58
94	60
94	61
94	63
94	65
94	66
94	67
94	69
94	71
94	72
94	73
94	74
94	75
94	76
94	80
94	81
94	82
94	83
94	84
94	85
94	86
94	87
94	88
94	89
94	91
94	94
94	98
94	100
94	101
94	102
94	103
94	104
94	105
94	106
94	107
94	108
94	109
94	110
94	115
94	117
95	1
95	2
95	4
95	5
95	7
95	9
95	12
95	13
95	14
95	15
95	16
95	19
95	20
95	22
95	26
95	27
95	28
95	30
95	32
95	34
95	36
95	37
95	38
95	39
95	41
95	44
95	45
95	46
95	47
95	50
95	52
95	53
95	54
95	55
95	56
95	57
95	58
95	60
95	61
95	62
95	63
95	64
95	65
95	66
95	67
95	69
95	70
95	72
95	73
95	75
95	78
95	82
95	84
95	88
95	89
95	90
95	91
95	92
95	93
95	94
95	95
95	96
95	97
95	98
95	99
95	101
95	104
95	106
95	108
95	109
95	111
95	112
95	113
95	115
95	117
96	1
96	2
96	4
96	5
96	6
96	7
96	8
96	9
96	10
96	11
96	12
96	13
96	15
96	16
96	18
96	19
96	20
96	23
96	25
96	26
96	30
96	31
96	32
96	34
96	35
96	40
96	41
96	42
96	44
96	46
96	48
96	50
96	51
96	52
96	53
96	55
96	56
96	58
96	59
96	61
96	62
96	63
96	65
96	66
96	68
96	69
96	73
96	75
96	76
96	78
96	82
96	83
96	85
96	86
96	87
96	88
96	91
96	92
96	93
96	94
96	96
96	97
96	99
96	101
96	102
96	108
96	109
96	110
96	111
96	112
96	113
96	114
96	115
96	116
96	117
97	1
97	2
97	3
97	6
97	9
97	14
97	22
97	24
97	27
97	28
97	29
97	31
97	33
97	36
97	37
97	39
97	40
97	41
97	42
97	43
97	44
97	45
97	46
97	49
97	51
97	52
97	53
97	54
97	58
97	59
97	62
97	63
97	64
97	66
97	67
97	68
97	69
97	70
97	73
97	75
97	77
97	79
97	80
97	81
97	82
97	83
97	84
97	85
97	89
97	90
97	91
97	92
97	99
97	100
97	102
97	103
97	104
97	105
97	107
97	108
97	109
97	111
97	113
97	114
97	115
97	116
97	117
98	5
98	7
98	8
98	11
98	12
98	13
98	15
98	16
98	17
98	20
98	21
98	23
98	27
98	32
98	34
98	37
98	38
98	40
98	41
98	42
98	43
98	44
98	45
98	47
98	50
98	51
98	52
98	53
98	55
98	56
98	57
98	58
98	59
98	61
98	65
98	67
98	69
98	70
98	71
98	76
98	79
98	80
98	83
98	84
98	89
98	91
98	92
98	93
98	95
98	96
98	97
98	98
98	99
98	101
98	102
98	103
98	104
98	105
98	106
98	108
98	111
98	112
98	114
98	115
98	117
99	1
99	2
99	3
99	5
99	6
99	7
99	8
99	9
99	10
99	12
99	15
99	16
99	17
99	18
99	19
99	20
99	22
99	25
99	26
99	27
99	28
99	29
99	30
99	31
99	32
99	33
99	34
99	38
99	40
99	41
99	45
99	46
99	48
99	53
99	54
99	55
99	57
99	58
99	59
99	63
99	68
99	70
99	71
99	73
99	74
99	75
99	77
99	79
99	81
99	82
99	84
99	85
99	86
99	87
99	89
99	90
99	91
99	92
99	93
99	95
99	96
99	97
99	98
99	99
99	100
99	101
99	102
99	104
99	105
99	106
99	110
99	111
99	112
99	115
100	2
100	3
100	4
100	6
100	7
100	9
100	10
100	12
100	13
100	15
100	17
100	19
100	23
100	24
100	25
100	26
100	27
100	31
100	32
100	33
100	36
100	37
100	38
100	39
100	44
100	46
100	48
100	52
100	53
100	56
100	58
100	59
100	61
100	62
100	63
100	64
100	67
100	69
100	70
100	74
100	75
100	78
100	79
100	80
100	81
100	82
100	85
100	88
100	89
100	90
100	91
100	92
100	93
100	99
100	100
100	101
100	102
100	103
100	105
100	106
100	108
100	109
100	110
100	111
100	112
100	113
100	114
100	115
100	117
101	3
101	4
101	5
101	7
101	8
101	9
101	11
101	13
101	14
101	15
101	16
101	18
101	20
101	23
101	25
101	26
101	28
101	30
101	33
101	34
101	36
101	38
101	39
101	42
101	43
101	44
101	45
101	46
101	47
101	49
101	50
101	52
101	53
101	54
101	55
101	56
101	58
101	60
101	61
101	62
101	64
101	65
101	67
101	68
101	70
101	71
101	72
101	73
101	74
101	75
101	77
101	78
101	79
101	80
101	82
101	84
101	85
101	86
101	87
101	88
101	89
101	90
101	92
101	93
101	96
101	98
101	100
101	101
101	105
101	106
101	109
101	112
101	114
101	115
101	116
101	117
102	1
102	3
102	4
102	7
102	8
102	10
102	11
102	12
102	13
102	15
102	16
102	17
102	19
102	20
102	21
102	22
102	24
102	28
102	29
102	33
102	34
102	35
102	36
102	38
102	39
102	40
102	41
102	42
102	43
102	44
102	47
102	48
102	50
102	51
102	53
102	54
102	55
102	56
102	57
102	58
102	59
102	60
102	61
102	62
102	63
102	64
102	65
102	66
102	67
102	69
102	71
102	74
102	76
102	77
102	78
102	81
102	82
102	84
102	85
102	87
102	88
102	89
102	91
102	92
102	93
102	95
102	96
102	97
102	98
102	99
102	102
102	104
102	105
102	106
102	107
102	108
102	111
102	114
102	115
102	116
102	117
103	2
103	5
103	6
103	7
103	8
103	9
103	10
103	11
103	12
103	13
103	14
103	15
103	16
103	19
103	22
103	23
103	24
103	26
103	27
103	28
103	31
103	33
103	35
103	37
103	38
103	40
103	43
103	45
103	48
103	49
103	50
103	51
103	52
103	53
103	54
103	55
103	56
103	57
103	58
103	60
103	64
103	65
103	66
103	67
103	68
103	69
103	70
103	73
103	76
103	78
103	80
103	83
103	84
103	85
103	87
103	89
103	91
103	92
103	93
103	95
103	100
103	101
103	102
103	103
103	104
103	105
103	106
103	107
103	108
103	110
103	111
103	112
103	113
103	114
103	116
103	117
104	1
104	2
104	3
104	6
104	7
104	8
104	11
104	12
104	13
104	14
104	15
104	16
104	18
104	19
104	20
104	21
104	23
104	28
104	30
104	31
104	32
104	34
104	35
104	38
104	39
104	40
104	41
104	43
104	45
104	46
104	47
104	50
104	51
104	54
104	55
104	56
104	58
104	59
104	60
104	61
104	62
104	66
104	69
104	72
104	73
104	75
104	76
104	79
104	82
104	84
104	86
104	87
104	88
104	89
104	90
104	92
104	93
104	94
104	95
104	97
104	98
104	99
104	101
104	104
104	105
104	106
104	107
104	109
104	110
104	111
104	112
104	116
104	117
105	1
105	2
105	3
105	6
105	8
105	9
105	10
105	12
105	15
105	17
105	20
105	22
105	24
105	25
105	26
105	29
105	30
105	31
105	32
105	34
105	35
105	37
105	38
105	39
105	40
105	41
105	42
105	43
105	45
105	46
105	48
105	49
105	51
105	53
105	54
105	55
105	56
105	57
105	58
105	59
105	64
105	66
105	71
105	73
105	74
105	75
105	78
105	79
105	80
105	81
105	82
105	83
105	85
105	86
105	87
105	90
105	92
105	93
105	94
105	96
105	97
105	98
105	99
105	100
105	101
105	102
105	103
105	105
105	107
105	109
105	111
105	112
105	113
105	114
105	115
106	1
106	2
106	3
106	4
106	6
106	10
106	12
106	14
106	17
106	18
106	19
106	20
106	21
106	22
106	24
106	25
106	26
106	27
106	32
106	33
106	34
106	37
106	40
106	42
106	43
106	44
106	45
106	46
106	48
106	49
106	50
106	52
106	53
106	54
106	56
106	58
106	59
106	64
106	66
106	67
106	69
106	72
106	73
106	74
106	76
106	79
106	80
106	85
106	86
106	90
106	92
106	93
106	94
106	95
106	97
106	98
106	99
106	100
106	101
106	104
106	106
106	110
106	111
106	112
106	113
106	115
106	116
107	1
107	2
107	5
107	7
107	8
107	9
107	10
107	12
107	13
107	15
107	17
107	19
107	20
107	21
107	22
107	24
107	25
107	26
107	27
107	28
107	29
107	31
107	33
107	34
107	35
107	37
107	42
107	44
107	50
107	51
107	52
107	53
107	54
107	56
107	57
107	60
107	61
107	62
107	65
107	67
107	70
107	71
107	72
107	73
107	75
107	78
107	79
107	81
107	83
107	84
107	87
107	88
107	90
107	93
107	94
107	95
107	96
107	100
107	101
107	104
107	105
107	106
107	107
107	108
107	112
107	113
107	114
107	115
108	2
108	3
108	4
108	5
108	7
108	8
108	9
108	10
108	11
108	12
108	15
108	18
108	19
108	20
108	21
108	25
108	26
108	27
108	28
108	30
108	31
108	32
108	34
108	35
108	37
108	38
108	39
108	40
108	41
108	42
108	43
108	44
108	46
108	47
108	49
108	50
108	51
108	52
108	53
108	54
108	55
108	56
108	57
108	59
108	60
108	61
108	62
108	63
108	64
108	65
108	66
108	67
108	68
108	69
108	70
108	72
108	73
108	75
108	76
108	77
108	78
108	79
108	80
108	82
108	84
108	86
108	87
108	92
108	93
108	94
108	99
108	100
108	101
108	105
108	106
108	107
108	108
108	109
108	112
108	113
108	114
108	117
109	1
109	4
109	5
109	8
109	10
109	11
109	14
109	15
109	17
109	18
109	21
109	22
109	24
109	25
109	26
109	27
109	29
109	30
109	31
109	32
109	33
109	34
109	37
109	39
109	40
109	41
109	42
109	43
109	45
109	47
109	48
109	49
109	50
109	52
109	53
109	54
109	55
109	56
109	57
109	58
109	60
109	61
109	62
109	64
109	66
109	67
109	68
109	70
109	72
109	73
109	74
109	77
109	78
109	80
109	83
109	84
109	85
109	86
109	89
109	91
109	92
109	94
109	95
109	97
109	98
109	101
109	107
109	108
109	109
109	111
109	112
109	113
109	114
109	115
109	117
110	1
110	2
110	4
110	10
110	13
110	14
110	15
110	18
110	19
110	20
110	21
110	23
110	26
110	28
110	29
110	32
110	33
110	34
110	35
110	36
110	37
110	45
110	46
110	47
110	48
110	49
110	50
110	51
110	52
110	53
110	57
110	58
110	59
110	62
110	63
110	66
110	68
110	69
110	76
110	78
110	79
110	80
110	83
110	84
110	85
110	86
110	87
110	88
110	89
110	90
110	91
110	92
110	93
110	95
110	96
110	97
110	98
110	99
110	101
110	102
110	103
110	104
110	107
110	109
110	111
110	112
110	114
110	116
110	117
111	1
111	2
111	3
111	4
111	5
111	6
111	7
111	9
111	10
111	14
111	15
111	16
111	17
111	18
111	19
111	20
111	21
111	22
111	23
111	24
111	25
111	26
111	28
111	30
111	32
111	33
111	34
111	35
111	37
111	38
111	39
111	40
111	41
111	42
111	43
111	47
111	49
111	50
111	51
111	52
111	54
111	56
111	59
111	63
111	64
111	65
111	67
111	69
111	70
111	75
111	76
111	77
111	78
111	79
111	83
111	86
111	90
111	91
111	92
111	93
111	94
111	95
111	96
111	99
111	100
111	104
111	105
111	106
111	108
111	111
111	113
111	117
112	1
112	2
112	3
112	5
112	7
112	8
112	14
112	15
112	17
112	19
112	21
112	22
112	23
112	25
112	27
112	28
112	30
112	31
112	32
112	33
112	34
112	40
112	42
112	44
112	46
112	47
112	48
112	49
112	50
112	51
112	52
112	53
112	54
112	56
112	59
112	63
112	67
112	68
112	71
112	73
112	74
112	76
112	79
112	80
112	82
112	83
112	85
112	87
112	88
112	89
112	91
112	92
112	93
112	95
112	97
112	99
112	103
112	104
112	105
112	106
112	107
112	108
112	110
112	113
112	115
112	116
112	117
113	2
113	3
113	4
113	5
113	7
113	8
113	9
113	10
113	11
113	12
113	14
113	16
113	17
113	18
113	19
113	20
113	23
113	24
113	26
113	28
113	29
113	31
113	33
113	34
113	35
113	37
113	40
113	41
113	42
113	43
113	44
113	46
113	47
113	48
113	50
113	52
113	53
113	54
113	55
113	56
113	57
113	58
113	59
113	64
113	67
113	68
113	71
113	72
113	73
113	75
113	77
113	78
113	79
113	80
113	81
113	82
113	83
113	84
113	85
113	86
113	91
113	92
113	93
113	95
113	97
113	98
113	99
113	100
113	101
113	102
113	103
113	104
113	105
113	106
113	108
113	110
113	111
113	114
113	115
113	116
114	3
114	4
114	5
114	6
114	7
114	9
114	10
114	11
114	12
114	14
114	15
114	16
114	18
114	20
114	21
114	22
114	23
114	24
114	25
114	27
114	28
114	29
114	30
114	31
114	33
114	34
114	35
114	36
114	40
114	43
114	44
114	45
114	46
114	47
114	48
114	49
114	50
114	51
114	52
114	54
114	57
114	58
114	59
114	60
114	61
114	63
114	64
114	65
114	66
114	68
114	69
114	70
114	74
114	75
114	76
114	77
114	78
114	80
114	82
114	85
114	86
114	87
114	90
114	91
114	92
114	93
114	94
114	95
114	96
114	97
114	101
114	102
114	103
114	105
114	107
114	109
114	110
114	112
114	114
114	116
114	117
115	1
115	2
115	4
115	5
115	8
115	9
115	10
115	12
115	13
115	14
115	15
115	21
115	22
115	24
115	26
115	27
115	28
115	29
115	30
115	31
115	32
115	33
115	37
115	38
115	42
115	43
115	44
115	46
115	49
115	50
115	51
115	52
115	53
115	54
115	56
115	58
115	61
115	62
115	64
115	65
115	66
115	67
115	68
115	71
115	72
115	74
115	75
115	77
115	78
115	80
115	81
115	82
115	83
115	85
115	88
115	89
115	90
115	92
115	93
115	94
115	95
115	96
115	98
115	99
115	100
115	101
115	104
115	105
115	106
115	109
115	110
115	111
115	113
115	114
115	115
115	116
115	117
116	1
116	2
116	4
116	5
116	11
116	12
116	13
116	14
116	15
116	16
116	18
116	19
116	21
116	22
116	23
116	25
116	27
116	31
116	32
116	36
116	38
116	39
116	40
116	42
116	43
116	44
116	45
116	47
116	48
116	49
116	50
116	51
116	52
116	53
116	54
116	55
116	57
116	58
116	61
116	63
116	64
116	66
116	67
116	68
116	70
116	72
116	74
116	78
116	79
116	80
116	81
116	82
116	83
116	84
116	85
116	86
116	87
116	90
116	93
116	94
116	97
116	100
116	101
116	104
116	105
116	107
116	108
116	110
116	111
116	113
116	114
116	115
116	116
117	1
117	2
117	4
117	6
117	8
117	10
117	12
117	13
117	15
117	16
117	20
117	21
117	26
117	27
117	28
117	29
117	30
117	31
117	33
117	34
117	35
117	36
117	37
117	38
117	39
117	40
117	41
117	43
117	44
117	45
117	46
117	47
117	48
117	51
117	53
117	55
117	56
117	57
117	59
117	60
117	61
117	63
117	66
117	67
117	68
117	69
117	70
117	71
117	72
117	73
117	74
117	75
117	78
117	81
117	83
117	85
117	86
117	88
117	89
117	90
117	91
117	92
117	93
117	94
117	95
117	98
117	99
117	100
117	101
117	102
117	103
117	105
117	107
117	109
117	110
117	114
117	115
117	117
1	118
2	118
3	118
4	118
5	118
6	118
7	118
8	118
9	118
10	118
11	118
12	118
13	118
14	118
15	118
16	118
17	118
18	118
19	118
20	118
21	118
22	118
23	118
24	118
25	118
26	118
27	118
28	118
29	118
30	118
31	118
32	118
33	118
34	118
35	118
36	118
37	118
38	118
39	118
40	118
41	118
42	118
43	118
44	118
45	118
46	118
47	118
48	118
49	118
50	118
51	118
52	118
53	118
54	118
55	118
56	118
57	118
58	118
59	118
60	118
61	118
62	118
63	118
64	118
65	118
66	118
67	118
68	118
69	118
70	118
71	118
72	118
73	118
74	118
75	118
76	118
77	118
78	118
79	118
80	118
81	118
82	118
83	118
84	118
85	118
86	118
87	118
88	118
89	118
90	118
91	118
92	118
93	118
94	118
95	118
96	118
97	118
98	118
99	118
100	118
101	118
102	118
103	118
104	118
105	118
106	118
107	118
108	118
109	118
110	118
111	118
112	118
113	118
114	118
115	118
116	118
117	118
118	118
