1	4
1	5
1	6
1	7
1	8
1	9
1	10
1	11
1	12
1	13
1	14
1	15
1	16
1	17
1	21
1	22
1	23
1	24
1	25
1	26
1	27
1	28
1	29
1	30
1	31
1	33
1	34
1	36
1	37
1	38
1	39
1	41
1	42
1	43
1	44
1	46
1	49
1	51
1	52
1	53
1	55
1	56
1	57
1	60
1	62
1	66
1	67
1	68
1	72
1	74
1	75
1	76
1	77
1	78
1	79
1	80
1	81
1	82
1	83
1	85
1	86
1	87
1	88
1	89
1	90
1	92
1	93
1	96
1	97
1	98
1	99
1	100
1	101
1	107
1	109
1	110
1	111
1	114
1	115
1	116
1	117
1	118
1	119
1	120
1	122
2	1
2	4
2	5
2	6
2	8
2	9
2	11
2	14
2	15
2	16
2	19
2	20
2	21
2	24
2	29
2	32
2	34
2	35
2	36
2	37
2	38
2	39
2	41
2	43
2	46
2	47
2	48
2	49
2	50
2	51
2	54
2	55
2	56
2	57
2	60
2	61
2	62
2	65
2	66
2	67
2	68
2	69
2	70
2	71
2	74
2	75
2	76
2	77
2	80
2	82
2	85
2	86
2	87
2	88
2	89
2	90
2	93
2	94
2	96
2	97
2	98
2	99
2	100
2	102
2	104
2	105
2	106
2	107
2	108
2	109
2	110
2	111
2	113
2	114
2	115
2	116
2	117
2	118
2	120
3	1
3	2
3	4
3	6
3	8
3	9
3	10
3	11
3	12
3	14
3	15
3	17
3	18
3	19
3	20
3	21
3	22
3	24
3	25
3	26
3	28
3	29
3	30
3	31
3	32
3	33
3	34
3	36
3	38
3	39
3	40
3	42
3	44
3	45
3	47
3	49
3	51
3	52
3	54
3	56
3	59
3	60
3	61
3	62
3	63
3	64
3	65
3	66
3	68
3	70
3	71
3	72
3	73
3	75
3	76
3	78
3	80
3	81
3	82
3	83
3	84
3	88
3	91
3	92
3	93
3	95
3	96
3	98
3	101
3	102
3	104
3	105
3	106
3	108
3	110
3	111
3	112
3	113
3	114
3	116
3	117
3	118
3	119
3	120
3	121
4	1
4	3
4	8
4	12
4	13
4	15
4	17
4	18
4	21
4	22
4	24
4	25
4	27
4	28
4	29
4	31
4	32
4	35
4	37
4	40
4	41
4	42
4	43
4	47
4	48
4	49
4	50
4	51
4	52
4	53
4	57
4	58
4	59
4	61
4	63
4	66
4	67
4	68
4	71
4	72
4	74
4	76
4	77
4	78
4	79
4	80
4	81
4	85
4	86
4	87
4	88
4	90
4	93
4	95
4	103
4	105
4	108
4	111
4	112
4	114
4	115
4	117
4	118
4	119
4	121
5	1
5	2
5	3
5	4
5	6
5	7
5	8
5	11
5	12
5	14
5	17
5	18
5	19
5	20
5	22
5	25
5	26
5	27
5	28
5	29
5	30
5	31
5	32
5	33
5	34
5	35
5	36
5	37
5	38
5	41
5	42
5	43
5	45
5	47
5	48
5	49
5	52
5	56
5	57
5	58
5	60
5	61
5	62
5	63
5	64
5	66
5	68
5	70
5	71
5	76
5	79
5	80
5	81
5	82
5	83
5	85
5	89
5	90
5	91
5	92
5	94
5	95
5	97
5	100
5	104
5	105
5	108
5	109
5	110
5	111
5	112
5	113
5	114
5	115
5	117
5	119
5	121
5	122
6	1
6	2
6	3
6	4
6	5
6	6
6	7
6	9
6	10
6	12
6	13
6	14
6	15
6	16
6	17
6	18
6	19
6	20
6	21
6	22
6	23
6	24
6	27
6	29
6	31
6	33
6	37
6	38
6	39
6	40
6	41
6	42
6	43
6	44
6	45
6	46
6	50
6	56
6	58
6	59
6	60
6	61
6	62
6	63
6	64
6	65
6	66
6	69
6	71
6	73
6	74
6	75
6	76
6	77
6	80
6	83
6	84
6	85
6	86
6	87
6	88
6	89
6	90
6	91
6	92
6	93
6	94
6	95
6	96
6	97
6	98
6	101
6	102
6	103
6	104
6	106
6	108
6	109
6	110
6	111
6	112
6	113
6	116
6	118
6	120
7	1
7	3
7	7
7	8
7	9
7	11
7	13
7	14
7	15
7	19
7	23
7	24
7	27
7	30
7	32
7	35
7	36
7	37
7	38
7	39
7	40
7	42
7	44
7	45
7	49
7	51
7	52
7	55
7	58
7	59
7	60
7	61
7	63
7	64
7	65
7	67
7	68
7	70
7	76
7	77
7	78
7	79
7	81
7	82
7	84
7	88
7	90
7	91
7	92
7	93
7	95
7	96
7	97
7	98
7	100
7	104
7	105
7	106
7	107
7	108
7	109
7	111
7	112
7	114
7	116
7	118
7	120
7	121
7	122
8	1
8	3
8	6
8	8
8	9
8	10
8	11
8	14
8	15
8	18
8	24
8	26
8	27
8	28
8	29
8	31
8	33
8	34
8	36
8	37
8	38
8	39
8	40
8	41
8	44
8	45
8	46
8	47
8	49
8	50
8	51
8	52
8	53
8	54
8	56
8	58
8	59
8	60
8	61
8	63
8	64
8	65
8	66
8	67
8	69
8	70
8	75
8	77
8	78
8	79
8	80
8	81
8	84
8	85
8	86
8	89
8	90
8	92
8	95
8	97
8	100
8	101
8	102
8	104
8	105
8	107
8	109
8	110
8	111
8	112
8	113
8	114
8	115
8	116
8	118
8	119
8	121
8	122
9	2
9	3
9	5
9	6
9	7
9	8
9	9
9	11
9	12
9	13
9	15
9	18
9	20
9	21
9	22
9	24
9	25
9	26
9	27
9	29
9	31
9	32
9	33
9	34
9	38
9	40
9	42
9	43
9	46
9	47
9	48
9	49
9	52
9	53
9	55
9	56
9	57
9	58
9	59
9	62
9	63
9	64
9	66
9	67
9	69
9	70
9	71
9	72
9	74
9	75
9	76
9	78
9	79
9	80
9	81
9	82
9	83
9	84
9	85
9	86
9	87
9	88
9	90
9	91
9	92
9	93
9	94
9	95
9	96
9	97
9	98
9	99
9	102
9	103
9	104
9	105
9	106
9	107
9	108
9	109
9	110
9	111
9	112
9	113
9	114
9	115
9	117
9	118
9	121
10	1
10	2
10	3
10	5
10	6
10	7
10	9
10	10
10	11
10	12
10	15
10	16
10	18
10	19
10	21
10	22
10	23
10	24
10	25
10	27
10	28
10	29
10	30
10	31
10	33
10	34
10	39
10	44
10	45
10	47
10	48
10	49
10	51
10	56
10	58
10	59
10	60
10	62
10	63
10	64
10	65
10	66
10	67
10	69
10	70
10	71
10	72
10	73
10	74
10	76
10	78
10	80
10	82
10	83
10	85
10	87
10	89
10	90
10	91
10	93
10	94
10	95
10	96
10	98
10	100
10	101
10	102
10	106
10	108
10	109
10	111
10	112
10	113
10	116
10	120
10	122
11	1
11	3
11	4
11	5
11	6
11	8
11	9
11	11
11	12
11	14
11	15
11	16
11	18
11	19
11	23
11	24
11	26
11	29
11	30
11	31
11	34
11	35
11	36
11	37
11	39
11	40
11	41
11	42
11	43
11	44
11	45
11	46
11	48
11	50
11	51
11	52
11	54
11	55
11	61
11	62
11	64
11	65
11	66
11	67
11	68
11	70
11	71
11	72
11	73
11	74
11	75
11	78
11	80
11	81
11	83
11	85
11	87
11	88
11	90
11	92
11	93
11	96
11	97
11	99
11	100
11	101
11	103
11	104
11	108
11	109
11	111
11	114
11	115
11	116
11	117
11	119
11	120
12	1
12	4
12	5
12	6
12	7
12	8
12	10
12	12
12	13
12	14
12	15
12	17
12	18
12	19
12	23
12	25
12	27
12	29
12	30
12	31
12	32
12	33
12	36
12	37
12	39
12	40
12	44
12	45
12	47
12	49
12	51
12	52
12	55
12	56
12	60
12	63
12	65
12	67
12	68
12	69
12	72
12	73
12	75
12	76
12	77
12	79
12	80
12	81
12	82
12	83
12	84
12	85
12	87
12	88
12	89
12	90
12	94
12	95
12	97
12	98
12	99
12	102
12	103
12	104
12	106
12	107
12	108
12	109
12	110
12	111
12	114
12	115
12	116
12	117
12	118
12	119
12	120
12	121
12	122
13	1
13	2
13	3
13	4
13	6
13	7
13	8
13	10
13	11
13	12
13	14
13	16
13	17
13	18
13	20
13	21
13	24
13	26
13	28
13	29
13	34
13	35
13	36
13	39
13	44
13	45
13	46
13	47
13	48
13	50
13	51
13	56
13	58
13	59
13	61
13	62
13	63
13	64
13	65
13	66
13	67
13	69
13	71
13	72
13	74
13	75
13	76
13	78
13	79
13	80
13	82
13	84
13	86
13	87
13	90
13	92
13	93
13	94
13	95
13	96
13	98
13	104
13	108
13	109
13	110
13	111
13	112
13	115
13	116
13	119
13	120
13	121
13	122
14	1
14	2
14	3
14	4
14	8
14	10
14	15
14	18
14	21
14	22
14	23
14	24
14	25
14	28
14	29
14	30
14	32
14	33
14	34
14	36
14	37
14	38
14	40
14	41
14	42
14	43
14	45
14	48
14	49
14	53
14	55
14	57
14	58
14	59
14	60
14	62
14	63
14	66
14	67
14	68
14	69
14	70
14	72
14	73
14	74
14	76
14	79
14	81
14	82
14	83
14	85
14	86
14	87
14	88
14	89
14	90
14	91
14	93
14	95
14	96
14	97
14	98
14	100
14	101
14	104
14	106
14	110
14	111
14	112
14	114
14	116
14	117
14	118
14	119
14	120
14	121
15	2
15	4
15	5
15	9
15	10
15	12
15	14
15	15
15	17
15	18
15	19
15	22
15	23
15	24
15	26
15	28
15	31
15	32
15	33
15	34
15	35
15	36
15	38
15	39
15	42
15	43
15	44
15	45
15	46
15	47
15	49
15	50
15	51
15	53
15	54
15	60
15	62
15	63
15	64
15	65
15	67
15	69
15	75
15	76
15	77
15	78
15	79
15	81
15	83
15	85
15	88
15	89
15	90
15	91
15	92
15	93
15	94
15	95
15	96
15	97
15	98
15	99
15	100
15	102
15	104
15	105
15	107
15	109
15	110
15	111
15	114
15	117
15	118
15	119
15	120
15	121
15	122
16	1
16	3
16	4
16	5
16	7
16	9
16	10
16	12
16	17
16	20
16	23
16	26
16	29
16	30
16	32
16	33
16	34
16	36
16	38
16	39
16	41
16	42
16	45
16	47
16	51
16	52
16	54
16	56
16	57
16	58
16	59
16	63
16	64
16	66
16	67
16	68
16	72
16	73
16	74
16	77
16	78
16	80
16	81
16	82
16	84
16	85
16	86
16	87
16	88
16	92
16	93
16	94
16	96
16	97
16	99
16	100
16	101
16	102
16	103
16	104
16	105
16	107
16	108
16	109
16	110
16	111
16	114
16	115
16	118
16	120
16	121
17	3
17	4
17	5
17	7
17	10
17	11
17	12
17	14
17	15
17	17
17	19
17	20
17	21
17	22
17	25
17	28
17	29
17	30
17	32
17	33
17	35
17	36
17	37
17	38
17	40
17	41
17	43
17	44
17	45
17	47
17	49
17	51
17	52
17	53
17	54
17	55
17	56
17	60
17	63
17	68
17	70
17	71
17	73
17	74
17	75
17	76
17	78
17	81
17	82
17	83
17	84
17	85
17	86
17	87
17	88
17	89
17	91
17	92
17	95
17	98
17	99
17	100
17	102
17	103
17	104
17	106
17	107
17	108
17	110
17	111
17	112
17	113
17	115
17	116
17	117
17	119
17	120
17	121
18	1
18	3
18	4
18	6
18	7
18	8
18	10
18	11
18	12
18	13
18	14
18	16
18	17
18	19
18	20
18	21
18	23
18	24
18	25
18	26
18	27
18	28
18	29
18	31
18	32
18	33
18	34
18	36
18	37
18	38
18	39
18	40
18	41
18	43
18	45
18	46
18	47
18	49
18	50
18	51
18	57
18	59
18	61
18	62
18	65
18	66
18	68
18	70
18	71
18	72
18	73
18	76
18	77
18	79
18	80
18	81
18	82
18	85
18	86
18	87
18	88
18	90
18	91
18	92
18	93
18	96
18	98
18	99
18	100
18	101
18	103
18	105
18	107
18	109
18	111
18	116
18	117
18	118
18	120
18	121
18	122
19	1
19	2
19	4
19	5
19	6
19	7
19	9
19	10
19	13
19	15
19	16
19	17
19	18
19	19
19	24
19	28
19	32
19	35
19	36
19	38
19	39
19	41
19	42
19	43
19	44
19	45
19	47
19	49
19	50
19	51
19	52
19	53
19	55
19	56
19	57
19	59
19	60
19	61
19	63
19	65
19	66
19	67
19	70
19	71
19	73
19	75
19	77
19	78
19	79
19	82
19	83
19	85
19	86
19	87
19	90
19	93
19	94
19	95
19	98
19	99
19	102
19	109
19	110
19	111
19	112
19	113
19	114
19	115
19	116
19	117
19	118
19	121
20	2
20	3
20	5
20	6
20	7
20	9
20	10
20	12
20	13
20	17
20	18
20	19
20	20
20	21
20	22
20	23
20	24
20	27
20	29
20	30
20	32
20	33
20	34
20	36
20	37
20	39
20	40
20	45
20	46
20	47
20	48
20	49
20	50
20	52
20	53
20	54
20	55
20	57
20	59
20	62
20	63
20	64
20	65
20	67
20	68
20	70
20	71
20	76
20	78
20	79
20	81
20	82
20	84
20	85
20	88
20	90
20	91
20	92
20	95
20	97
20	98
20	99
20	100
20	101
20	102
20	104
20	105
20	106
20	107
20	108
20	109
20	110
20	111
20	112
20	113
20	114
20	115
20	116
20	118
20	119
20	120
20	122
21	1
21	2
21	3
21	4
21	5
21	8
21	9
21	10
21	11
21	13
21	14
21	15
21	16
21	17
21	18
21	20
21	22
21	24
21	25
21	26
21	28
21	30
21	31
21	32
21	33
21	35
21	36
21	38
21	39
21	40
21	41
21	44
21	45
21	46
21	47
21	48
21	49
21	50
21	51
21	52
21	54
21	55
21	59
21	60
21	63
21	64
21	66
21	67
21	68
21	70
21	72
21	73
21	74
21	76
21	79
21	80
21	82
21	83
21	84
21	85
21	87
21	88
21	89
21	91
21	92
21	94
21	95
21	98
21	100
21	101
21	103
21	104
21	105
21	107
21	109
21	112
21	113
21	114
21	116
21	117
21	119
21	120
21	122
22	1
22	2
22	3
22	4
22	5
22	6
22	7
22	9
22	10
22	13
22	14
22	17
22	18
22	19
22	24
22	25
22	26
22	30
22	31
22	35
22	43
22	45
22	46
22	47
22	48
22	50
22	52
22	53
22	54
22	55
22	56
22	57
22	58
22	60
22	61
22	62
22	63
22	65
22	66
22	67
22	70
22	71
22	72
22	73
22	76
22	78
22	82
22	83
22	85
22	86
22	90
22	91
22	94
22	95
22	96
22	99
22	100
22	101
22	102
22	104
22	105
22	108
22	109
22	110
22	111
22	112
22	114
22	115
22	116
22	117
22	120
22	122
23	1
23	2
23	3
23	4
23	5
23	6
23	8
23	9
23	10
23	11
23	15
23	16
23	17
23	18
23	19
23	20
23	21
23	23
23	24
23	25
23	26
23	27
23	29
23	30
23	31
23	32
23	34
23	35
23	37
23	39
23	41
23	42
23	43
23	45
23	49
23	50
23	51
23	53
23	55
23	56
23	57
23	58
23	60
23	62
23	63
23	66
23	68
23	69
23	70
23	71
23	72
23	73
23	74
23	75
23	76
23	77
23	78
23	80
23	82
23	84
23	88
23	89
23	91
23	92
23	93
23	94
23	95
23	96
23	98
23	99
23	101
23	102
23	104
23	105
23	106
23	107
23	108
23	111
23	112
23	113
23	114
23	116
23	117
23	119
23	120
23	121
24	1
24	5
24	6
24	7
24	9
24	10
24	11
24	13
24	15
24	16
24	17
24	20
24	22
24	23
24	25
24	26
24	27
24	29
24	30
24	31
24	32
24	34
24	35
24	36
24	37
24	41
24	42
24	43
24	44
24	47
24	48
24	49
24	50
24	52
24	54
24	56
24	57
24	60
24	62
24	65
24	66
24	67
24	70
24	71
24	73
24	74
24	75
24	78
24	80
24	81
24	84
24	85
24	86
24	87
24	88
24	90
24	91
24	92
24	93
24	94
24	95
24	96
24	97
24	99
24	100
24	104
24	108
24	109
24	110
24	112
24	113
24	114
24	116
24	117
24	118
24	119
24	120
25	1
25	3
25	4
25	5
25	7
25	8
25	10
25	11
25	13
25	14
25	15
25	16
25	17
25	18
25	19
25	22
25	24
25	26
25	27
25	31
25	32
25	35
25	36
25	38
25	40
25	41
25	42
25	45
25	46
25	48
25	50
25	51
25	57
25	58
25	59
25	60
25	61
25	62
25	63
25	64
25	65
25	66
25	68
25	69
25	71
25	72
25	74
25	75
25	79
25	80
25	81
25	82
25	83
25	84
25	85
25	87
25	90
25	91
25	92
25	95
25	96
25	97
25	103
25	104
25	106
25	107
25	108
25	109
25	111
25	113
25	114
25	115
25	116
25	119
25	120
25	121
25	122
26	1
26	2
26	5
26	6
26	8
26	9
26	10
26	11
26	12
26	13
26	19
26	20
26	21
26	23
26	25
26	26
26	27
26	28
26	29
26	30
26	31
26	33
26	34
26	35
26	36
26	37
26	38
26	39
26	40
26	42
26	43
26	45
26	47
26	48
26	50
26	51
26	52
26	54
26	58
26	60
26	61
26	62
26	63
26	64
26	66
26	67
26	69
26	71
26	72
26	75
26	76
26	77
26	78
26	79
26	81
26	83
26	84
26	85
26	86
26	88
26	89
26	90
26	91
26	93
26	95
26	97
26	98
26	99
26	101
26	103
26	105
26	107
26	109
26	112
26	113
26	114
26	116
26	117
26	118
26	120
26	121
27	1
27	2
27	3
27	5
27	6
27	8
27	10
27	11
27	12
27	13
27	15
27	18
27	21
27	22
27	25
27	26
27	27
27	29
27	30
27	31
27	34
27	35
27	37
27	38
27	39
27	40
27	41
27	43
27	45
27	46
27	47
27	48
27	49
27	50
27	52
27	55
27	56
27	61
27	64
27	65
27	67
27	70
27	71
27	72
27	73
27	74
27	76
27	77
27	79
27	80
27	82
27	84
27	85
27	86
27	87
27	88
27	89
27	91
27	92
27	93
27	94
27	95
27	99
27	101
27	102
27	107
27	109
27	110
27	112
27	114
27	115
27	116
27	117
27	121
27	122
28	1
28	4
28	5
28	6
28	8
28	10
28	11
28	14
28	15
28	16
28	17
28	18
28	20
28	22
28	24
28	26
28	27
28	28
28	29
28	30
28	31
28	32
28	35
28	36
28	37
28	38
28	39
28	40
28	41
28	42
28	43
28	46
28	49
28	50
28	51
28	52
28	54
28	55
28	58
28	59
28	60
28	62
28	63
28	64
28	66
28	67
28	68
28	70
28	71
28	75
28	76
28	77
28	79
28	80
28	81
28	83
28	86
28	87
28	88
28	90
28	92
28	94
28	99
28	100
28	101
28	104
28	105
28	106
28	108
28	109
28	110
28	112
28	113
28	115
28	117
28	120
28	121
28	122
29	1
29	2
29	3
29	4
29	5
29	6
29	7
29	8
29	12
29	13
29	14
29	18
29	19
29	20
29	21
29	22
29	23
29	24
29	25
29	29
29	30
29	32
29	34
29	35
29	40
29	42
29	43
29	44
29	46
29	48
29	53
29	55
29	56
29	60
29	61
29	62
29	63
29	64
29	65
29	66
29	68
29	71
29	73
29	75
29	76
29	77
29	79
29	82
29	83
29	84
29	89
29	90
29	91
29	94
29	95
29	98
29	99
29	100
29	101
29	102
29	103
29	104
29	105
29	106
29	107
29	109
29	111
29	112
29	114
29	116
29	119
29	121
30	3
30	4
30	5
30	6
30	7
30	8
30	12
30	13
30	14
30	15
30	16
30	17
30	18
30	20
30	22
30	23
30	24
30	25
30	26
30	30
30	31
30	32
30	33
30	35
30	37
30	40
30	41
30	42
30	43
30	44
30	46
30	47
30	48
30	49
30	50
30	52
30	53
30	55
30	56
30	57
30	59
30	60
30	61
30	62
30	63
30	64
30	65
30	66
30	67
30	68
30	69
30	70
30	71
30	72
30	73
30	75
30	76
30	77
30	79
30	80
30	81
30	82
30	84
30	86
30	87
30	88
30	89
30	90
30	91
30	93
30	94
30	95
30	96
30	97
30	98
30	99
30	102
30	104
30	106
30	108
30	109
30	110
30	111
30	112
30	114
30	115
30	119
30	120
30	121
31	5
31	7
31	8
31	9
31	10
31	11
31	12
31	13
31	14
31	15
31	17
31	21
31	23
31	24
31	26
31	27
31	28
31	29
31	30
31	32
31	33
31	34
31	35
31	37
31	38
31	39
31	41
31	42
31	44
31	49
31	50
31	56
31	58
31	59
31	60
31	61
31	64
31	65
31	67
31	68
31	69
31	72
31	73
31	76
31	78
31	80
31	82
31	84
31	85
31	87
31	88
31	90
31	93
31	94
31	95
31	105
31	107
31	110
31	112
31	113
31	114
31	115
31	116
31	117
31	120
31	122
32	1
32	2
32	4
32	5
32	7
32	8
32	12
32	14
32	16
32	18
32	20
32	21
32	22
32	23
32	24
32	25
32	26
32	27
32	29
32	30
32	32
32	33
32	36
32	37
32	43
32	45
32	46
32	49
32	50
32	51
32	52
32	53
32	54
32	57
32	58
32	59
32	60
32	62
32	63
32	64
32	65
32	67
32	68
32	70
32	73
32	76
32	77
32	78
32	80
32	81
32	83
32	84
32	89
32	90
32	91
32	92
32	93
32	94
32	95
32	96
32	97
32	98
32	100
32	101
32	102
32	103
32	105
32	106
32	107
32	109
32	110
32	111
32	112
32	113
32	115
32	121
33	1
33	4
33	6
33	8
33	9
33	11
33	12
33	13
33	14
33	15
33	16
33	19
33	20
33	22
33	24
33	25
33	27
33	28
33	29
33	30
33	31
33	34
33	35
33	37
33	41
33	42
33	48
33	52
33	54
33	55
33	56
33	57
33	58
33	59
33	63
33	65
33	68
33	69
33	72
33	74
33	75
33	76
33	78
33	79
33	80
33	81
33	82
33	83
33	86
33	87
33	90
33	91
33	92
33	93
33	94
33	95
33	96
33	97
33	98
33	99
33	100
33	102
33	104
33	105
33	107
33	108
33	109
33	111
33	112
33	113
33	116
33	119
33	120
33	121
33	122
34	3
34	4
34	5
34	6
34	7
34	8
34	10
34	11
34	12
34	13
34	14
34	15
34	18
34	20
34	22
34	24
34	26
34	27
34	28
34	29
34	32
34	33
34	36
34	41
34	43
34	45
34	46
34	47
34	49
34	53
34	54
34	58
34	59
34	61
34	64
34	66
34	67
34	69
34	71
34	72
34	73
34	74
34	76
34	77
34	78
34	81
34	82
34	84
34	85
34	86
34	88
34	89
34	91
34	92
34	93
34	94
34	96
34	101
34	103
34	104
34	105
34	106
34	107
34	108
34	110
34	111
34	112
34	113
34	114
34	115
34	116
34	117
34	118
34	119
34	120
34	121
34	122
35	4
35	6
35	8
35	9
35	11
35	12
35	18
35	19
35	22
35	24
35	26
35	27
35	28
35	29
35	30
35	31
35	35
35	36
35	37
35	39
35	45
35	46
35	47
35	50
35	51
35	52
35	53
35	55
35	58
35	59
35	60
35	62
35	64
35	65
35	66
35	67
35	69
35	75
35	76
35	77
35	78
35	79
35	80
35	81
35	84
35	85
35	86
35	89
35	90
35	91
35	94
35	97
35	98
35	100
35	101
35	102
35	103
35	105
35	106
35	107
35	108
35	109
35	110
35	112
35	113
35	117
35	118
35	119
35	120
36	1
36	2
36	3
36	5
36	6
36	7
36	12
36	13
36	15
36	16
36	18
36	19
36	20
36	21
36	23
36	24
36	26
36	27
36	28
36	29
36	30
36	31
36	32
36	33
36	36
36	38
36	39
36	41
36	42
36	43
36	44
36	45
36	46
36	47
36	51
36	52
36	54
36	55
36	56
36	58
36	60
36	63
36	67
36	68
36	70
36	71
36	73
36	75
36	78
36	79
36	85
36	86
36	89
36	90
36	91
36	92
36	93
36	95
36	96
36	99
36	100
36	102
36	103
36	104
36	105
36	107
36	108
36	109
36	111
36	112
36	113
36	114
36	116
36	117
36	118
36	119
36	121
36	122
37	4
37	5
37	6
37	7
37	9
37	11
37	12
37	13
37	14
37	16
37	17
37	18
37	19
37	20
37	21
37	22
37	23
37	24
37	25
37	27
37	29
37	30
37	33
37	34
37	36
37	37
37	38
37	39
37	40
37	41
37	43
37	45
37	46
37	48
37	49
37	50
37	51
37	52
37	54
37	58
37	59
37	60
37	61
37	62
37	66
37	68
37	69
37	70
37	72
37	73
37	74
37	75
37	76
37	77
37	80
37	82
37	83
37	84
37	85
37	87
37	90
37	91
37	92
37	94
37	95
37	96
37	97
37	98
37	100
37	101
37	102
37	103
37	105
37	107
37	108
37	111
37	114
37	115
37	116
37	118
37	119
37	120
37	121
37	122
38	1
38	2
38	3
38	4
38	7
38	8
38	9
38	10
38	11
38	12
38	13
38	14
38	16
38	20
38	22
38	24
38	25
38	26
38	27
38	29
38	30
38	32
38	33
38	36
38	38
38	40
38	41
38	42
38	43
38	44
38	46
38	47
38	49
38	50
38	52
38	54
38	55
38	56
38	59
38	61
38	62
38	63
38	65
38	67
38	68
38	69
38	71
38	72
38	73
38	75
38	76
38	77
38	78
38	79
38	80
38	83
38	85
38	86
38	87
38	88
38	89
38	90
38	91
38	92
38	93
38	94
38	95
38	96
38	97
38	98
38	103
38	105
38	107
38	110
38	112
38	114
38	116
38	117
38	118
38	119
38	120
38	121
38	122
39	3
39	4
39	6
39	7
39	8
39	9
39	10
39	16
39	17
39	18
39	22
39	24
39	26
39	28
39	30
39	31
39	34
39	39
39	40
39	42
39	44
39	45
39	46
39	47
39	51
39	52
39	53
39	55
39	57
39	60
39	61
39	62
39	64
39	65
39	66
39	67
39	68
39	69
39	73
39	74
39	75
39	76
39	77
39	78
39	79
39	80
39	82
39	83
39	85
39	86
39	87
39	88
39	90
39	91
39	92
39	93
39	94
39	95
39	98
39	99
39	100
39	101
39	102
39	104
39	106
39	109
39	110
39	111
39	112
39	114
39	115
39	118
39	119
40	1
40	3
40	4
40	5
40	6
40	7
40	9
40	10
40	14
40	15
40	16
40	17
40	20
40	21
40	22
40	23
40	24
40	27
40	29
40	30
40	31
40	32
40	33
40	35
40	36
40	38
40	39
40	40
40	41
40	46
40	50
40	56
40	57
40	59
40	61
40	63
40	66
40	67
40	68
40	69
40	70
40	71
40	72
40	73
40	74
40	76
40	77
40	78
40	79
40	80
40	81
40	85
40	86
40	87
40	90
40	91
40	92
40	96
40	97
40	99
40	101
40	102
40	103
40	111
40	113
40	114
40	117
40	118
40	119
40	121
40	122
41	1
41	6
41	7
41	8
41	9
41	10
41	11
41	12
41	13
41	16
41	19
41	21
41	22
41	23
41	24
41	25
41	26
41	27
41	30
41	31
41	32
41	34
41	36
41	37
41	39
41	43
41	45
41	46
41	51
41	52
41	54
41	55
41	56
41	58
41	59
41	61
41	64
41	66
41	67
41	68
41	71
41	72
41	73
41	75
41	76
41	77
41	79
41	80
41	81
41	83
41	84
41	86
41	87
41	88
41	89
41	96
41	97
41	98
41	99
41	105
41	106
41	107
41	109
41	110
41	111
41	112
41	113
41	114
41	115
41	116
41	117
41	118
41	120
41	122
42	1
42	2
42	4
42	5
42	6
42	7
42	8
42	9
42	10
42	11
42	12
42	14
42	16
42	17
42	18
42	19
42	20
42	21
42	22
42	23
42	24
42	26
42	27
42	28
42	29
42	32
42	33
42	35
42	36
42	37
42	38
42	47
42	48
42	49
42	51
42	52
42	55
42	56
42	57
42	59
42	60
42	63
42	64
42	67
42	68
42	69
42	70
42	71
42	72
42	73
42	74
42	76
42	80
42	87
42	88
42	90
42	91
42	92
42	93
42	94
42	95
42	96
42	97
42	98
42	99
42	100
42	103
42	106
42	107
42	108
42	109
42	110
42	112
42	113
42	114
42	115
42	117
42	118
42	119
42	120
42	121
43	1
43	3
43	4
43	6
43	11
43	13
43	15
43	16
43	17
43	18
43	19
43	20
43	21
43	23
43	25
43	26
43	28
43	30
43	31
43	32
43	34
43	35
43	36
43	39
43	41
43	42
43	43
43	46
43	47
43	49
43	50
43	53
43	56
43	60
43	61
43	63
43	64
43	67
43	68
43	71
43	73
43	74
43	75
43	76
43	77
43	78
43	79
43	81
43	82
43	83
43	84
43	85
43	86
43	87
43	88
43	89
43	90
43	91
43	92
43	93
43	94
43	98
43	99
43	100
43	104
43	105
43	106
43	107
43	109
43	110
43	111
43	114
43	115
43	117
43	118
43	119
43	120
44	3
44	4
44	5
44	6
44	11
44	12
44	13
44	14
44	15
44	17
44	19
44	20
44	21
44	23
44	24
44	25
44	26
44	27
44	28
44	29
44	30
44	35
44	36
44	37
44	38
44	39
44	40
44	41
44	42
44	43
44	45
44	46
44	47
44	48
44	49
44	51
44	53
44	54
44	55
44	59
44	60
44	62
44	63
44	65
44	66
44	68
44	71
44	72
44	74
44	75
44	76
44	77
44	81
44	82
44	84
44	86
44	90
44	93
44	94
44	96
44	97
44	98
44	99
44	100
44	102
44	104
44	106
44	107
44	110
44	112
44	113
44	115
44	117
44	119
44	120
44	121
44	122
45	1
45	3
45	4
45	5
45	6
45	9
45	10
45	11
45	12
45	13
45	14
45	16
45	18
45	19
45	20
45	22
45	23
45	24
45	28
45	29
45	30
45	31
45	32
45	33
45	34
45	35
45	38
45	39
45	40
45	41
45	42
45	45
45	46
45	47
45	48
45	49
45	50
45	51
45	52
45	54
45	55
45	56
45	57
45	58
45	59
45	60
45	62
45	65
45	66
45	67
45	71
45	72
45	73
45	74
45	75
45	76
45	83
45	84
45	86
45	87
45	88
45	89
45	90
45	91
45	92
45	93
45	95
45	97
45	98
45	100
45	105
45	107
45	110
45	111
45	112
45	113
45	114
45	118
46	2
46	5
46	6
46	8
46	9
46	10
46	17
46	18
46	19
46	20
46	23
46	24
46	29
46	30
46	32
46	33
46	34
46	35
46	36
46	39
46	40
46	41
46	42
46	44
46	45
46	48
46	50
46	51
46	52
46	54
46	55
46	56
46	57
46	58
46	60
46	61
46	63
46	64
46	65
46	66
46	67
46	68
46	69
46	70
46	71
46	72
46	73
46	74
46	75
46	76
46	80
46	81
46	82
46	83
46	85
46	86
46	87
46	88
46	90
46	93
46	94
46	95
46	96
46	97
46	98
46	99
46	101
46	102
46	104
46	105
46	107
46	109
46	110
46	112
46	115
46	116
46	117
46	118
46	120
46	121
46	122
47	2
47	3
47	5
47	6
47	7
47	8
47	9
47	13
47	14
47	15
47	16
47	17
47	18
47	22
47	26
47	27
47	28
47	29
47	31
47	33
47	34
47	35
47	37
47	38
47	41
47	44
47	46
47	47
47	48
47	50
47	51
47	53
47	54
47	56
47	59
47	61
47	62
47	64
47	65
47	66
47	67
47	68
47	69
47	70
47	71
47	73
47	77
47	78
47	81
47	82
47	83
47	85
47	87
47	88
47	89
47	90
47	93
47	94
47	96
47	97
47	98
47	99
47	100
47	104
47	105
47	106
47	107
47	108
47	111
47	112
47	113
47	114
47	115
47	116
47	118
47	121
47	122
48	1
48	2
48	5
48	8
48	9
48	12
48	16
48	17
48	19
48	21
48	22
48	23
48	25
48	26
48	29
48	30
48	31
48	32
48	33
48	34
48	36
48	40
48	42
48	43
48	44
48	45
48	46
48	47
48	49
48	51
48	52
48	53
48	54
48	57
48	58
48	62
48	63
48	65
48	67
48	68
48	69
48	70
48	72
48	73
48	75
48	78
48	79
48	80
48	81
48	83
48	86
48	88
48	89
48	91
48	92
48	93
48	95
48	97
48	98
48	99
48	101
48	103
48	105
48	107
48	108
48	111
48	112
48	115
48	116
48	117
48	121
49	1
49	2
49	7
49	8
49	9
49	11
49	13
49	14
49	15
49	18
49	20
49	21
49	23
49	26
49	28
49	29
49	30
49	31
49	33
49	34
49	35
49	37
49	39
49	40
49	42
49	44
49	45
49	46
49	48
49	51
49	52
49	53
49	54
49	55
49	58
49	59
49	60
49	61
49	62
49	63
49	65
49	68
49	69
49	70
49	72
49	73
49	75
49	76
49	77
49	78
49	80
49	84
49	85
49	86
49	89
49	92
49	95
49	96
49	97
49	101
49	103
49	104
49	106
49	108
49	110
49	111
49	112
49	114
49	115
49	119
49	120
49	121
50	1
50	2
50	6
50	7
50	8
50	9
50	10
50	11
50	14
50	16
50	17
50	18
50	20
50	21
50	23
50	25
50	26
50	27
50	28
50	31
50	32
50	34
50	36
50	37
50	39
50	40
50	42
50	43
50	45
50	47
50	48
50	49
50	54
50	55
50	56
50	59
50	60
50	61
50	64
50	68
50	69
50	70
50	71
50	73
50	76
50	77
50	78
50	79
50	80
50	83
50	84
50	85
50	86
50	89
50	91
50	92
50	93
50	94
50	95
50	96
50	97
50	100
50	101
50	102
50	104
50	105
50	106
50	107
50	109
50	110
50	113
50	115
50	116
50	119
50	120
50	121
51	1
51	2
51	3
51	4
51	6
51	7
51	8
51	9
51	10
51	12
51	14
51	16
51	17
51	18
51	20
51	21
51	22
51	23
51	24
51	28
51	31
51	33
51	36
51	37
51	38
51	40
51	42
51	43
51	44
51	45
51	47
51	48
51	49
51	53
51	54
51	55
51	56
51	61
51	63
51	64
51	66
51	67
51	71
51	73
51	76
51	81
51	84
51	85
51	86
51	89
51	90
51	92
51	94
51	96
51	97
51	98
51	101
51	104
51	106
51	107
51	109
51	113
51	114
51	116
51	117
51	118
51	119
51	121
51	122
52	2
52	4
52	6
52	7
52	9
52	10
52	11
52	12
52	13
52	16
52	17
52	18
52	19
52	20
52	22
52	24
52	26
52	29
52	30
52	31
52	32
52	33
52	34
52	35
52	36
52	38
52	40
52	41
52	42
52	43
52	46
52	47
52	48
52	50
52	54
52	56
52	57
52	59
52	61
52	62
52	63
52	64
52	67
52	69
52	71
52	72
52	73
52	76
52	77
52	79
52	81
52	82
52	87
52	88
52	90
52	92
52	93
52	94
52	96
52	100
52	101
52	102
52	103
52	104
52	105
52	107
52	108
52	109
52	112
52	113
52	117
52	118
52	119
52	120
52	121
52	122
53	1
53	2
53	3
53	4
53	5
53	6
53	7
53	9
53	12
53	13
53	14
53	16
53	18
53	19
53	22
53	23
53	24
53	25
53	26
53	27
53	28
53	29
53	31
53	32
53	34
53	35
53	36
53	37
53	38
53	41
53	43
53	45
53	47
53	48
53	50
53	51
53	52
53	55
53	56
53	58
53	59
53	62
53	63
53	64
53	65
53	68
53	69
53	70
53	71
53	72
53	73
53	74
53	82
53	85
53	87
53	89
53	90
53	92
53	93
53	95
53	98
53	100
53	103
53	104
53	107
53	110
53	111
53	112
53	114
53	115
53	116
53	118
53	119
53	120
53	121
54	1
54	2
54	3
54	4
54	5
54	7
54	8
54	9
54	11
54	12
54	13
54	16
54	17
54	18
54	20
54	22
54	23
54	25
54	26
54	30
54	31
54	32
54	33
54	34
54	35
54	36
54	37
54	40
54	42
54	43
54	44
54	45
54	47
54	49
54	50
54	51
54	52
54	55
54	56
54	57
54	59
54	62
54	63
54	65
54	68
54	69
54	70
54	71
54	72
54	73
54	75
54	77
54	80
54	83
54	85
54	86
54	90
54	91
54	93
54	94
54	95
54	97
54	98
54	99
54	100
54	101
54	102
54	106
54	107
54	108
54	110
54	114
54	116
54	119
54	120
54	121
54	122
55	3
55	11
55	12
55	13
55	14
55	15
55	17
55	18
55	19
55	20
55	21
55	23
55	28
55	29
55	30
55	31
55	32
55	34
55	37
55	38
55	39
55	41
55	42
55	43
55	44
55	45
55	46
55	47
55	48
55	49
55	50
55	51
55	52
55	53
55	55
55	56
55	61
55	62
55	63
55	64
55	65
55	66
55	70
55	72
55	74
55	75
55	76
55	77
55	79
55	80
55	83
55	85
55	87
55	88
55	89
55	91
55	93
55	94
55	97
55	98
55	101
55	102
55	104
55	105
55	106
55	110
55	111
55	112
55	115
55	117
55	120
55	121
56	1
56	2
56	3
56	4
56	5
56	6
56	7
56	8
56	9
56	11
56	12
56	15
56	16
56	20
56	21
56	22
56	23
56	24
56	25
56	27
56	28
56	29
56	32
56	33
56	36
56	37
56	38
56	39
56	40
56	41
56	42
56	43
56	44
56	45
56	46
56	47
56	49
56	50
56	54
56	55
56	56
56	58
56	59
56	60
56	61
56	65
56	67
56	70
56	71
56	73
56	74
56	75
56	77
56	78
56	79
56	80
56	81
56	82
56	83
56	84
56	85
56	86
56	88
56	89
56	91
56	92
56	93
56	94
56	95
56	96
56	101
56	102
56	103
56	105
56	106
56	109
56	110
56	111
56	112
56	113
56	114
56	118
56	121
57	2
57	4
57	6
57	8
57	9
57	13
57	14
57	15
57	17
57	18
57	20
57	21
57	23
57	25
57	26
57	28
57	29
57	30
57	31
57	32
57	34
57	35
57	36
57	37
57	38
57	39
57	42
57	44
57	46
57	49
57	50
57	52
57	54
57	56
57	58
57	59
57	60
57	61
57	62
57	63
57	64
57	66
57	67
57	68
57	70
57	72
57	73
57	74
57	75
57	76
57	77
57	78
57	81
57	83
57	87
57	88
57	89
57	90
57	93
57	94
57	96
57	97
57	99
57	101
57	102
57	103
57	105
57	106
57	108
57	111
57	114
57	115
57	116
57	117
57	118
57	119
57	120
57	122
58	1
58	3
58	4
58	5
58	6
58	7
58	8
58	9
58	11
58	12
58	13
58	15
58	16
58	18
58	19
58	20
58	22
58	23
58	24
58	26
58	27
58	28
58	29
58	30
58	31
58	32
58	33
58	35
58	37
58	39
58	40
58	42
58	44
58	45
58	47
58	50
58	52
58	53
58	59
58	60
58	62
58	63
58	64
58	66
58	67
58	68
58	69
58	71
58	72
58	74
58	75
58	77
58	78
58	79
58	80
58	81
58	82
58	83
58	84
58	85
58	87
58	88
58	89
58	90
58	91
58	95
58	97
58	99
58	100
58	101
58	104
58	105
58	106
58	107
58	109
58	111
58	112
58	114
58	116
58	117
58	118
58	122
59	1
59	2
59	4
59	9
59	10
59	13
59	14
59	16
59	17
59	20
59	22
59	23
59	25
59	26
59	27
59	28
59	31
59	33
59	37
59	40
59	41
59	43
59	44
59	45
59	48
59	50
59	51
59	52
59	53
59	59
59	60
59	61
59	63
59	65
59	67
59	69
59	70
59	72
59	73
59	74
59	75
59	76
59	78
59	79
59	80
59	81
59	82
59	83
59	84
59	85
59	89
59	90
59	91
59	94
59	95
59	98
59	100
59	101
59	102
59	105
59	106
59	110
59	111
59	114
59	115
59	116
59	119
59	122
60	1
60	2
60	3
60	4
60	6
60	7
60	8
60	9
60	11
60	12
60	13
60	14
60	17
60	19
60	20
60	21
60	22
60	23
60	24
60	25
60	26
60	27
60	29
60	30
60	33
60	34
60	37
60	39
60	40
60	41
60	42
60	43
60	44
60	46
60	47
60	48
60	49
60	50
60	51
60	52
60	53
60	54
60	55
60	57
60	58
60	59
60	60
60	61
60	63
60	64
60	69
60	70
60	71
60	72
60	73
60	74
60	77
60	78
60	79
60	82
60	83
60	84
60	85
60	87
60	89
60	91
60	92
60	93
60	94
60	95
60	96
60	97
60	98
60	99
60	100
60	102
60	103
60	105
60	106
60	107
60	108
60	109
60	110
60	112
60	113
60	114
60	115
60	116
60	117
60	118
60	121
60	122
61	1
61	5
61	6
61	8
61	9
61	12
61	14
61	15
61	16
61	21
61	22
61	25
61	26
61	30
61	34
61	35
61	37
61	39
61	40
61	42
61	44
61	46
61	50
61	51
61	52
61	54
61	55
61	59
61	62
61	63
61	64
61	67
61	69
61	70
61	71
61	72
61	74
61	76
61	79
61	81
61	83
61	84
61	85
61	86
61	88
61	89
61	90
61	91
61	92
61	94
61	95
61	96
61	97
61	98
61	100
61	102
61	103
61	104
61	105
61	106
61	107
61	108
61	109
61	112
61	113
61	115
61	120
61	121
61	122
62	1
62	2
62	4
62	7
62	11
62	12
62	14
62	15
62	16
62	17
62	20
62	21
62	22
62	23
62	25
62	26
62	30
62	32
62	33
62	34
62	38
62	39
62	41
62	42
62	43
62	45
62	47
62	48
62	49
62	50
62	51
62	53
62	54
62	56
62	57
62	58
62	61
62	62
62	64
62	66
62	67
62	69
62	71
62	72
62	73
62	75
62	76
62	77
62	78
62	79
62	80
62	85
62	86
62	87
62	88
62	89
62	90
62	91
62	93
62	95
62	96
62	97
62	98
62	99
62	100
62	101
62	104
62	108
62	109
62	110
62	111
62	114
62	116
62	117
62	120
62	121
63	1
63	3
63	4
63	5
63	8
63	10
63	13
63	14
63	15
63	16
63	17
63	18
63	19
63	20
63	21
63	22
63	23
63	24
63	25
63	26
63	27
63	28
63	29
63	31
63	32
63	34
63	35
63	36
63	37
63	38
63	39
63	40
63	42
63	44
63	46
63	47
63	48
63	49
63	51
63	52
63	53
63	54
63	56
63	59
63	61
63	63
63	65
63	66
63	68
63	69
63	70
63	71
63	72
63	79
63	80
63	81
63	82
63	83
63	84
63	85
63	86
63	87
63	88
63	89
63	90
63	91
63	92
63	97
63	99
63	101
63	102
63	104
63	106
63	107
63	109
63	110
63	112
63	113
63	114
63	115
63	116
63	118
63	119
63	120
63	121
63	122
64	1
64	2
64	5
64	6
64	7
64	10
64	11
64	12
64	13
64	16
64	18
64	19
64	20
64	21
64	22
64	23
64	24
64	26
64	29
64	30
64	31
64	32
64	33
64	34
64	41
64	46
64	47
64	48
64	49
64	53
64	55
64	56
64	57
64	58
64	61
64	62
64	63
64	65
64	69
64	70
64	73
64	74
64	75
64	79
64	80
64	81
64	82
64	83
64	86
64	91
64	92
64	93
64	95
64	98
64	99
64	100
64	105
64	106
64	107
64	110
64	111
64	113
64	114
64	116
64	120
64	121
64	122
65	2
65	3
65	8
65	9
65	10
65	12
65	13
65	14
65	15
65	16
65	17
65	18
65	19
65	20
65	21
65	22
65	23
65	25
65	26
65	27
65	28
65	29
65	30
65	33
65	34
65	36
65	37
65	38
65	40
65	42
65	44
65	47
65	48
65	50
65	51
65	53
65	56
65	57
65	58
65	59
65	61
65	62
65	64
65	65
65	69
65	70
65	71
65	72
65	73
65	77
65	81
65	83
65	84
65	88
65	89
65	90
65	92
65	96
65	100
65	101
65	102
65	103
65	104
65	105
65	106
65	107
65	108
65	111
65	112
65	113
65	114
65	117
65	118
65	119
65	120
65	122
66	2
66	3
66	7
66	8
66	10
66	11
66	12
66	16
66	17
66	19
66	20
66	21
66	22
66	23
66	24
66	26
66	29
66	30
66	34
66	37
66	38
66	39
66	41
66	42
66	44
66	46
66	47
66	49
66	51
66	55
66	57
66	58
66	59
66	61
66	62
66	63
66	64
66	65
66	67
66	68
66	69
66	70
66	71
66	72
66	73
66	76
66	80
66	82
66	84
66	86
66	88
66	89
66	92
66	93
66	94
66	95
66	96
66	97
66	98
66	102
66	103
66	104
66	105
66	106
66	107
66	108
66	110
66	117
66	118
66	119
66	120
66	121
66	122
67	1
67	2
67	3
67	4
67	5
67	6
67	7
67	8
67	10
67	11
67	12
67	15
67	16
67	18
67	19
67	21
67	24
67	28
67	29
67	30
67	31
67	32
67	34
67	35
67	37
67	38
67	41
67	42
67	43
67	44
67	45
67	46
67	47
67	49
67	51
67	52
67	55
67	56
67	57
67	60
67	63
67	64
67	68
67	69
67	71
67	72
67	73
67	74
67	75
67	76
67	77
67	79
67	80
67	85
67	86
67	88
67	91
67	92
67	93
67	95
67	97
67	98
67	99
67	100
67	102
67	103
67	106
67	109
67	110
67	112
67	113
67	114
67	116
67	118
67	120
67	121
67	122
68	2
68	5
68	6
68	7
68	8
68	12
68	13
68	15
68	16
68	17
68	18
68	19
68	20
68	21
68	24
68	26
68	27
68	28
68	29
68	30
68	32
68	33
68	34
68	36
68	37
68	38
68	40
68	43
68	44
68	47
68	49
68	50
68	51
68	52
68	57
68	58
68	59
68	60
68	62
68	65
68	66
68	69
68	71
68	72
68	73
68	75
68	76
68	79
68	81
68	83
68	84
68	85
68	87
68	89
68	91
68	92
68	93
68	94
68	95
68	96
68	97
68	98
68	99
68	100
68	101
68	103
68	104
68	106
68	107
68	108
68	109
68	110
68	111
68	114
68	115
68	116
68	117
68	121
68	122
69	1
69	2
69	3
69	4
69	6
69	9
69	10
69	14
69	17
69	19
69	20
69	21
69	22
69	24
69	25
69	27
69	29
69	30
69	31
69	32
69	35
69	36
69	38
69	41
69	42
69	43
69	44
69	45
69	47
69	48
69	49
69	50
69	55
69	56
69	57
69	58
69	59
69	60
69	64
69	68
69	69
69	70
69	73
69	74
69	75
69	78
69	83
69	84
69	85
69	86
69	88
69	94
69	95
69	96
69	97
69	98
69	100
69	103
69	106
69	108
69	109
69	111
69	113
69	114
69	120
69	121
69	122
70	2
70	4
70	5
70	8
70	9
70	14
70	15
70	16
70	17
70	19
70	21
70	22
70	23
70	24
70	25
70	26
70	28
70	30
70	31
70	32
70	33
70	34
70	36
70	38
70	40
70	42
70	45
70	48
70	49
70	53
70	56
70	59
70	60
70	63
70	64
70	65
70	66
70	68
70	71
70	73
70	74
70	75
70	76
70	77
70	79
70	82
70	83
70	84
70	85
70	86
70	87
70	88
70	89
70	90
70	91
70	92
70	95
70	97
70	98
70	101
70	102
70	103
70	105
70	106
70	107
70	108
70	111
70	112
70	113
70	115
70	119
71	2
71	3
71	4
71	7
71	8
71	9
71	10
71	12
71	14
71	17
71	19
71	20
71	21
71	22
71	23
71	24
71	25
71	27
71	31
71	34
71	36
71	37
71	39
71	40
71	42
71	44
71	46
71	48
71	50
71	51
71	53
71	55
71	56
71	57
71	59
71	60
71	62
71	63
71	64
71	66
71	67
71	68
71	69
71	72
71	77
71	80
71	81
71	83
71	85
71	86
71	88
71	89
71	90
71	92
71	93
71	95
71	96
71	98
71	102
71	105
71	107
71	108
71	114
71	115
71	116
71	117
71	118
71	119
71	120
71	121
71	122
72	3
72	5
72	7
72	8
72	9
72	10
72	12
72	14
72	15
72	16
72	17
72	19
72	20
72	21
72	25
72	26
72	27
72	29
72	30
72	31
72	32
72	33
72	35
72	38
72	39
72	40
72	42
72	43
72	44
72	45
72	47
72	48
72	50
72	51
72	52
72	53
72	54
72	55
72	56
72	58
72	59
72	60
72	61
72	62
72	63
72	65
72	68
72	69
72	71
72	73
72	74
72	75
72	76
72	77
72	78
72	79
72	80
72	84
72	85
72	89
72	90
72	93
72	95
72	96
72	98
72	101
72	103
72	104
72	105
72	106
72	108
72	113
72	114
72	115
72	116
72	118
72	120
72	121
72	122
73	1
73	6
73	8
73	9
73	12
73	14
73	15
73	22
73	23
73	24
73	25
73	26
73	31
73	35
73	37
73	39
73	40
73	41
73	42
73	43
73	45
73	46
73	47
73	48
73	49
73	50
73	51
73	52
73	53
73	54
73	56
73	57
73	59
73	60
73	62
73	64
73	65
73	66
73	67
73	68
73	71
73	76
73	79
73	80
73	81
73	82
73	84
73	85
73	86
73	87
73	88
73	89
73	93
73	96
73	98
73	102
73	104
73	107
73	110
73	111
73	112
73	113
73	114
73	115
73	116
73	120
73	121
73	122
74	2
74	4
74	6
74	8
74	9
74	10
74	11
74	13
74	15
74	17
74	18
74	19
74	20
74	21
74	22
74	24
74	26
74	28
74	29
74	30
74	31
74	32
74	35
74	36
74	37
74	38
74	41
74	42
74	43
74	44
74	46
74	47
74	48
74	52
74	53
74	55
74	57
74	58
74	59
74	63
74	64
74	66
74	67
74	70
74	71
74	72
74	73
74	74
74	77
74	78
74	79
74	82
74	83
74	84
74	85
74	86
74	88
74	92
74	93
74	94
74	96
74	100
74	101
74	102
74	103
74	105
74	106
74	107
74	108
74	109
74	113
74	114
74	115
74	120
74	121
75	5
75	7
75	8
75	9
75	10
75	11
75	12
75	13
75	14
75	16
75	19
75	21
75	23
75	25
75	27
75	28
75	31
75	32
75	33
75	34
75	35
75	36
75	38
75	39
75	40
75	41
75	42
75	44
75	45
75	48
75	52
75	54
75	55
75	56
75	57
75	58
75	60
75	62
75	63
75	66
75	67
75	68
75	69
75	72
75	74
75	75
75	77
75	79
75	80
75	81
75	82
75	83
75	85
75	86
75	87
75	88
75	90
75	91
75	93
75	95
75	99
75	101
75	105
75	109
75	110
75	112
75	114
75	115
75	116
75	119
75	122
76	1
76	3
76	7
76	10
76	16
76	17
76	20
76	21
76	22
76	23
76	24
76	25
76	26
76	27
76	28
76	29
76	30
76	32
76	33
76	35
76	36
76	37
76	40
76	41
76	42
76	43
76	44
76	45
76	46
76	48
76	49
76	51
76	53
76	55
76	56
76	58
76	59
76	60
76	61
76	63
76	64
76	65
76	67
76	69
76	70
76	72
76	73
76	74
76	75
76	76
76	77
76	78
76	80
76	81
76	82
76	83
76	85
76	88
76	90
76	91
76	92
76	95
76	97
76	100
76	101
76	102
76	103
76	104
76	105
76	107
76	110
76	111
76	112
76	114
76	115
76	117
76	121
76	122
77	2
77	4
77	5
77	7
77	8
77	10
77	12
77	14
77	15
77	16
77	17
77	19
77	22
77	23
77	24
77	25
77	27
77	28
77	31
77	32
77	34
77	36
77	37
77	38
77	41
77	42
77	43
77	44
77	45
77	46
77	47
77	49
77	50
77	51
77	52
77	53
77	55
77	56
77	58
77	60
77	61
77	62
77	63
77	65
77	66
77	67
77	69
77	70
77	71
77	73
77	74
77	75
77	76
77	77
77	79
77	80
77	81
77	84
77	86
77	87
77	89
77	90
77	92
77	93
77	94
77	96
77	97
77	99
77	100
77	101
77	102
77	103
77	106
77	107
77	108
77	112
77	113
77	119
77	120
77	122
78	1
78	3
78	7
78	8
78	9
78	10
78	11
78	12
78	13
78	15
78	17
78	18
78	20
78	21
78	22
78	24
78	25
78	26
78	30
78	31
78	33
78	34
78	35
78	36
78	37
78	38
78	39
78	40
78	41
78	46
78	49
78	50
78	51
78	53
78	54
78	57
78	58
78	59
78	61
78	62
78	63
78	64
78	66
78	67
78	68
78	69
78	70
78	71
78	72
78	73
78	75
78	77
78	78
78	81
78	82
78	83
78	84
78	85
78	87
78	88
78	90
78	92
78	95
78	96
78	97
78	98
78	99
78	100
78	101
78	103
78	106
78	107
78	109
78	110
78	111
78	112
78	113
78	114
78	115
78	117
78	118
78	120
78	121
79	1
79	3
79	4
79	6
79	7
79	9
79	10
79	11
79	12
79	13
79	14
79	16
79	18
79	19
79	20
79	22
79	24
79	25
79	26
79	28
79	29
79	32
79	33
79	34
79	35
79	37
79	38
79	39
79	40
79	42
79	43
79	44
79	46
79	48
79	50
79	52
79	53
79	54
79	57
79	59
79	60
79	61
79	63
79	64
79	65
79	67
79	68
79	71
79	72
79	73
79	75
79	76
79	80
79	82
79	83
79	84
79	85
79	86
79	87
79	88
79	89
79	90
79	92
79	94
79	97
79	98
79	99
79	101
79	103
79	104
79	105
79	106
79	107
79	109
79	110
79	111
79	113
79	116
79	117
79	118
79	119
79	121
80	1
80	2
80	3
80	4
80	6
80	8
80	9
80	10
80	11
80	18
80	19
80	21
80	22
80	23
80	27
80	28
80	29
80	30
80	31
80	32
80	33
80	34
80	35
80	36
80	38
80	39
80	40
80	41
80	42
80	43
80	45
80	46
80	47
80	51
80	52
80	54
80	56
80	57
80	59
80	60
80	61
80	62
80	64
80	66
80	68
80	69
80	71
80	77
80	79
80	80
80	81
80	82
80	84
80	86
80	87
80	88
80	89
80	90
80	92
80	93
80	94
80	95
80	100
80	103
80	104
80	106
80	108
80	109
80	112
80	115
80	119
80	120
80	121
81	1
81	2
81	3
81	4
81	5
81	6
81	9
81	11
81	12
81	14
81	15
81	16
81	18
81	19
81	20
81	21
81	22
81	24
81	26
81	27
81	28
81	30
81	37
81	39
81	40
81	41
81	42
81	43
81	45
81	46
81	47
81	48
81	49
81	50
81	52
81	53
81	54
81	56
81	58
81	59
81	61
81	63
81	64
81	65
81	66
81	68
81	69
81	70
81	72
81	74
81	75
81	77
81	79
81	81
81	82
81	83
81	84
81	85
81	88
81	89
81	91
81	93
81	94
81	96
81	97
81	99
81	100
81	101
81	102
81	103
81	104
81	105
81	106
81	108
81	109
81	111
81	112
81	114
81	115
81	116
81	117
81	118
81	119
81	122
82	1
82	2
82	3
82	5
82	9
82	10
82	11
82	12
82	13
82	14
82	15
82	16
82	17
82	18
82	19
82	20
82	23
82	25
82	26
82	31
82	32
82	34
82	36
82	37
82	38
82	39
82	40
82	42
82	43
82	44
82	45
82	47
82	48
82	50
82	52
82	53
82	54
82	55
82	57
82	58
82	60
82	62
82	64
82	66
82	67
82	69
82	71
82	74
82	75
82	76
82	77
82	78
82	79
82	80
82	81
82	82
82	83
82	85
82	88
82	90
82	91
82	92
82	93
82	96
82	97
82	98
82	99
82	102
82	103
82	105
82	106
82	108
82	109
82	110
82	112
82	113
82	114
82	116
82	118
82	121
83	2
83	5
83	6
83	7
83	9
83	11
83	12
83	14
83	15
83	16
83	17
83	19
83	20
83	21
83	24
83	25
83	26
83	27
83	29
83	31
83	33
83	34
83	35
83	36
83	37
83	38
83	39
83	41
83	42
83	44
83	45
83	47
83	52
83	54
83	55
83	57
83	58
83	62
83	63
83	64
83	65
83	66
83	67
83	68
83	69
83	72
83	73
83	74
83	76
83	77
83	78
83	79
83	80
83	83
83	84
83	85
83	87
83	89
83	91
83	92
83	93
83	95
83	96
83	99
83	100
83	102
83	103
83	105
83	106
83	108
83	112
83	113
83	116
83	117
83	118
83	119
83	120
83	121
83	122
84	2
84	3
84	6
84	8
84	9
84	10
84	12
84	13
84	14
84	15
84	16
84	17
84	18
84	19
84	20
84	22
84	26
84	29
84	30
84	31
84	34
84	35
84	37
84	38
84	39
84	40
84	41
84	42
84	43
84	46
84	48
84	51
84	52
84	53
84	56
84	58
84	60
84	61
84	62
84	63
84	64
84	66
84	67
84	70
84	71
84	72
84	73
84	74
84	76
84	79
84	80
84	82
84	83
84	85
84	87
84	89
84	92
84	93
84	94
84	95
84	101
84	103
84	105
84	108
84	112
84	114
84	115
84	117
84	118
84	119
84	122
85	1
85	3
85	7
85	8
85	10
85	11
85	13
85	14
85	15
85	16
85	18
85	20
85	21
85	23
85	24
85	25
85	26
85	27
85	28
85	29
85	30
85	31
85	32
85	36
85	38
85	39
85	40
85	42
85	43
85	44
85	46
85	48
85	49
85	50
85	52
85	55
85	56
85	57
85	59
85	62
85	63
85	65
85	67
85	68
85	70
85	71
85	72
85	73
85	75
85	77
85	78
85	79
85	82
85	84
85	85
85	86
85	88
85	91
85	93
85	94
85	95
85	97
85	99
85	101
85	103
85	105
85	106
85	107
85	108
85	109
85	110
85	113
85	115
85	117
85	120
85	121
85	122
86	2
86	3
86	5
86	6
86	8
86	10
86	11
86	12
86	13
86	14
86	15
86	16
86	19
86	20
86	22
86	23
86	24
86	25
86	26
86	27
86	29
86	32
86	33
86	34
86	35
86	36
86	38
86	39
86	42
86	43
86	44
86	46
86	47
86	48
86	49
86	50
86	51
86	52
86	54
86	56
86	57
86	58
86	59
86	64
86	66
86	67
86	68
86	70
86	71
86	72
86	73
86	74
86	75
86	77
86	78
86	80
86	83
86	87
86	88
86	89
86	91
86	93
86	94
86	96
86	97
86	99
86	100
86	104
86	106
86	107
86	108
86	112
86	113
86	117
86	118
86	120
86	121
86	122
87	1
87	2
87	3
87	5
87	7
87	9
87	11
87	12
87	13
87	14
87	19
87	21
87	22
87	23
87	25
87	27
87	30
87	31
87	33
87	34
87	35
87	37
87	38
87	40
87	41
87	42
87	44
87	46
87	47
87	48
87	51
87	52
87	53
87	59
87	60
87	62
87	63
87	64
87	65
87	67
87	68
87	70
87	71
87	72
87	73
87	75
87	76
87	77
87	79
87	81
87	83
87	84
87	85
87	86
87	87
87	88
87	91
87	92
87	94
87	95
87	96
87	97
87	98
87	102
87	104
87	107
87	108
87	109
87	110
87	111
87	113
87	116
87	117
87	118
87	119
87	120
87	121
88	1
88	2
88	4
88	5
88	7
88	8
88	9
88	11
88	12
88	13
88	15
88	16
88	17
88	19
88	24
88	26
88	27
88	28
88	29
88	31
88	33
88	36
88	39
88	42
88	43
88	44
88	45
88	47
88	48
88	50
88	51
88	52
88	53
88	54
88	55
88	56
88	57
88	58
88	59
88	60
88	64
88	66
88	68
88	69
88	70
88	71
88	72
88	73
88	74
88	75
88	76
88	77
88	82
88	84
88	86
88	88
88	89
88	93
88	94
88	97
88	100
88	101
88	102
88	104
88	109
88	110
88	112
88	114
88	116
88	117
88	120
88	121
88	122
89	5
89	8
89	9
89	10
89	11
89	12
89	13
89	15
89	17
89	19
89	20
89	21
89	23
89	24
89	26
89	31
89	32
89	35
89	37
89	38
89	41
89	42
89	43
89	44
89	45
89	47
89	48
89	49
89	51
89	52
89	53
89	56
89	58
89	59
89	60
89	62
89	64
89	65
89	66
89	68
89	69
89	70
89	71
89	72
89	73
89	77
89	78
89	79
89	80
89	81
89	82
89	84
89	86
89	87
89	90
89	91
89	93
89	94
89	95
89	99
89	100
89	102
89	103
89	104
89	106
89	108
89	109
89	110
89	111
89	112
89	113
89	114
89	116
89	118
89	120
89	121
89	122
90	1
90	2
90	3
90	5
90	8
90	9
90	10
90	11
90	14
90	15
90	16
90	18
90	19
90	22
90	25
90	26
90	27
90	29
90	33
90	35
90	37
90	39
90	41
90	43
90	45
90	46
90	47
90	49
90	50
90	51
90	52
90	53
90	54
90	55
90	57
90	58
90	59
90	62
90	63
90	65
90	66
90	68
90	72
90	73
90	76
90	77
90	78
90	79
90	80
90	81
90	82
90	84
90	86
90	88
90	89
90	90
90	92
90	93
90	94
90	95
90	100
90	101
90	102
90	104
90	106
90	107
90	108
90	109
90	111
90	112
90	114
90	115
90	117
90	119
90	120
90	121
90	122
91	2
91	4
91	5
91	6
91	7
91	9
91	10
91	11
91	12
91	14
91	16
91	18
91	19
91	22
91	24
91	25
91	26
91	28
91	29
91	33
91	34
91	35
91	36
91	37
91	38
91	39
91	40
91	41
91	43
91	44
91	45
91	46
91	47
91	49
91	52
91	53
91	54
91	56
91	58
91	60
91	61
91	63
91	64
91	66
91	68
91	73
91	74
91	77
91	79
91	80
91	88
91	89
91	91
91	92
91	93
91	94
91	97
91	99
91	100
91	101
91	102
91	103
91	105
91	106
91	107
91	109
91	111
91	113
91	116
91	118
91	122
92	2
92	5
92	6
92	7
92	8
92	9
92	10
92	11
92	12
92	14
92	15
92	16
92	17
92	18
92	21
92	23
92	25
92	26
92	28
92	30
92	31
92	35
92	39
92	41
92	42
92	43
92	45
92	46
92	47
92	51
92	52
92	53
92	55
92	58
92	60
92	61
92	62
92	64
92	66
92	67
92	69
92	70
92	71
92	73
92	74
92	75
92	76
92	77
92	78
92	82
92	83
92	84
92	85
92	86
92	88
92	90
92	94
92	96
92	97
92	99
92	101
92	102
92	105
92	107
92	108
92	109
92	110
92	111
92	112
92	113
92	114
92	115
92	120
93	1
93	2
93	3
93	6
93	7
93	8
93	9
93	10
93	14
93	15
93	16
93	17
93	18
93	19
93	21
93	25
93	26
93	27
93	30
93	32
93	35
93	37
93	38
93	39
93	40
93	41
93	42
93	43
93	44
93	46
93	49
93	51
93	54
93	57
93	58
93	59
93	61
93	62
93	63
93	64
93	65
93	66
93	68
93	69
93	70
93	72
93	74
93	76
93	77
93	79
93	83
93	84
93	85
93	88
93	91
93	92
93	93
93	94
93	95
93	96
93	97
93	98
93	99
93	100
93	101
93	102
93	104
93	107
93	108
93	109
93	112
93	113
93	115
93	116
93	119
93	120
94	2
94	4
94	6
94	8
94	9
94	11
94	12
94	13
94	14
94	15
94	16
94	17
94	19
94	20
94	21
94	23
94	26
94	27
94	28
94	29
94	30
94	33
94	35
94	36
94	38
94	40
94	41
94	42
94	43
94	44
94	45
94	46
94	47
94	48
94	50
94	52
94	53
94	54
94	55
94	59
94	60
94	61
94	62
94	64
94	67
94	68
94	69
94	70
94	71
94	72
94	73
94	74
94	77
94	78
94	79
94	80
94	81
94	84
94	85
94	87
94	90
94	92
94	93
94	94
94	96
94	98
94	99
94	100
94	102
94	104
94	108
94	109
94	110
94	111
94	115
94	116
94	118
94	119
94	120
94	121
95	1
95	2
95	3
95	4
95	5
95	7
95	8
95	10
95	11
95	12
95	14
95	16
95	17
95	18
95	19
95	20
95	21
95	22
95	23
95	25
95	28
95	29
95	30
95	31
95	33
95	35
95	36
95	37
95	39
95	40
95	41
95	42
95	43
95	46
95	47
95	49
95	52
95	54
95	56
95	57
95	58
95	59
95	61
95	64
95	65
95	67
95	68
95	69
95	70
95	71
95	72
95	73
95	74
95	75
95	76
95	77
95	78
95	81
95	82
95	83
95	84
95	86
95	87
95	89
95	91
95	94
95	95
95	97
95	99
95	102
95	103
95	104
95	105
95	108
95	110
95	111
95	112
95	113
95	115
95	116
95	118
95	120
95	121
96	5
96	6
96	8
96	12
96	15
96	18
96	19
96	20
96	21
96	22
96	23
96	24
96	25
96	27
96	28
96	31
96	33
96	34
96	35
96	36
96	37
96	38
96	39
96	40
96	42
96	43
96	45
96	46
96	48
96	49
96	51
96	52
96	53
96	54
96	58
96	64
96	65
96	67
96	70
96	73
96	74
96	75
96	76
96	77
96	78
96	79
96	80
96	81
96	82
96	85
96	87
96	88
96	89
96	91
96	94
96	95
96	97
96	98
96	99
96	100
96	104
96	106
96	107
96	109
96	110
96	111
96	112
96	113
96	114
96	116
96	117
96	118
96	119
96	121
96	122
97	1
97	2
97	4
97	6
97	7
97	8
97	11
97	12
97	13
97	15
97	16
97	18
97	20
97	23
97	24
97	25
97	26
97	28
97	29
97	30
97	31
97	32
97	34
97	37
97	38
97	39
97	41
97	42
97	43
97	44
97	45
97	46
97	49
97	51
97	55
97	56
97	58
97	59
97	61
97	62
97	63
97	65
97	66
97	68
97	69
97	70
97	71
97	72
97	74
97	75
97	78
97	79
97	80
97	82
97	83
97	84
97	85
97	88
97	89
97	90
97	92
97	95
97	96
97	99
97	101
97	102
97	103
97	104
97	105
97	106
97	107
97	108
97	109
97	110
97	111
97	112
97	113
97	114
97	116
97	121
98	1
98	2
98	3
98	5
98	6
98	7
98	8
98	9
98	10
98	12
98	14
98	17
98	19
98	20
98	21
98	22
98	23
98	26
98	28
98	29
98	31
98	32
98	33
98	39
98	42
98	45
98	47
98	48
98	49
98	50
98	51
98	52
98	54
98	55
98	56
98	57
98	58
98	60
98	61
98	63
98	68
98	70
98	73
98	75
98	76
98	77
98	78
98	79
98	80
98	82
98	83
98	84
98	85
98	87
98	89
98	90
98	92
98	93
98	94
98	95
98	97
98	98
98	99
98	100
98	103
98	105
98	106
98	110
98	112
98	113
98	114
98	116
98	117
98	119
98	121
99	1
99	3
99	4
99	6
99	7
99	9
99	10
99	11
99	12
99	13
99	14
99	15
99	16
99	20
99	26
99	27
99	28
99	29
99	31
99	33
99	34
99	35
99	36
99	37
99	39
99	41
99	42
99	43
99	45
99	46
99	49
99	50
99	51
99	52
99	54
99	55
99	57
99	58
99	61
99	62
99	63
99	66
99	67
99	68
99	69
99	70
99	71
99	72
99	74
99	75
99	76
99	77
99	78
99	79
99	81
99	82
99	83
99	84
99	86
99	87
99	88
99	91
99	93
99	94
99	95
99	97
99	99
99	100
99	101
99	103
99	107
99	108
99	110
99	111
99	113
99	115
99	116
99	117
99	118
99	119
99	120
99	121
99	122
100	1
100	2
100	4
100	5
100	6
100	7
100	10
100	11
100	12
100	14
100	16
100	17
100	18
100	19
100	22
100	23
100	24
100	26
100	28
100	29
100	30
100	31
100	32
100	33
100	34
100	35
100	38
100	40
100	42
100	44
100	47
100	49
100	50
100	53
100	54
100	55
100	56
100	57
100	58
100	59
100	60
100	61
100	62
100	63
100	68
100	69
100	71
100	73
100	74
100	75
100	76
100	78
100	79
100	82
100	83
100	85
100	86
100	87
100	88
100	93
100	95
100	97
100	98
100	99
100	100
100	103
100	105
100	106
100	107
100	110
100	113
100	114
100	115
100	116
100	117
100	120
100	121
100	122
101	3
101	5
101	6
101	8
101	9
101	10
101	11
101	14
101	16
101	18
101	20
101	21
101	22
101	24
101	26
101	27
101	28
101	29
101	30
101	32
101	33
101	37
101	38
101	42
101	43
101	44
101	49
101	50
101	52
101	54
101	57
101	58
101	59
101	60
101	61
101	63
101	64
101	66
101	67
101	68
101	71
101	73
101	74
101	77
101	78
101	81
101	83
101	84
101	85
101	86
101	89
101	90
101	91
101	92
101	93
101	94
101	95
101	96
101	99
101	100
101	101
101	102
101	106
101	109
101	110
101	112
101	113
101	114
101	118
101	121
101	122
102	1
102	3
102	4
102	5
102	7
102	8
102	9
102	10
102	11
102	12
102	13
102	15
102	16
102	19
102	20
102	22
102	23
102	28
102	29
102	30
102	31
102	32
102	33
102	36
102	38
102	39
102	40
102	41
102	44
102	45
102	46
102	48
102	49
102	50
102	51
102	53
102	54
102	56
102	57
102	62
102	63
102	64
102	65
102	66
102	67
102	70
102	72
102	74
102	80
102	81
102	82
102	84
102	85
102	86
102	87
102	88
102	89
102	91
102	92
102	94
102	95
102	96
102	97
102	98
102	99
102	100
102	101
102	103
102	104
102	109
102	117
102	118
102	119
103	1
103	2
103	5
103	6
103	7
103	8
103	9
103	10
103	11
103	12
103	13
103	16
103	17
103	20
103	21
103	22
103	23
103	24
103	26
103	27
103	30
103	32
103	33
103	35
103	36
103	37
103	38
103	39
103	41
103	42
103	43
103	47
103	49
103	50
103	51
103	52
103	53
103	54
103	55
103	56
103	58
103	63
103	65
103	66
103	67
103	69
103	70
103	72
103	74
103	75
103	76
103	77
103	78
103	79
103	80
103	82
103	83
103	84
103	85
103	86
103	87
103	89
103	90
103	91
103	93
103	94
103	96
103	97
103	100
103	101
103	103
103	106
103	108
103	111
103	113
103	115
103	116
103	120
103	121
103	122
104	3
104	4
104	5
104	7
104	10
104	12
104	13
104	15
104	16
104	17
104	18
104	19
104	20
104	21
104	22
104	23
104	24
104	25
104	26
104	27
104	28
104	29
104	30
104	31
104	33
104	35
104	37
104	38
104	39
104	42
104	43
104	45
104	47
104	48
104	49
104	50
104	51
104	53
104	54
104	55
104	56
104	57
104	59
104	62
104	63
104	65
104	66
104	68
104	69
104	70
104	71
104	72
104	74
104	77
104	81
104	82
104	84
104	87
104	88
104	89
104	91
104	92
104	93
104	95
104	96
104	98
104	99
104	100
104	104
104	105
104	109
104	110
104	111
104	113
104	114
104	115
104	116
104	117
104	120
105	1
105	4
105	6
105	7
105	10
105	11
105	14
105	16
105	19
105	20
105	21
105	24
105	26
105	27
105	29
105	31
105	32
105	36
105	38
105	42
105	43
105	44
105	45
105	47
105	48
105	50
105	52
105	53
105	57
105	58
105	60
105	63
105	65
105	67
105	70
105	71
105	72
105	73
105	77
105	78
105	79
105	80
105	81
105	84
105	85
105	88
105	89
105	90
105	91
105	94
105	97
105	98
105	99
105	101
105	102
105	103
105	105
105	106
105	107
105	109
105	110
105	112
105	113
105	115
105	117
105	118
105	120
105	122
106	1
106	3
106	4
106	5
106	9
106	12
106	13
106	14
106	16
106	17
106	24
106	31
106	32
106	33
106	36
106	37
106	38
106	39
106	40
106	41
106	43
106	45
106	46
106	47
106	48
106	49
106	50
106	54
106	56
106	57
106	59
106	60
106	61
106	62
106	63
106	65
106	66
106	67
106	69
106	71
106	72
106	73
106	74
106	75
106	77
106	78
106	82
106	83
106	86
106	87
106	88
106	89
106	90
106	92
106	93
106	94
106	95
106	96
106	99
106	100
106	102
106	103
106	106
106	107
106	110
106	112
106	114
106	117
106	118
106	120
106	122
107	5
107	7
107	8
107	9
107	11
107	14
107	15
107	17
107	18
107	19
107	21
107	22
107	25
107	26
107	27
107	28
107	30
107	31
107	32
107	33
107	34
107	35
107	36
107	40
107	41
107	43
107	44
107	45
107	46
107	48
107	50
107	51
107	52
107	53
107	54
107	55
107	57
107	62
107	63
107	64
107	68
107	69
107	70
107	72
107	73
107	78
107	79
107	84
107	85
107	86
107	87
107	90
107	91
107	92
107	93
107	94
107	95
107	96
107	97
107	101
107	102
107	104
107	105
107	106
107	107
107	108
107	110
107	112
107	113
107	115
107	118
107	119
107	120
107	121
108	1
108	3
108	4
108	6
108	8
108	9
108	11
108	13
108	14
108	15
108	19
108	23
108	24
108	26
108	29
108	30
108	31
108	32
108	33
108	34
108	35
108	36
108	37
108	38
108	39
108	40
108	42
108	44
108	49
108	50
108	52
108	55
108	57
108	58
108	60
108	61
108	62
108	63
108	68
108	69
108	70
108	71
108	72
108	74
108	77
108	78
108	80
108	81
108	85
108	87
108	88
108	89
108	90
108	92
108	93
108	94
108	95
108	96
108	97
108	98
108	99
108	100
108	102
108	103
108	105
108	106
108	107
108	108
108	109
108	111
108	114
108	121
108	122
109	1
109	5
109	6
109	8
109	9
109	10
109	11
109	13
109	14
109	15
109	17
109	19
109	22
109	24
109	25
109	29
109	30
109	31
109	32
109	37
109	38
109	39
109	41
109	43
109	44
109	45
109	50
109	51
109	52
109	53
109	55
109	56
109	57
109	59
109	60
109	61
109	62
109	63
109	65
109	67
109	68
109	69
109	71
109	73
109	75
109	76
109	77
109	78
109	85
109	86
109	88
109	89
109	94
109	95
109	97
109	98
109	101
109	102
109	106
109	107
109	108
109	109
109	110
109	111
109	113
109	114
109	116
109	118
109	120
109	121
110	1
110	4
110	5
110	11
110	13
110	15
110	16
110	18
110	19
110	20
110	21
110	22
110	23
110	24
110	25
110	27
110	29
110	30
110	31
110	32
110	35
110	36
110	37
110	38
110	39
110	40
110	41
110	42
110	44
110	45
110	46
110	49
110	50
110	51
110	56
110	57
110	58
110	59
110	60
110	61
110	64
110	66
110	69
110	72
110	73
110	77
110	79
110	80
110	82
110	83
110	85
110	87
110	88
110	89
110	91
110	92
110	93
110	94
110	95
110	97
110	99
110	100
110	101
110	102
110	103
110	104
110	107
110	111
110	112
110	113
110	114
110	115
110	116
110	119
110	122
111	2
111	3
111	5
111	6
111	7
111	8
111	9
111	11
111	12
111	13
111	15
111	16
111	17
111	18
111	19
111	20
111	23
111	27
111	28
111	29
111	30
111	31
111	32
111	33
111	35
111	36
111	37
111	38
111	39
111	43
111	45
111	46
111	48
111	49
111	51
111	53
111	54
111	55
111	56
111	57
111	61
111	62
111	63
111	64
111	67
111	68
111	69
111	71
111	72
111	75
111	80
111	81
111	83
111	84
111	85
111	86
111	87
111	88
111	95
111	96
111	97
111	98
111	99
111	100
111	101
111	106
111	108
111	109
111	110
111	111
111	112
111	113
111	114
111	115
111	116
111	118
111	119
112	3
112	4
112	6
112	7
112	8
112	10
112	11
112	12
112	13
112	14
112	16
112	18
112	19
112	20
112	21
112	22
112	23
112	24
112	25
112	27
112	28
112	30
112	33
112	34
112	35
112	36
112	37
112	38
112	39
112	40
112	42
112	44
112	46
112	47
112	50
112	52
112	53
112	55
112	56
112	57
112	58
112	61
112	64
112	65
112	66
112	67
112	70
112	72
112	75
112	77
112	78
112	79
112	80
112	82
112	83
112	84
112	85
112	90
112	92
112	93
112	94
112	96
112	97
112	98
112	99
112	101
112	102
112	104
112	106
112	109
112	110
112	111
112	112
112	116
112	117
112	118
112	119
112	120
112	121
112	122
113	2
113	4
113	5
113	6
113	10
113	11
113	13
113	14
113	15
113	16
113	17
113	18
113	19
113	20
113	21
113	22
113	23
113	24
113	25
113	27
113	28
113	29
113	30
113	31
113	32
113	34
113	37
113	38
113	39
113	40
113	42
113	46
113	49
113	50
113	51
113	53
113	54
113	55
113	57
113	58
113	59
113	60
113	61
113	62
113	64
113	65
113	68
113	70
113	73
113	74
113	76
113	78
113	80
113	81
113	82
113	84
113	85
113	86
113	88
113	90
113	91
113	92
113	95
113	96
113	97
113	98
113	99
113	102
113	103
113	104
113	107
113	109
113	110
113	113
113	114
113	119
113	120
113	122
114	1
114	2
114	3
114	4
114	5
114	6
114	7
114	8
114	10
114	11
114	12
114	14
114	15
114	16
114	17
114	18
114	21
114	22
114	24
114	25
114	28
114	30
114	32
114	33
114	34
114	37
114	38
114	39
114	42
114	43
114	44
114	47
114	48
114	50
114	53
114	54
114	55
114	56
114	58
114	59
114	60
114	61
114	62
114	63
114	64
114	65
114	66
114	67
114	68
114	71
114	72
114	73
114	76
114	79
114	81
114	83
114	84
114	86
114	88
114	89
114	90
114	91
114	94
114	95
114	97
114	98
114	99
114	101
114	103
114	104
114	105
114	108
114	109
114	115
114	116
114	117
114	119
114	121
114	122
115	2
115	3
115	4
115	7
115	9
115	10
115	12
115	13
115	14
115	15
115	16
115	18
115	19
115	20
115	22
115	23
115	24
115	25
115	26
115	27
115	28
115	29
115	30
115	31
115	35
115	36
115	37
115	38
115	40
115	41
115	42
115	43
115	44
115	45
115	46
115	47
115	48
115	49
115	50
115	51
115	52
115	55
115	57
115	59
115	60
115	61
115	64
115	65
115	68
115	70
115	71
115	72
115	73
115	76
115	79
115	80
115	81
115	83
115	84
115	86
115	87
115	88
115	89
115	90
115	91
115	92
115	93
115	94
115	95
115	96
115	97
115	103
115	106
115	108
115	111
115	112
115	115
115	117
115	118
115	119
115	120
115	121
115	122
116	1
116	2
116	3
116	5
116	6
116	7
116	8
116	12
116	14
116	15
116	17
116	18
116	19
116	20
116	22
116	24
116	25
116	26
116	27
116	29
116	30
116	31
116	32
116	33
116	34
116	36
116	37
116	38
116	39
116	40
116	41
116	45
116	46
116	47
116	50
116	51
116	53
116	55
116	58
116	59
116	60
116	61
116	63
116	64
116	67
116	68
116	69
116	70
116	71
116	72
116	73
116	74
116	76
116	77
116	78
116	79
116	80
116	82
116	84
116	85
116	86
116	87
116	88
116	90
116	94
116	96
116	97
116	98
116	99
116	101
116	102
116	104
116	105
116	107
116	109
116	110
116	111
116	112
116	113
116	114
116	115
116	118
116	120
116	121
117	3
117	5
117	6
117	8
117	10
117	11
117	14
117	15
117	16
117	18
117	20
117	21
117	22
117	23
117	25
117	28
117	31
117	32
117	33
117	34
117	35
117	36
117	37
117	39
117	40
117	41
117	42
117	43
117	44
117	45
117	46
117	47
117	48
117	49
117	50
117	53
117	56
117	57
117	58
117	60
117	61
117	62
117	64
117	65
117	68
117	69
117	70
117	71
117	72
117	75
117	76
117	77
117	78
117	79
117	80
117	82
117	83
117	84
117	85
117	87
117	88
117	89
117	93
117	94
117	96
117	97
117	98
117	99
117	102
117	105
117	106
117	109
117	110
117	111
117	112
117	113
117	117
117	118
117	119
117	121
117	122
118	1
118	2
118	3
118	4
118	5
118	8
118	9
118	12
118	13
118	17
118	18
118	20
118	22
118	23
118	24
118	25
118	26
118	27
118	28
118	29
118	30
118	32
118	34
118	36
118	40
118	41
118	43
118	44
118	45
118	46
118	47
118	49
118	50
118	51
118	52
118	53
118	56
118	57
118	58
118	60
118	61
118	62
118	63
118	65
118	66
118	67
118	68
118	69
118	70
118	71
118	73
118	75
118	76
118	77
118	78
118	79
118	80
118	82
118	83
118	87
118	88
118	89
118	90
118	91
118	93
118	94
118	95
118	102
118	104
118	105
118	106
118	108
118	110
118	111
118	114
118	115
118	117
118	118
118	119
118	120
118	121
118	122
119	1
119	5
119	10
119	12
119	13
119	14
119	15
119	19
119	20
119	21
119	23
119	25
119	26
119	27
119	28
119	30
119	31
119	34
119	35
119	36
119	37
119	38
119	40
119	41
119	42
119	43
119	44
119	46
119	47
119	48
119	49
119	52
119	54
119	56
119	57
119	59
119	60
119	61
119	63
119	64
119	67
119	68
119	69
119	70
119	71
119	72
119	74
119	75
119	80
119	81
119	82
119	83
119	84
119	85
119	86
119	87
119	88
119	90
119	91
119	93
119	94
119	96
119	99
119	103
119	105
119	106
119	108
119	110
119	111
119	112
119	114
119	115
119	116
119	118
119	120
119	121
120	1
120	2
120	3
120	4
120	5
120	6
120	8
120	9
120	10
120	11
120	12
120	14
120	15
120	17
120	18
120	19
120	24
120	25
120	28
120	29
120	30
120	31
120	32
120	33
120	34
120	38
120	39
120	41
120	42
120	43
120	44
120	45
120	46
120	47
120	49
120	53
120	55
120	56
120	58
120	61
120	62
120	64
120	65
120	67
120	70
120	71
120	72
120	73
120	76
120	77
120	78
120	79
120	80
120	83
120	85
120	86
120	87
120	89
120	90
120	91
120	95
120	96
120	97
120	98
120	99
120	101
120	102
120	103
120	104
120	106
120	108
120	110
120	113
120	114
120	115
120	116
120	117
120	118
120	119
120	120
120	121
121	1
121	2
121	3
121	4
121	5
121	6
121	7
121	8
121	9
121	10
121	11
121	12
121	13
121	14
121	15
121	17
121	20
121	22
121	25
121	26
121	27
121	29
121	30
121	31
121	32
121	33
121	34
121	35
121	36
121	37
121	38
121	39
121	42
121	44
121	46
121	49
121	50
121	52
121	53
121	54
121	56
121	57
121	58
121	59
121	60
121	61
121	62
121	63
121	64
121	65
121	69
121	70
121	71
121	72
121	73
121	74
121	75
121	76
121	77
121	79
121	80
121	81
121	84
121	87
121	90
121	91
121	97
121	98
121	99
121	100
121	103
121	104
121	105
121	107
121	108
121	109
121	110
121	112
121	113
121	120
121	121
121	122
122	1
122	2
122	3
122	5
122	6
122	8
122	9
122	10
122	11
122	12
122	13
122	15
122	17
122	18
122	19
122	20
122	21
122	22
122	26
122	28
122	29
122	30
122	33
122	35
122	36
122	38
122	40
122	42
122	44
122	45
122	47
122	48
122	50
122	51
122	55
122	56
122	57
122	62
122	65
122	66
122	67
122	70
122	72
122	73
122	74
122	77
122	80
122	82
122	83
122	84
122	85
122	90
122	93
122	96
122	97
122	98
122	99
122	100
122	102
122	103
122	104
122	108
122	109
122	110
122	111
122	112
122	113
122	114
122	115
122	116
122	121
122	122
1	123
2	123
3	123
4	123
5	123
6	123
7	123
8	123
9	123
10	123
11	123
12	123
13	123
14	123
15	123
16	123
17	123
18	123
19	123
20	123
21	123
22	123
23	123
24	123
25	123
26	123
27	123
28	123
29	123
30	123
31	123
32	123
33	123
34	123
35	123
36	123
37	123
38	123
39	123
40	123
41	123
42	123
43	123
44	123
45	123
46	123
47	123
48	123
49	123
50	123
51	123
52	123
53	123
54	123
55	123
56	123
57	123
58	123
59	123
60	123
61	123
62	123
63	123
64	123
65	123
66	123
67	123
68	123
69	123
70	123
71	123
72	123
73	123
74	123
75	123
76	123
77	123
78	123
79	123
80	123
81	123
82	123
83	123
84	123
85	123
86	123
87	123
88	123
89	123
90	123
91	123
92	123
93	123
94	123
95	123
96	123
97	123
98	123
99	123
100	123
101	123
102	123
103	123
104	123
105	123
106	123
107	123
108	123
109	123
110	123
111	123
112	123
113	123
114	123
115	123
116	123
117	123
118	123
119	123
120	123
121	123
122	123
123	123
