1	1
1	2
1	4
1	5
1	6
1	8
1	9
1	10
1	11
1	13
1	17
1	18
1	19
1	20
1	21
1	22
1	23
1	27
1	29
1	30
1	31
1	34
1	35
1	36
1	37
1	38
1	39
1	43
1	45
1	47
1	48
1	50
1	51
1	52
1	53
1	56
1	57
1	58
1	59
1	60
1	61
1	63
1	64
1	65
1	67
1	68
1	70
1	71
1	72
1	73
1	74
1	75
1	76
1	80
1	81
1	83
1	84
1	85
1	86
1	87
1	89
1	90
1	91
1	92
1	93
1	94
1	97
1	99
1	100
1	103
1	104
1	105
1	106
1	107
1	111
1	112
1	113
1	115
1	117
1	118
1	119
1	120
1	121
1	123
1	126
1	128
1	129
1	130
2	3
2	6
2	7
2	8
2	9
2	12
2	13
2	14
2	15
2	16
2	17
2	19
2	20
2	23
2	25
2	27
2	28
2	29
2	33
2	34
2	35
2	38
2	39
2	40
2	41
2	42
2	43
2	46
2	50
2	51
2	52
2	54
2	55
2	57
2	60
2	61
2	63
2	65
2	67
2	68
2	70
2	71
2	73
2	79
2	81
2	82
2	83
2	84
2	86
2	87
2	88
2	89
2	90
2	91
2	92
2	93
2	95
2	96
2	97
2	98
2	100
2	101
2	102
2	104
2	105
2	110
2	111
2	113
2	116
2	117
2	118
2	119
2	120
2	121
2	122
2	123
2	125
2	127
2	128
2	129
3	2
3	3
3	4
3	5
3	8
3	9
3	10
3	12
3	16
3	17
3	22
3	24
3	25
3	26
3	27
3	28
3	29
3	30
3	31
3	32
3	33
3	34
3	35
3	37
3	39
3	43
3	44
3	45
3	48
3	49
3	50
3	51
3	52
3	53
3	54
3	56
3	57
3	58
3	60
3	61
3	64
3	65
3	67
3	68
3	69
3	71
3	73
3	74
3	75
3	78
3	79
3	80
3	83
3	84
3	85
3	90
3	93
3	95
3	96
3	97
3	101
3	103
3	104
3	106
3	108
3	110
3	111
3	114
3	115
3	116
3	118
3	120
3	121
3	122
3	124
3	127
3	128
3	130
4	2
4	3
4	4
4	6
4	7
4	9
4	10
4	12
4	14
4	15
4	17
4	18
4	19
4	20
4	22
4	23
4	24
4	25
4	26
4	28
4	30
4	31
4	32
4	34
4	36
4	37
4	38
4	42
4	43
4	44
4	47
4	49
4	50
4	52
4	54
4	56
4	57
4	58
4	59
4	60
4	63
4	64
4	67
4	71
4	72
4	75
4	76
4	77
4	78
4	79
4	81
4	83
4	84
4	85
4	87
4	92
4	93
4	95
4	96
4	97
4	99
4	100
4	102
4	103
4	106
4	107
4	109
4	110
4	111
4	113
4	114
4	116
4	117
4	118
4	120
4	122
4	124
4	125
4	127
4	130
5	1
5	2
5	3
5	4
5	5
5	6
5	7
5	8
5	11
5	13
5	14
5	17
5	18
5	22
5	27
5	29
5	30
5	31
5	32
5	33
5	37
5	39
5	41
5	43
5	44
5	46
5	47
5	49
5	50
5	53
5	56
5	58
5	60
5	63
5	64
5	66
5	67
5	69
5	71
5	72
5	73
5	74
5	75
5	76
5	77
5	79
5	80
5	81
5	82
5	83
5	84
5	85
5	86
5	88
5	89
5	90
5	91
5	92
5	93
5	94
5	96
5	97
5	98
5	100
5	102
5	103
5	104
5	106
5	107
5	110
5	112
5	113
5	114
5	116
5	119
5	122
5	123
5	126
5	130
6	1
6	2
6	4
6	6
6	9
6	10
6	12
6	14
6	15
6	18
6	19
6	21
6	22
6	24
6	25
6	27
6	28
6	29
6	30
6	31
6	32
6	35
6	40
6	41
6	42
6	43
6	45
6	46
6	47
6	48
6	49
6	51
6	53
6	55
6	56
6	58
6	59
6	63
6	64
6	65
6	66
6	67
6	68
6	69
6	70
6	71
6	72
6	73
6	74
6	75
6	79
6	80
6	81
6	82
6	83
6	84
6	88
6	90
6	91
6	92
6	96
6	97
6	98
6	101
6	103
6	104
6	106
6	108
6	111
6	112
6	113
6	115
6	118
6	119
6	120
6	121
6	122
6	123
6	124
6	125
6	126
6	128
6	129
6	130
7	1
7	2
7	3
7	4
7	5
7	6
7	7
7	9
7	12
7	13
7	15
7	16
7	20
7	22
7	24
7	25
7	26
7	28
7	29
7	30
7	31
7	35
7	36
7	39
7	41
7	42
7	43
7	45
7	47
7	48
7	49
7	51
7	53
7	55
7	56
7	58
7	60
7	62
7	63
7	64
7	66
7	67
7	70
7	72
7	75
7	76
7	77
7	78
7	79
7	81
7	83
7	85
7	86
7	88
7	89
7	90
7	92
7	98
7	99
7	100
7	101
7	102
7	103
7	105
7	106
7	107
7	109
7	110
7	112
7	113
7	115
7	116
7	117
7	118
7	119
7	120
7	121
7	123
7	124
7	125
7	128
7	129
8	1
8	3
8	4
8	5
8	7
8	8
8	9
8	10
8	12
8	13
8	14
8	15
8	17
8	18
8	19
8	22
8	26
8	28
8	29
8	30
8	32
8	34
8	35
8	36
8	37
8	39
8	40
8	41
8	42
8	44
8	47
8	48
8	53
8	56
8	59
8	60
8	61
8	62
8	63
8	65
8	66
8	67
8	69
8	70
8	71
8	72
8	74
8	75
8	76
8	79
8	80
8	82
8	83
8	84
8	87
8	89
8	94
8	95
8	96
8	98
8	99
8	100
8	102
8	103
8	104
8	105
8	107
8	112
8	113
8	114
8	116
8	118
8	119
8	120
8	122
8	124
8	126
8	127
8	128
8	130
9	2
9	3
9	4
9	5
9	6
9	9
9	10
9	13
9	14
9	15
9	18
9	23
9	25
9	27
9	28
9	32
9	35
9	36
9	37
9	38
9	39
9	42
9	44
9	45
9	48
9	49
9	50
9	51
9	53
9	55
9	56
9	57
9	59
9	60
9	62
9	63
9	64
9	65
9	66
9	67
9	68
9	69
9	73
9	74
9	75
9	77
9	78
9	79
9	80
9	81
9	82
9	83
9	86
9	87
9	89
9	90
9	91
9	93
9	94
9	95
9	97
9	98
9	99
9	100
9	101
9	102
9	103
9	104
9	105
9	106
9	107
9	108
9	109
9	112
9	114
9	117
9	119
9	120
9	121
9	122
9	123
9	129
10	2
10	3
10	4
10	5
10	6
10	7
10	8
10	9
10	10
10	11
10	12
10	13
10	14
10	17
10	19
10	20
10	21
10	22
10	25
10	27
10	28
10	29
10	31
10	32
10	33
10	34
10	35
10	36
10	37
10	38
10	39
10	40
10	41
10	42
10	43
10	45
10	46
10	48
10	49
10	50
10	51
10	52
10	53
10	55
10	56
10	57
10	59
10	60
10	61
10	62
10	63
10	64
10	66
10	67
10	68
10	69
10	71
10	72
10	73
10	75
10	77
10	78
10	81
10	82
10	83
10	86
10	87
10	88
10	89
10	90
10	94
10	96
10	100
10	101
10	102
10	104
10	106
10	108
10	109
10	110
10	112
10	114
10	116
10	119
10	121
10	122
10	126
10	127
10	128
10	130
11	1
11	2
11	3
11	4
11	5
11	7
11	8
11	10
11	11
11	14
11	15
11	17
11	21
11	22
11	23
11	24
11	25
11	26
11	27
11	28
11	29
11	30
11	31
11	34
11	35
11	38
11	40
11	43
11	45
11	46
11	49
11	50
11	51
11	54
11	56
11	57
11	58
11	59
11	62
11	64
11	66
11	68
11	69
11	70
11	71
11	77
11	78
11	79
11	80
11	81
11	84
11	87
11	89
11	93
11	94
11	95
11	97
11	98
11	99
11	100
11	102
11	103
11	106
11	108
11	110
11	111
11	112
11	113
11	115
11	116
11	117
11	120
11	122
11	124
11	127
11	128
11	130
12	1
12	2
12	3
12	5
12	6
12	8
12	9
12	10
12	13
12	14
12	15
12	16
12	17
12	18
12	19
12	20
12	23
12	24
12	25
12	26
12	28
12	29
12	30
12	31
12	32
12	33
12	35
12	36
12	37
12	39
12	44
12	45
12	47
12	48
12	49
12	51
12	52
12	54
12	56
12	58
12	60
12	62
12	64
12	65
12	66
12	67
12	68
12	69
12	70
12	72
12	75
12	79
12	80
12	82
12	84
12	86
12	87
12	88
12	89
12	90
12	91
12	92
12	93
12	95
12	97
12	99
12	101
12	102
12	103
12	104
12	107
12	109
12	110
12	114
12	116
12	117
12	120
12	121
12	122
12	123
12	124
12	125
12	126
12	127
12	128
12	129
12	130
13	3
13	4
13	7
13	8
13	9
13	10
13	11
13	13
13	14
13	16
13	18
13	19
13	20
13	22
13	24
13	25
13	27
13	28
13	29
13	30
13	32
13	33
13	35
13	36
13	37
13	38
13	39
13	42
13	43
13	44
13	45
13	46
13	47
13	48
13	50
13	51
13	53
13	56
13	58
13	60
13	61
13	62
13	66
13	67
13	68
13	69
13	71
13	73
13	76
13	77
13	78
13	80
13	82
13	83
13	84
13	86
13	91
13	95
13	96
13	98
13	100
13	101
13	105
13	106
13	107
13	110
13	111
13	112
13	113
13	114
13	115
13	116
13	117
13	118
13	119
13	121
13	123
13	124
13	125
13	127
13	128
13	129
13	130
14	1
14	2
14	3
14	4
14	9
14	10
14	12
14	14
14	15
14	16
14	17
14	18
14	19
14	20
14	22
14	24
14	25
14	26
14	27
14	29
14	30
14	32
14	33
14	34
14	36
14	37
14	40
14	41
14	45
14	46
14	48
14	49
14	50
14	51
14	53
14	54
14	56
14	58
14	59
14	60
14	63
14	64
14	65
14	66
14	67
14	70
14	71
14	72
14	73
14	74
14	77
14	78
14	79
14	81
14	82
14	84
14	86
14	88
14	90
14	91
14	93
14	95
14	101
14	110
14	112
14	116
14	117
14	118
14	122
14	124
14	125
14	127
14	129
14	130
15	1
15	2
15	4
15	6
15	7
15	9
15	10
15	11
15	12
15	13
15	15
15	18
15	19
15	20
15	21
15	22
15	26
15	28
15	29
15	31
15	32
15	34
15	36
15	37
15	38
15	39
15	41
15	44
15	45
15	46
15	47
15	48
15	51
15	52
15	53
15	54
15	55
15	56
15	57
15	58
15	59
15	60
15	63
15	64
15	67
15	68
15	69
15	71
15	73
15	74
15	80
15	81
15	82
15	85
15	87
15	89
15	93
15	94
15	95
15	96
15	97
15	98
15	101
15	102
15	104
15	106
15	107
15	110
15	111
15	114
15	115
15	116
15	117
15	118
15	121
15	123
15	126
15	127
15	128
15	129
15	130
16	2
16	3
16	4
16	5
16	6
16	8
16	9
16	10
16	12
16	13
16	14
16	17
16	22
16	24
16	25
16	26
16	27
16	31
16	32
16	34
16	36
16	38
16	39
16	40
16	41
16	42
16	43
16	44
16	45
16	46
16	48
16	51
16	52
16	53
16	55
16	58
16	59
16	60
16	62
16	63
16	66
16	67
16	72
16	73
16	74
16	75
16	76
16	77
16	78
16	79
16	81
16	82
16	84
16	85
16	86
16	88
16	89
16	90
16	92
16	93
16	94
16	96
16	97
16	98
16	100
16	101
16	102
16	103
16	105
16	106
16	107
16	108
16	110
16	111
16	112
16	114
16	116
16	117
16	119
16	120
16	121
16	124
16	125
16	126
16	128
16	130
17	5
17	6
17	7
17	10
17	11
17	12
17	13
17	14
17	16
17	17
17	19
17	21
17	23
17	24
17	25
17	28
17	30
17	32
17	34
17	36
17	37
17	38
17	40
17	41
17	42
17	47
17	48
17	49
17	51
17	53
17	57
17	58
17	65
17	66
17	68
17	69
17	73
17	74
17	75
17	79
17	80
17	81
17	85
17	86
17	87
17	89
17	90
17	91
17	92
17	93
17	94
17	97
17	98
17	100
17	103
17	106
17	108
17	111
17	112
17	113
17	114
17	115
17	116
17	118
17	119
17	121
17	123
17	126
17	128
18	1
18	3
18	7
18	8
18	10
18	11
18	15
18	16
18	17
18	19
18	21
18	22
18	23
18	24
18	25
18	26
18	27
18	29
18	30
18	31
18	32
18	34
18	36
18	38
18	39
18	40
18	41
18	42
18	43
18	44
18	45
18	46
18	48
18	49
18	52
18	53
18	55
18	57
18	60
18	61
18	62
18	66
18	67
18	68
18	69
18	70
18	71
18	72
18	73
18	74
18	75
18	77
18	81
18	83
18	84
18	85
18	86
18	87
18	88
18	90
18	93
18	94
18	100
18	101
18	103
18	104
18	105
18	108
18	109
18	111
18	113
18	114
18	115
18	116
18	117
18	118
18	119
18	122
18	125
18	126
18	127
18	129
19	1
19	3
19	7
19	9
19	10
19	13
19	14
19	15
19	20
19	21
19	22
19	25
19	26
19	27
19	32
19	33
19	35
19	38
19	39
19	40
19	42
19	48
19	49
19	51
19	52
19	54
19	55
19	56
19	58
19	59
19	62
19	63
19	64
19	65
19	70
19	71
19	73
19	74
19	76
19	79
19	80
19	81
19	82
19	83
19	84
19	85
19	86
19	88
19	89
19	90
19	91
19	92
19	94
19	95
19	96
19	97
19	98
19	99
19	101
19	103
19	104
19	106
19	107
19	108
19	111
19	114
19	116
19	117
19	119
19	120
19	121
19	122
19	123
19	124
19	125
19	126
19	129
19	130
20	1
20	3
20	4
20	5
20	6
20	7
20	8
20	11
20	12
20	13
20	15
20	17
20	18
20	22
20	23
20	24
20	26
20	27
20	28
20	29
20	30
20	31
20	33
20	34
20	37
20	38
20	39
20	40
20	42
20	43
20	44
20	45
20	46
20	49
20	52
20	53
20	54
20	55
20	56
20	57
20	59
20	60
20	62
20	63
20	64
20	65
20	66
20	67
20	70
20	71
20	76
20	77
20	78
20	79
20	80
20	81
20	82
20	84
20	85
20	86
20	88
20	89
20	95
20	96
20	100
20	101
20	102
20	103
20	104
20	105
20	107
20	108
20	113
20	114
20	117
20	119
20	122
20	126
20	128
20	129
20	130
21	1
21	2
21	3
21	4
21	7
21	9
21	11
21	12
21	15
21	16
21	18
21	19
21	20
21	21
21	22
21	25
21	27
21	29
21	30
21	31
21	32
21	33
21	34
21	36
21	37
21	38
21	39
21	41
21	42
21	44
21	47
21	48
21	49
21	51
21	52
21	53
21	55
21	57
21	58
21	60
21	62
21	63
21	64
21	65
21	66
21	69
21	70
21	71
21	72
21	74
21	76
21	78
21	79
21	81
21	82
21	83
21	85
21	86
21	88
21	90
21	94
21	95
21	98
21	100
21	101
21	102
21	104
21	106
21	107
21	108
21	110
21	111
21	112
21	113
21	115
21	118
21	121
21	123
21	124
21	129
21	130
22	1
22	2
22	3
22	4
22	5
22	6
22	10
22	11
22	13
22	17
22	21
22	22
22	23
22	25
22	26
22	31
22	34
22	39
22	42
22	45
22	46
22	47
22	48
22	52
22	54
22	55
22	56
22	60
22	61
22	62
22	63
22	64
22	65
22	66
22	67
22	69
22	70
22	71
22	72
22	73
22	74
22	76
22	77
22	78
22	79
22	80
22	81
22	83
22	84
22	85
22	86
22	87
22	89
22	91
22	93
22	95
22	96
22	97
22	98
22	99
22	100
22	101
22	103
22	106
22	107
22	108
22	112
22	113
22	116
22	117
22	120
22	121
22	122
22	123
22	124
22	125
22	127
22	130
23	5
23	7
23	9
23	10
23	12
23	13
23	14
23	16
23	17
23	18
23	20
23	22
23	23
23	24
23	25
23	26
23	27
23	31
23	34
23	35
23	36
23	37
23	40
23	41
23	42
23	43
23	44
23	45
23	46
23	48
23	50
23	51
23	52
23	53
23	56
23	57
23	58
23	59
23	61
23	64
23	65
23	66
23	67
23	69
23	70
23	71
23	75
23	77
23	78
23	79
23	80
23	87
23	88
23	93
23	94
23	98
23	99
23	100
23	101
23	102
23	104
23	105
23	106
23	107
23	108
23	109
23	110
23	111
23	112
23	115
23	116
23	118
23	119
23	121
23	122
23	123
23	124
23	125
23	126
23	128
23	129
24	1
24	2
24	4
24	5
24	7
24	8
24	9
24	10
24	11
24	12
24	13
24	14
24	15
24	16
24	18
24	20
24	23
24	25
24	28
24	29
24	30
24	31
24	33
24	34
24	35
24	37
24	38
24	40
24	41
24	43
24	44
24	45
24	46
24	47
24	48
24	49
24	51
24	52
24	53
24	56
24	57
24	58
24	59
24	60
24	62
24	63
24	65
24	66
24	68
24	69
24	71
24	72
24	74
24	76
24	77
24	78
24	79
24	80
24	81
24	82
24	83
24	85
24	86
24	87
24	88
24	90
24	91
24	92
24	93
24	94
24	95
24	97
24	98
24	100
24	102
24	103
24	105
24	109
24	111
24	112
24	114
24	115
24	117
24	120
24	121
24	124
24	125
24	126
24	127
24	128
24	130
25	2
25	3
25	4
25	5
25	8
25	11
25	12
25	13
25	14
25	15
25	16
25	17
25	18
25	19
25	20
25	21
25	23
25	24
25	25
25	26
25	27
25	28
25	30
25	31
25	33
25	34
25	36
25	38
25	39
25	41
25	42
25	43
25	49
25	50
25	52
25	53
25	55
25	57
25	58
25	61
25	63
25	65
25	67
25	68
25	69
25	71
25	72
25	74
25	78
25	80
25	84
25	85
25	87
25	90
25	94
25	95
25	96
25	97
25	98
25	100
25	101
25	102
25	103
25	107
25	108
25	110
25	111
25	112
25	113
25	115
25	116
25	120
25	121
25	122
25	123
25	125
25	126
25	130
26	1
26	5
26	6
26	8
26	10
26	11
26	13
26	14
26	16
26	20
26	25
26	27
26	28
26	29
26	30
26	31
26	33
26	35
26	36
26	39
26	41
26	42
26	44
26	45
26	48
26	49
26	50
26	54
26	56
26	58
26	59
26	60
26	61
26	63
26	64
26	65
26	66
26	69
26	70
26	71
26	73
26	74
26	75
26	76
26	77
26	78
26	79
26	80
26	81
26	85
26	86
26	87
26	89
26	92
26	94
26	95
26	96
26	97
26	99
26	100
26	101
26	102
26	105
26	106
26	107
26	108
26	111
26	117
26	121
26	123
26	124
26	125
26	127
26	128
26	129
26	130
27	2
27	4
27	5
27	7
27	8
27	9
27	11
27	13
27	14
27	15
27	16
27	17
27	18
27	20
27	21
27	22
27	23
27	24
27	27
27	28
27	29
27	30
27	31
27	34
27	35
27	36
27	37
27	41
27	42
27	43
27	48
27	49
27	51
27	52
27	53
27	56
27	58
27	62
27	63
27	64
27	65
27	71
27	73
27	74
27	75
27	76
27	78
27	79
27	80
27	81
27	83
27	84
27	85
27	88
27	89
27	91
27	92
27	94
27	95
27	96
27	98
27	100
27	104
27	105
27	106
27	107
27	108
27	111
27	113
27	114
27	115
27	116
27	119
27	120
27	122
27	123
27	124
27	125
27	126
27	127
27	128
27	129
27	130
28	2
28	3
28	4
28	7
28	8
28	9
28	10
28	11
28	13
28	14
28	15
28	16
28	17
28	19
28	20
28	21
28	23
28	24
28	25
28	26
28	27
28	30
28	31
28	32
28	34
28	35
28	36
28	37
28	38
28	39
28	40
28	42
28	43
28	45
28	46
28	47
28	50
28	51
28	52
28	53
28	54
28	58
28	59
28	61
28	63
28	66
28	67
28	69
28	70
28	71
28	74
28	75
28	76
28	78
28	79
28	80
28	82
28	85
28	86
28	87
28	88
28	89
28	90
28	91
28	92
28	94
28	95
28	97
28	98
28	102
28	103
28	104
28	105
28	106
28	107
28	108
28	109
28	110
28	112
28	118
28	119
28	120
28	121
28	122
28	123
28	126
28	128
28	130
29	1
29	2
29	5
29	7
29	8
29	9
29	10
29	11
29	12
29	14
29	15
29	17
29	18
29	19
29	20
29	22
29	23
29	26
29	27
29	33
29	35
29	36
29	37
29	38
29	39
29	41
29	42
29	43
29	45
29	46
29	47
29	48
29	49
29	51
29	52
29	53
29	54
29	55
29	58
29	59
29	60
29	61
29	63
29	64
29	65
29	68
29	70
29	73
29	78
29	79
29	80
29	81
29	82
29	83
29	84
29	86
29	89
29	90
29	92
29	93
29	94
29	96
29	99
29	101
29	102
29	103
29	104
29	105
29	106
29	109
29	110
29	111
29	112
29	113
29	114
29	115
29	118
29	120
29	121
29	122
29	124
29	125
29	126
29	128
29	129
30	2
30	3
30	4
30	8
30	9
30	11
30	12
30	13
30	14
30	15
30	16
30	21
30	23
30	25
30	26
30	28
30	29
30	30
30	33
30	34
30	37
30	38
30	39
30	41
30	44
30	45
30	47
30	48
30	50
30	51
30	52
30	53
30	55
30	56
30	59
30	60
30	61
30	62
30	63
30	64
30	65
30	66
30	67
30	68
30	69
30	70
30	71
30	72
30	74
30	75
30	76
30	77
30	78
30	79
30	81
30	83
30	84
30	86
30	87
30	88
30	89
30	90
30	91
30	93
30	95
30	96
30	97
30	98
30	99
30	100
30	101
30	103
30	105
30	108
30	109
30	110
30	111
30	113
30	115
30	116
30	118
30	119
30	121
30	123
30	124
30	127
30	128
30	129
30	130
31	1
31	4
31	8
31	10
31	11
31	12
31	13
31	14
31	19
31	20
31	21
31	23
31	24
31	28
31	29
31	31
31	32
31	33
31	34
31	35
31	36
31	37
31	38
31	40
31	44
31	45
31	48
31	49
31	50
31	51
31	52
31	53
31	54
31	57
31	58
31	59
31	60
31	61
31	62
31	63
31	66
31	69
31	70
31	71
31	72
31	73
31	75
31	81
31	83
31	85
31	87
31	89
31	90
31	91
31	92
31	93
31	94
31	96
31	97
31	98
31	99
31	100
31	101
31	102
31	103
31	104
31	105
31	106
31	108
31	109
31	110
31	112
31	113
31	114
31	115
31	117
31	118
31	119
31	121
31	122
31	123
31	125
31	126
31	127
32	1
32	2
32	3
32	4
32	6
32	7
32	8
32	9
32	10
32	12
32	18
32	21
32	22
32	23
32	25
32	26
32	28
32	29
32	30
32	31
32	35
32	39
32	40
32	42
32	43
32	44
32	45
32	46
32	47
32	48
32	49
32	50
32	52
32	53
32	54
32	55
32	56
32	57
32	58
32	59
32	60
32	61
32	62
32	63
32	67
32	68
32	69
32	72
32	77
32	79
32	81
32	82
32	83
32	85
32	86
32	87
32	88
32	94
32	95
32	97
32	101
32	103
32	104
32	107
32	108
32	112
32	114
32	115
32	116
32	117
32	119
32	120
32	124
32	125
32	127
32	128
32	130
33	1
33	2
33	3
33	4
33	5
33	6
33	7
33	8
33	9
33	10
33	12
33	15
33	16
33	17
33	20
33	22
33	23
33	26
33	28
33	33
33	35
33	37
33	38
33	39
33	40
33	44
33	45
33	46
33	48
33	50
33	51
33	53
33	54
33	55
33	58
33	59
33	63
33	66
33	67
33	69
33	71
33	72
33	74
33	75
33	76
33	77
33	78
33	81
33	82
33	83
33	84
33	85
33	86
33	88
33	92
33	93
33	99
33	101
33	102
33	103
33	104
33	105
33	106
33	110
33	111
33	112
33	113
33	114
33	116
33	119
33	122
33	123
33	125
33	126
33	127
33	128
33	130
34	1
34	2
34	3
34	4
34	5
34	7
34	8
34	10
34	13
34	15
34	16
34	18
34	20
34	21
34	22
34	24
34	25
34	27
34	28
34	29
34	33
34	34
34	35
34	37
34	38
34	39
34	40
34	44
34	45
34	46
34	47
34	48
34	50
34	52
34	53
34	56
34	57
34	59
34	61
34	63
34	64
34	68
34	69
34	70
34	72
34	74
34	75
34	76
34	77
34	78
34	80
34	82
34	83
34	84
34	86
34	88
34	89
34	90
34	92
34	94
34	95
34	97
34	99
34	100
34	101
34	102
34	106
34	107
34	110
34	112
34	114
34	115
34	116
34	117
34	118
34	119
34	121
34	122
34	124
34	125
34	126
34	127
34	130
35	1
35	2
35	3
35	5
35	6
35	7
35	8
35	9
35	10
35	12
35	13
35	16
35	18
35	21
35	22
35	25
35	26
35	30
35	31
35	32
35	34
35	35
35	36
35	37
35	39
35	41
35	42
35	43
35	44
35	45
35	46
35	49
35	51
35	52
35	53
35	54
35	55
35	57
35	59
35	61
35	62
35	63
35	65
35	66
35	67
35	68
35	71
35	72
35	73
35	74
35	75
35	76
35	77
35	79
35	82
35	83
35	85
35	87
35	88
35	89
35	95
35	97
35	98
35	103
35	104
35	105
35	108
35	109
35	112
35	113
35	114
35	115
35	116
35	117
35	120
35	122
35	123
35	124
35	126
35	127
35	130
36	1
36	2
36	4
36	6
36	7
36	8
36	10
36	11
36	13
36	15
36	16
36	17
36	18
36	19
36	20
36	21
36	22
36	23
36	24
36	26
36	27
36	28
36	30
36	32
36	33
36	37
36	39
36	41
36	42
36	43
36	44
36	46
36	47
36	48
36	49
36	53
36	54
36	55
36	56
36	57
36	58
36	59
36	61
36	62
36	63
36	65
36	69
36	70
36	73
36	74
36	75
36	76
36	77
36	78
36	80
36	81
36	83
36	84
36	85
36	88
36	89
36	90
36	91
36	93
36	95
36	98
36	100
36	101
36	102
36	103
36	104
36	105
36	106
36	107
36	109
36	111
36	113
36	114
36	116
36	118
36	122
36	123
36	124
36	127
36	129
37	4
37	5
37	9
37	12
37	13
37	14
37	15
37	17
37	19
37	20
37	22
37	23
37	24
37	26
37	27
37	30
37	31
37	32
37	33
37	34
37	36
37	39
37	40
37	41
37	42
37	43
37	44
37	45
37	47
37	49
37	50
37	53
37	57
37	59
37	60
37	61
37	62
37	63
37	64
37	67
37	68
37	70
37	71
37	72
37	73
37	76
37	77
37	80
37	83
37	85
37	89
37	90
37	91
37	92
37	93
37	94
37	95
37	96
37	97
37	100
37	101
37	102
37	103
37	104
37	105
37	107
37	108
37	109
37	110
37	112
37	113
37	114
37	115
37	117
37	119
37	120
37	121
37	122
37	124
37	125
37	126
37	128
37	129
38	1
38	3
38	6
38	8
38	10
38	15
38	16
38	21
38	22
38	25
38	27
38	29
38	31
38	33
38	35
38	36
38	37
38	39
38	40
38	44
38	45
38	50
38	52
38	53
38	55
38	56
38	57
38	58
38	59
38	61
38	62
38	66
38	67
38	68
38	69
38	70
38	71
38	75
38	77
38	79
38	81
38	82
38	85
38	86
38	87
38	88
38	91
38	94
38	96
38	97
38	98
38	100
38	102
38	104
38	106
38	107
38	108
38	109
38	110
38	111
38	114
38	117
38	121
38	122
38	123
38	124
38	125
38	126
38	129
38	130
39	1
39	2
39	3
39	4
39	5
39	6
39	8
39	10
39	12
39	17
39	18
39	19
39	20
39	23
39	24
39	25
39	27
39	28
39	29
39	30
39	31
39	34
39	35
39	38
39	39
39	41
39	42
39	44
39	45
39	46
39	47
39	50
39	51
39	52
39	53
39	54
39	56
39	57
39	59
39	61
39	63
39	64
39	65
39	69
39	71
39	72
39	73
39	77
39	80
39	81
39	82
39	84
39	85
39	87
39	90
39	94
39	96
39	97
39	98
39	99
39	100
39	101
39	102
39	103
39	104
39	105
39	107
39	108
39	109
39	111
39	112
39	114
39	115
39	117
39	120
39	121
39	123
39	124
39	125
39	126
39	127
39	129
40	1
40	4
40	6
40	8
40	9
40	10
40	14
40	15
40	17
40	20
40	21
40	25
40	28
40	29
40	30
40	31
40	32
40	33
40	34
40	36
40	37
40	39
40	40
40	41
40	44
40	45
40	47
40	48
40	49
40	51
40	52
40	54
40	55
40	57
40	58
40	59
40	60
40	62
40	63
40	64
40	65
40	66
40	68
40	73
40	77
40	78
40	81
40	83
40	86
40	87
40	88
40	91
40	92
40	93
40	94
40	95
40	98
40	100
40	101
40	103
40	104
40	105
40	106
40	107
40	109
40	111
40	114
40	115
40	116
40	117
40	120
40	122
40	123
40	124
40	125
41	3
41	4
41	5
41	6
41	7
41	8
41	9
41	10
41	12
41	13
41	14
41	15
41	16
41	17
41	18
41	20
41	21
41	23
41	26
41	27
41	28
41	32
41	33
41	35
41	39
41	41
41	42
41	44
41	45
41	46
41	47
41	49
41	51
41	53
41	57
41	58
41	61
41	64
41	65
41	66
41	67
41	69
41	70
41	71
41	72
41	73
41	76
41	77
41	80
41	81
41	83
41	84
41	86
41	87
41	88
41	89
41	90
41	91
41	92
41	93
41	94
41	95
41	96
41	97
41	99
41	100
41	101
41	103
41	104
41	105
41	108
41	109
41	111
41	113
41	117
41	120
41	121
41	122
41	123
41	124
41	125
41	127
41	128
41	129
42	4
42	5
42	7
42	9
42	10
42	11
42	12
42	14
42	15
42	16
42	17
42	19
42	20
42	22
42	24
42	27
42	28
42	31
42	32
42	34
42	37
42	38
42	39
42	40
42	42
42	43
42	46
42	49
42	50
42	52
42	55
42	58
42	59
42	60
42	62
42	64
42	65
42	66
42	67
42	68
42	69
42	71
42	73
42	74
42	78
42	81
42	83
42	84
42	85
42	89
42	90
42	91
42	92
42	93
42	96
42	97
42	98
42	99
42	101
42	103
42	104
42	105
42	106
42	107
42	109
42	111
42	113
42	114
42	119
42	123
42	124
42	126
42	128
43	1
43	2
43	3
43	4
43	5
43	7
43	9
43	10
43	11
43	13
43	14
43	15
43	17
43	18
43	19
43	20
43	21
43	22
43	23
43	24
43	25
43	26
43	30
43	35
43	36
43	37
43	39
43	40
43	41
43	42
43	43
43	44
43	48
43	49
43	50
43	51
43	52
43	54
43	55
43	56
43	60
43	61
43	63
43	64
43	65
43	68
43	70
43	71
43	72
43	75
43	76
43	78
43	79
43	80
43	82
43	83
43	84
43	85
43	88
43	89
43	90
43	91
43	92
43	93
43	94
43	95
43	97
43	98
43	99
43	100
43	101
43	103
43	104
43	106
43	107
43	109
43	110
43	111
43	114
43	116
43	118
43	119
43	121
43	122
43	123
43	124
43	126
43	129
43	130
44	1
44	2
44	4
44	7
44	8
44	9
44	10
44	11
44	12
44	13
44	14
44	16
44	17
44	18
44	19
44	20
44	21
44	23
44	24
44	25
44	28
44	30
44	34
44	35
44	37
44	39
44	40
44	41
44	42
44	44
44	45
44	46
44	47
44	48
44	49
44	50
44	51
44	52
44	53
44	54
44	58
44	60
44	61
44	69
44	70
44	72
44	74
44	75
44	76
44	77
44	78
44	79
44	81
44	83
44	84
44	86
44	87
44	89
44	91
44	93
44	94
44	95
44	96
44	97
44	98
44	99
44	100
44	102
44	103
44	104
44	105
44	106
44	107
44	111
44	112
44	113
44	115
44	116
44	117
44	118
44	119
44	120
44	121
44	122
44	123
44	124
44	125
44	126
44	127
44	128
44	129
45	1
45	2
45	3
45	5
45	7
45	8
45	9
45	10
45	12
45	14
45	18
45	19
45	21
45	22
45	23
45	24
45	25
45	26
45	28
45	31
45	32
45	34
45	35
45	36
45	37
45	38
45	40
45	41
45	42
45	45
45	48
45	49
45	50
45	51
45	53
45	56
45	57
45	58
45	59
45	63
45	64
45	66
45	67
45	69
45	71
45	72
45	75
45	76
45	77
45	78
45	79
45	80
45	81
45	82
45	83
45	84
45	85
45	88
45	89
45	93
45	94
45	95
45	96
45	97
45	98
45	102
45	103
45	104
45	106
45	107
45	108
45	109
45	111
45	112
45	113
45	117
45	119
45	120
45	121
45	123
45	124
45	126
45	128
46	1
46	2
46	4
46	6
46	7
46	8
46	11
46	12
46	13
46	15
46	18
46	19
46	22
46	23
46	24
46	29
46	30
46	31
46	32
46	35
46	36
46	37
46	39
46	40
46	41
46	42
46	43
46	44
46	46
46	47
46	48
46	49
46	51
46	52
46	53
46	57
46	59
46	60
46	61
46	63
46	64
46	66
46	67
46	68
46	69
46	71
46	73
46	74
46	75
46	76
46	77
46	78
46	79
46	80
46	84
46	85
46	86
46	88
46	89
46	90
46	92
46	93
46	95
46	96
46	98
46	102
46	105
46	106
46	107
46	108
46	109
46	110
46	111
46	112
46	113
46	114
46	116
46	117
46	118
46	119
46	120
46	121
46	122
46	123
46	125
46	127
46	128
46	129
46	130
47	3
47	4
47	5
47	6
47	7
47	8
47	9
47	11
47	13
47	15
47	16
47	17
47	20
47	23
47	24
47	25
47	26
47	27
47	28
47	29
47	30
47	31
47	32
47	34
47	36
47	37
47	39
47	41
47	44
47	45
47	46
47	47
47	48
47	49
47	50
47	52
47	53
47	54
47	55
47	57
47	58
47	59
47	61
47	62
47	63
47	64
47	65
47	71
47	74
47	75
47	76
47	77
47	80
47	86
47	88
47	92
47	93
47	97
47	99
47	101
47	102
47	104
47	107
47	108
47	109
47	110
47	112
47	113
47	114
47	116
47	117
47	118
47	119
47	120
47	122
47	123
47	124
47	125
47	126
47	127
47	128
47	129
47	130
48	1
48	2
48	4
48	5
48	6
48	7
48	9
48	10
48	14
48	15
48	16
48	18
48	24
48	25
48	27
48	28
48	29
48	30
48	33
48	35
48	36
48	37
48	40
48	41
48	42
48	43
48	44
48	45
48	46
48	48
48	49
48	50
48	52
48	53
48	54
48	55
48	57
48	58
48	61
48	63
48	64
48	65
48	69
48	70
48	71
48	72
48	73
48	74
48	75
48	76
48	78
48	80
48	81
48	82
48	84
48	85
48	86
48	88
48	89
48	91
48	92
48	94
48	95
48	96
48	97
48	100
48	102
48	103
48	104
48	106
48	107
48	109
48	110
48	112
48	114
48	115
48	116
48	117
48	121
48	123
48	124
48	125
48	127
48	128
48	129
48	130
49	2
49	5
49	6
49	8
49	9
49	12
49	13
49	17
49	18
49	20
49	22
49	23
49	26
49	27
49	28
49	29
49	30
49	31
49	32
49	35
49	36
49	41
49	42
49	44
49	45
49	48
49	49
49	50
49	52
49	56
49	57
49	58
49	59
49	60
49	61
49	62
49	66
49	67
49	68
49	70
49	71
49	72
49	73
49	75
49	76
49	78
49	79
49	83
49	85
49	86
49	87
49	89
49	91
49	92
49	93
49	95
49	99
49	100
49	101
49	102
49	104
49	107
49	108
49	109
49	111
49	112
49	113
49	114
49	115
49	117
49	120
49	122
49	123
49	125
49	126
49	128
49	130
50	1
50	2
50	3
50	5
50	6
50	9
50	11
50	13
50	15
50	16
50	18
50	21
50	23
50	25
50	31
50	32
50	33
50	34
50	37
50	38
50	42
50	44
50	45
50	46
50	47
50	49
50	50
50	51
50	52
50	54
50	58
50	60
50	61
50	63
50	64
50	65
50	67
50	68
50	69
50	70
50	71
50	72
50	73
50	75
50	76
50	78
50	79
50	81
50	83
50	84
50	85
50	86
50	87
50	88
50	90
50	91
50	93
50	94
50	96
50	97
50	98
50	99
50	100
50	101
50	103
50	104
50	105
50	106
50	107
50	108
50	109
50	110
50	111
50	112
50	113
50	116
50	119
50	121
50	122
50	123
50	124
50	125
50	127
50	128
50	129
50	130
51	4
51	6
51	8
51	9
51	10
51	11
51	12
51	13
51	14
51	15
51	16
51	19
51	20
51	24
51	26
51	27
51	31
51	34
51	36
51	37
51	38
51	39
51	42
51	45
51	46
51	47
51	48
51	52
51	54
51	55
51	56
51	57
51	61
51	64
51	65
51	67
51	68
51	69
51	71
51	72
51	73
51	74
51	76
51	78
51	80
51	81
51	82
51	84
51	86
51	87
51	88
51	89
51	90
51	94
51	95
51	97
51	98
51	99
51	100
51	102
51	105
51	106
51	107
51	108
51	109
51	110
51	111
51	113
51	116
51	117
51	119
51	120
51	121
51	124
51	126
51	128
51	130
52	1
52	2
52	3
52	4
52	6
52	7
52	8
52	10
52	11
52	13
52	15
52	17
52	18
52	20
52	23
52	24
52	25
52	26
52	27
52	29
52	31
52	33
52	34
52	37
52	40
52	41
52	43
52	45
52	46
52	49
52	50
52	52
52	53
52	55
52	56
52	57
52	58
52	61
52	62
52	64
52	65
52	67
52	68
52	69
52	70
52	71
52	73
52	74
52	75
52	76
52	77
52	78
52	80
52	82
52	85
52	87
52	88
52	89
52	91
52	92
52	94
52	95
52	96
52	97
52	99
52	100
52	101
52	104
52	105
52	106
52	107
52	111
52	116
52	118
52	119
52	120
52	124
52	125
52	126
52	127
52	128
52	129
52	130
53	2
53	6
53	9
53	10
53	11
53	12
53	14
53	15
53	16
53	18
53	19
53	20
53	21
53	22
53	23
53	24
53	25
53	27
53	29
53	30
53	32
53	33
53	34
53	35
53	36
53	37
53	39
53	40
53	41
53	42
53	44
53	45
53	46
53	47
53	49
53	50
53	52
53	53
53	54
53	56
53	57
53	58
53	59
53	60
53	63
53	64
53	65
53	66
53	67
53	69
53	70
53	72
53	73
53	75
53	76
53	77
53	79
53	80
53	81
53	83
53	84
53	90
53	91
53	92
53	93
53	94
53	97
53	101
53	102
53	103
53	110
53	113
53	114
53	116
53	117
53	119
53	121
53	122
53	124
53	125
53	127
53	130
54	2
54	3
54	5
54	6
54	8
54	10
54	11
54	12
54	13
54	14
54	15
54	17
54	18
54	19
54	21
54	22
54	24
54	25
54	29
54	30
54	32
54	33
54	34
54	35
54	37
54	38
54	41
54	42
54	43
54	44
54	45
54	47
54	50
54	51
54	52
54	53
54	55
54	56
54	57
54	61
54	62
54	63
54	65
54	66
54	67
54	69
54	70
54	76
54	77
54	78
54	83
54	84
54	85
54	87
54	89
54	91
54	92
54	94
54	95
54	98
54	101
54	108
54	110
54	111
54	112
54	115
54	116
54	119
54	120
54	121
54	122
54	124
54	125
54	126
54	127
54	128
55	2
55	3
55	6
55	7
55	8
55	9
55	10
55	12
55	13
55	14
55	15
55	16
55	17
55	18
55	22
55	23
55	26
55	27
55	30
55	31
55	32
55	33
55	34
55	35
55	37
55	49
55	51
55	53
55	54
55	55
55	56
55	59
55	60
55	62
55	64
55	65
55	67
55	70
55	71
55	72
55	73
55	74
55	76
55	77
55	78
55	79
55	80
55	81
55	82
55	83
55	85
55	86
55	87
55	88
55	89
55	92
55	93
55	97
55	100
55	103
55	105
55	106
55	107
55	108
55	109
55	114
55	115
55	116
55	117
55	119
55	120
55	121
55	124
55	125
55	126
55	127
55	128
55	129
56	3
56	5
56	6
56	7
56	11
56	12
56	13
56	14
56	15
56	17
56	18
56	19
56	20
56	22
56	24
56	25
56	26
56	27
56	28
56	29
56	30
56	32
56	33
56	36
56	37
56	38
56	39
56	42
56	46
56	47
56	48
56	50
56	51
56	54
56	55
56	56
56	58
56	60
56	61
56	63
56	64
56	65
56	68
56	74
56	75
56	77
56	78
56	80
56	82
56	83
56	84
56	85
56	86
56	87
56	88
56	90
56	95
56	96
56	97
56	98
56	99
56	101
56	103
56	104
56	106
56	107
56	108
56	109
56	110
56	111
56	112
56	115
56	116
56	118
56	121
56	124
56	125
56	126
56	127
56	128
56	129
56	130
57	1
57	2
57	3
57	4
57	5
57	6
57	11
57	13
57	15
57	17
57	18
57	19
57	20
57	27
57	28
57	32
57	34
57	35
57	37
57	38
57	39
57	40
57	41
57	42
57	45
57	47
57	48
57	50
57	52
57	53
57	54
57	55
57	56
57	57
57	59
57	60
57	61
57	65
57	67
57	69
57	70
57	71
57	72
57	74
57	78
57	81
57	82
57	83
57	87
57	89
57	97
57	98
57	101
57	102
57	104
57	106
57	107
57	108
57	109
57	110
57	112
57	117
57	118
57	119
57	121
57	123
57	124
57	125
57	126
57	127
57	128
57	129
58	1
58	3
58	4
58	5
58	6
58	8
58	9
58	10
58	12
58	13
58	14
58	16
58	17
58	18
58	19
58	21
58	22
58	23
58	26
58	27
58	28
58	29
58	30
58	32
58	33
58	34
58	35
58	36
58	40
58	42
58	45
58	46
58	47
58	48
58	49
58	50
58	51
58	52
58	55
58	56
58	57
58	58
58	60
58	61
58	62
58	65
58	69
58	71
58	73
58	74
58	75
58	76
58	78
58	81
58	82
58	84
58	85
58	86
58	87
58	89
58	91
58	92
58	93
58	95
58	96
58	100
58	102
58	105
58	108
58	109
58	110
58	111
58	115
58	116
58	117
58	119
58	120
58	121
58	122
58	123
58	124
58	125
58	126
58	128
58	129
58	130
59	1
59	4
59	5
59	7
59	8
59	9
59	10
59	11
59	12
59	15
59	16
59	18
59	20
59	22
59	24
59	25
59	27
59	32
59	34
59	35
59	36
59	37
59	38
59	40
59	41
59	42
59	44
59	45
59	47
59	48
59	49
59	51
59	53
59	54
59	57
59	58
59	59
59	60
59	61
59	63
59	64
59	65
59	68
59	69
59	71
59	74
59	75
59	76
59	77
59	78
59	79
59	82
59	83
59	84
59	85
59	86
59	90
59	91
59	93
59	95
59	97
59	98
59	100
59	101
59	102
59	106
59	108
59	109
59	110
59	111
59	113
59	114
59	115
59	116
59	117
59	118
59	119
59	121
59	122
59	123
59	124
59	125
59	127
59	129
60	1
60	2
60	3
60	4
60	6
60	9
60	10
60	11
60	13
60	14
60	15
60	16
60	18
60	20
60	21
60	22
60	23
60	27
60	29
60	30
60	31
60	32
60	33
60	34
60	35
60	36
60	37
60	38
60	39
60	40
60	41
60	44
60	45
60	46
60	47
60	48
60	49
60	51
60	52
60	53
60	54
60	55
60	57
60	59
60	61
60	62
60	63
60	64
60	65
60	66
60	68
60	69
60	70
60	71
60	73
60	74
60	75
60	77
60	78
60	79
60	80
60	81
60	82
60	84
60	86
60	91
60	93
60	94
60	95
60	97
60	98
60	100
60	102
60	104
60	105
60	106
60	107
60	108
60	109
60	111
60	113
60	114
60	115
60	116
60	120
60	121
60	122
60	123
60	125
60	126
60	127
60	129
60	130
61	1
61	2
61	3
61	5
61	6
61	7
61	9
61	10
61	11
61	12
61	13
61	14
61	17
61	19
61	21
61	22
61	23
61	24
61	25
61	26
61	27
61	29
61	31
61	32
61	34
61	35
61	39
61	41
61	42
61	44
61	47
61	48
61	50
61	51
61	55
61	57
61	61
61	62
61	63
61	64
61	65
61	66
61	67
61	68
61	71
61	72
61	73
61	75
61	78
61	81
61	82
61	87
61	89
61	90
61	91
61	93
61	94
61	96
61	97
61	98
61	100
61	101
61	102
61	103
61	104
61	106
61	107
61	109
61	111
61	113
61	114
61	115
61	118
61	122
61	123
61	125
61	126
61	128
61	129
61	130
62	1
62	2
62	4
62	6
62	7
62	8
62	9
62	11
62	12
62	14
62	15
62	17
62	19
62	20
62	23
62	24
62	25
62	26
62	27
62	29
62	30
62	32
62	35
62	36
62	38
62	39
62	40
62	44
62	45
62	46
62	47
62	50
62	51
62	52
62	54
62	55
62	56
62	58
62	60
62	61
62	62
62	65
62	66
62	68
62	69
62	71
62	75
62	76
62	77
62	79
62	81
62	82
62	83
62	86
62	87
62	91
62	92
62	94
62	95
62	98
62	99
62	100
62	101
62	102
62	106
62	108
62	109
62	111
62	112
62	114
62	115
62	119
62	121
62	124
62	126
62	130
63	1
63	3
63	5
63	6
63	7
63	8
63	9
63	10
63	16
63	17
63	18
63	19
63	20
63	21
63	22
63	23
63	25
63	27
63	28
63	29
63	34
63	35
63	37
63	40
63	41
63	43
63	46
63	48
63	50
63	51
63	53
63	56
63	57
63	59
63	62
63	63
63	64
63	65
63	66
63	68
63	69
63	70
63	72
63	73
63	74
63	75
63	77
63	78
63	79
63	80
63	81
63	82
63	85
63	86
63	87
63	88
63	89
63	90
63	91
63	92
63	94
63	95
63	98
63	99
63	100
63	101
63	102
63	103
63	104
63	106
63	107
63	111
63	112
63	114
63	116
63	117
63	120
63	121
63	123
63	126
63	128
63	129
63	130
64	2
64	8
64	9
64	10
64	11
64	12
64	15
64	17
64	19
64	20
64	22
64	23
64	24
64	25
64	26
64	27
64	31
64	32
64	33
64	34
64	35
64	38
64	39
64	41
64	43
64	45
64	48
64	49
64	50
64	51
64	52
64	54
64	55
64	56
64	58
64	59
64	63
64	64
64	65
64	67
64	68
64	69
64	70
64	71
64	72
64	73
64	74
64	77
64	78
64	79
64	80
64	82
64	83
64	85
64	87
64	90
64	93
64	94
64	95
64	96
64	97
64	99
64	100
64	101
64	103
64	107
64	108
64	109
64	110
64	112
64	114
64	119
64	120
64	123
64	125
64	126
64	128
64	129
64	130
65	1
65	2
65	3
65	4
65	5
65	6
65	7
65	9
65	10
65	11
65	15
65	19
65	20
65	21
65	22
65	24
65	25
65	27
65	29
65	30
65	31
65	32
65	33
65	34
65	36
65	37
65	40
65	42
65	44
65	45
65	51
65	54
65	55
65	56
65	57
65	58
65	59
65	62
65	63
65	67
65	68
65	70
65	71
65	72
65	75
65	79
65	80
65	81
65	82
65	83
65	84
65	87
65	88
65	89
65	90
65	93
65	94
65	95
65	96
65	98
65	99
65	100
65	101
65	102
65	103
65	105
65	107
65	108
65	109
65	110
65	111
65	116
65	117
65	118
65	119
65	120
65	121
65	122
65	123
65	125
65	126
65	128
65	129
66	2
66	3
66	5
66	6
66	7
66	9
66	10
66	11
66	12
66	17
66	18
66	19
66	20
66	23
66	24
66	26
66	27
66	29
66	30
66	32
66	35
66	36
66	37
66	38
66	39
66	40
66	41
66	42
66	43
66	45
66	46
66	47
66	48
66	50
66	51
66	52
66	53
66	54
66	56
66	58
66	59
66	60
66	61
66	62
66	63
66	64
66	66
66	67
66	69
66	70
66	72
66	74
66	75
66	76
66	77
66	79
66	80
66	84
66	85
66	86
66	88
66	89
66	90
66	93
66	97
66	98
66	99
66	100
66	101
66	104
66	105
66	106
66	109
66	110
66	111
66	113
66	114
66	116
66	117
66	118
66	119
66	120
66	121
66	122
66	125
66	126
66	127
66	129
67	1
67	3
67	4
67	6
67	7
67	9
67	10
67	11
67	13
67	14
67	15
67	16
67	22
67	23
67	24
67	25
67	26
67	27
67	29
67	30
67	31
67	34
67	35
67	36
67	37
67	38
67	39
67	42
67	43
67	44
67	45
67	46
67	47
67	48
67	51
67	52
67	53
67	54
67	56
67	57
67	58
67	59
67	63
67	64
67	66
67	67
67	68
67	69
67	71
67	74
67	77
67	79
67	81
67	83
67	84
67	85
67	86
67	87
67	88
67	89
67	93
67	94
67	95
67	96
67	99
67	100
67	103
67	106
67	108
67	110
67	111
67	113
67	114
67	116
67	118
67	119
67	120
67	122
67	126
67	128
67	130
68	1
68	2
68	4
68	6
68	7
68	11
68	12
68	14
68	16
68	17
68	18
68	21
68	22
68	23
68	26
68	27
68	28
68	29
68	34
68	35
68	39
68	40
68	41
68	42
68	43
68	45
68	49
68	50
68	54
68	57
68	58
68	60
68	61
68	63
68	64
68	65
68	66
68	67
68	71
68	72
68	73
68	74
68	75
68	76
68	77
68	79
68	81
68	82
68	83
68	88
68	90
68	92
68	93
68	94
68	95
68	96
68	97
68	99
68	100
68	101
68	102
68	103
68	104
68	106
68	110
68	111
68	112
68	114
68	115
68	116
68	117
68	118
68	119
68	121
68	122
68	124
68	125
68	126
68	128
68	129
68	130
69	1
69	2
69	3
69	4
69	5
69	6
69	7
69	8
69	10
69	16
69	17
69	19
69	20
69	21
69	24
69	25
69	28
69	30
69	31
69	32
69	34
69	35
69	37
69	38
69	39
69	40
69	41
69	43
69	44
69	45
69	47
69	49
69	51
69	53
69	54
69	55
69	56
69	58
69	59
69	61
69	65
69	66
69	67
69	69
69	70
69	71
69	73
69	75
69	76
69	77
69	78
69	80
69	81
69	83
69	85
69	86
69	87
69	88
69	89
69	90
69	91
69	93
69	94
69	99
69	100
69	101
69	102
69	105
69	106
69	107
69	110
69	111
69	112
69	113
69	114
69	115
69	117
69	119
69	120
69	121
69	122
69	124
69	125
69	128
70	1
70	2
70	3
70	4
70	5
70	6
70	9
70	10
70	11
70	12
70	13
70	15
70	16
70	17
70	19
70	21
70	22
70	25
70	27
70	29
70	30
70	31
70	32
70	33
70	34
70	36
70	38
70	39
70	40
70	43
70	45
70	46
70	48
70	49
70	50
70	52
70	53
70	54
70	55
70	56
70	57
70	59
70	60
70	61
70	62
70	64
70	65
70	75
70	77
70	78
70	81
70	83
70	85
70	86
70	87
70	89
70	91
70	92
70	93
70	94
70	96
70	97
70	98
70	100
70	102
70	103
70	105
70	106
70	108
70	109
70	110
70	111
70	113
70	115
70	116
70	118
70	119
70	120
70	121
70	126
70	130
71	1
71	2
71	3
71	4
71	5
71	8
71	11
71	12
71	13
71	14
71	16
71	18
71	19
71	20
71	22
71	23
71	24
71	26
71	27
71	28
71	29
71	30
71	31
71	38
71	41
71	42
71	43
71	44
71	45
71	47
71	48
71	49
71	51
71	53
71	55
71	56
71	57
71	58
71	60
71	61
71	62
71	65
71	67
71	70
71	71
71	72
71	74
71	75
71	78
71	80
71	81
71	82
71	83
71	84
71	85
71	86
71	87
71	88
71	89
71	92
71	93
71	95
71	96
71	98
71	100
71	101
71	102
71	103
71	104
71	106
71	107
71	108
71	110
71	111
71	113
71	114
71	116
71	117
71	119
71	121
71	122
71	123
71	124
71	125
71	127
72	1
72	4
72	6
72	8
72	9
72	10
72	12
72	13
72	14
72	15
72	16
72	18
72	20
72	22
72	24
72	25
72	26
72	29
72	30
72	33
72	34
72	35
72	37
72	40
72	41
72	42
72	44
72	46
72	47
72	48
72	49
72	50
72	51
72	52
72	53
72	55
72	56
72	57
72	58
72	59
72	62
72	63
72	64
72	65
72	66
72	69
72	70
72	71
72	72
72	73
72	74
72	75
72	76
72	77
72	78
72	80
72	82
72	83
72	85
72	88
72	91
72	92
72	95
72	96
72	97
72	98
72	99
72	100
72	101
72	103
72	104
72	105
72	106
72	108
72	109
72	113
72	114
72	115
72	117
72	119
72	124
72	126
72	127
72	129
72	130
73	1
73	3
73	5
73	10
73	11
73	13
73	15
73	17
73	18
73	19
73	20
73	22
73	25
73	26
73	27
73	30
73	31
73	34
73	35
73	36
73	37
73	38
73	39
73	40
73	42
73	44
73	45
73	47
73	49
73	50
73	51
73	52
73	53
73	54
73	55
73	57
73	58
73	59
73	61
73	62
73	64
73	65
73	69
73	71
73	72
73	73
73	74
73	75
73	76
73	77
73	78
73	79
73	80
73	82
73	83
73	84
73	85
73	86
73	87
73	89
73	90
73	92
73	93
73	95
73	96
73	97
73	98
73	100
73	103
73	105
73	107
73	110
73	111
73	112
73	113
73	114
73	115
73	117
73	120
73	122
73	123
73	124
73	125
73	127
73	128
74	2
74	3
74	5
74	8
74	10
74	11
74	12
74	15
74	16
74	18
74	19
74	20
74	22
74	23
74	25
74	27
74	31
74	33
74	36
74	37
74	40
74	41
74	44
74	46
74	49
74	50
74	53
74	54
74	55
74	56
74	57
74	59
74	60
74	61
74	64
74	66
74	67
74	70
74	71
74	72
74	74
74	75
74	76
74	78
74	79
74	80
74	81
74	84
74	86
74	89
74	90
74	91
74	92
74	93
74	94
74	95
74	96
74	100
74	103
74	104
74	105
74	106
74	108
74	109
74	110
74	111
74	113
74	116
74	117
74	119
74	120
74	121
74	122
74	124
74	125
74	126
74	127
75	1
75	3
75	5
75	7
75	9
75	10
75	11
75	13
75	15
75	16
75	17
75	18
75	19
75	21
75	23
75	24
75	26
75	27
75	29
75	30
75	32
75	34
75	35
75	38
75	40
75	41
75	43
75	50
75	56
75	59
75	60
75	61
75	64
75	66
75	67
75	68
75	69
75	71
75	72
75	74
75	75
75	76
75	82
75	83
75	84
75	87
75	88
75	90
75	93
75	98
75	99
75	102
75	105
75	107
75	108
75	110
75	113
75	115
75	116
75	117
75	118
75	119
75	120
75	123
75	124
75	126
75	128
76	1
76	3
76	4
76	5
76	6
76	9
76	10
76	11
76	12
76	16
76	17
76	18
76	19
76	21
76	22
76	23
76	24
76	26
76	27
76	28
76	30
76	31
76	33
76	34
76	36
76	37
76	39
76	40
76	42
76	44
76	45
76	47
76	48
76	49
76	51
76	52
76	53
76	54
76	56
76	58
76	59
76	60
76	61
76	62
76	64
76	67
76	68
76	70
76	71
76	74
76	75
76	76
76	83
76	85
76	88
76	90
76	91
76	92
76	94
76	95
76	96
76	97
76	98
76	99
76	100
76	101
76	102
76	103
76	104
76	107
76	108
76	112
76	113
76	114
76	116
76	117
76	121
76	125
76	126
76	127
76	128
76	129
77	1
77	2
77	3
77	5
77	9
77	10
77	11
77	12
77	14
77	17
77	18
77	20
77	21
77	22
77	23
77	24
77	26
77	28
77	30
77	31
77	33
77	35
77	36
77	37
77	39
77	41
77	42
77	43
77	44
77	45
77	46
77	47
77	48
77	49
77	53
77	55
77	56
77	57
77	58
77	59
77	60
77	62
77	64
77	65
77	66
77	67
77	69
77	70
77	71
77	72
77	74
77	76
77	77
77	78
77	79
77	83
77	85
77	87
77	88
77	90
77	91
77	92
77	93
77	94
77	96
77	97
77	98
77	99
77	100
77	101
77	102
77	103
77	104
77	105
77	106
77	109
77	113
77	114
77	115
77	116
77	119
77	121
77	122
77	123
77	124
77	125
77	127
77	128
77	129
78	1
78	2
78	3
78	4
78	5
78	6
78	10
78	13
78	14
78	15
78	18
78	22
78	23
78	27
78	28
78	29
78	31
78	36
78	37
78	38
78	40
78	41
78	42
78	43
78	44
78	45
78	46
78	47
78	50
78	53
78	54
78	56
78	57
78	58
78	59
78	60
78	61
78	64
78	65
78	66
78	68
78	69
78	70
78	71
78	73
78	74
78	76
78	77
78	80
78	81
78	83
78	84
78	85
78	86
78	87
78	88
78	89
78	90
78	91
78	92
78	94
78	95
78	96
78	99
78	100
78	101
78	103
78	104
78	105
78	106
78	107
78	108
78	109
78	110
78	113
78	114
78	115
78	116
78	118
78	120
78	121
78	123
78	124
78	125
78	126
78	127
78	129
79	1
79	2
79	3
79	5
79	6
79	7
79	11
79	12
79	14
79	15
79	17
79	18
79	19
79	20
79	23
79	24
79	26
79	27
79	28
79	29
79	31
79	32
79	35
79	36
79	38
79	39
79	40
79	42
79	43
79	45
79	46
79	47
79	48
79	50
79	52
79	54
79	55
79	56
79	57
79	58
79	59
79	60
79	61
79	62
79	63
79	64
79	66
79	67
79	69
79	70
79	71
79	72
79	73
79	75
79	77
79	79
79	80
79	81
79	82
79	83
79	84
79	86
79	89
79	90
79	91
79	94
79	95
79	98
79	99
79	101
79	103
79	104
79	105
79	106
79	107
79	108
79	110
79	111
79	114
79	115
79	117
79	118
79	119
79	122
79	124
79	126
79	127
79	129
79	130
80	1
80	3
80	4
80	7
80	11
80	12
80	13
80	14
80	16
80	18
80	19
80	22
80	23
80	25
80	26
80	27
80	28
80	30
80	31
80	33
80	35
80	38
80	39
80	41
80	42
80	43
80	44
80	47
80	48
80	49
80	50
80	54
80	59
80	61
80	64
80	65
80	67
80	69
80	70
80	71
80	73
80	75
80	78
80	80
80	81
80	82
80	84
80	85
80	87
80	88
80	89
80	90
80	91
80	92
80	93
80	96
80	98
80	101
80	102
80	103
80	104
80	110
80	111
80	112
80	113
80	114
80	116
80	118
80	121
80	122
80	124
80	125
80	127
81	1
81	2
81	7
81	10
81	11
81	12
81	13
81	14
81	16
81	17
81	18
81	21
81	23
81	24
81	26
81	27
81	28
81	29
81	32
81	33
81	34
81	35
81	36
81	37
81	38
81	39
81	41
81	42
81	45
81	47
81	51
81	52
81	54
81	55
81	56
81	57
81	58
81	60
81	66
81	68
81	69
81	72
81	74
81	75
81	77
81	78
81	80
81	81
81	83
81	84
81	85
81	86
81	88
81	89
81	90
81	92
81	96
81	97
81	98
81	99
81	100
81	104
81	106
81	107
81	108
81	110
81	112
81	115
81	116
81	117
81	119
81	120
81	121
81	122
81	123
81	124
81	126
81	128
81	129
81	130
82	1
82	4
82	5
82	8
82	9
82	10
82	11
82	12
82	13
82	17
82	18
82	19
82	20
82	21
82	22
82	23
82	24
82	25
82	26
82	28
82	29
82	30
82	34
82	35
82	36
82	37
82	38
82	39
82	40
82	42
82	43
82	44
82	46
82	49
82	50
82	54
82	55
82	56
82	57
82	61
82	64
82	68
82	69
82	71
82	72
82	73
82	74
82	76
82	77
82	78
82	79
82	81
82	82
82	84
82	86
82	89
82	90
82	91
82	92
82	95
82	96
82	97
82	98
82	99
82	100
82	101
82	105
82	106
82	107
82	109
82	110
82	112
82	113
82	114
82	116
82	117
82	118
82	121
82	122
82	123
82	125
82	127
83	1
83	7
83	8
83	11
83	12
83	15
83	17
83	18
83	19
83	20
83	21
83	22
83	23
83	24
83	27
83	28
83	30
83	31
83	32
83	33
83	34
83	36
83	37
83	41
83	42
83	43
83	45
83	47
83	50
83	51
83	52
83	54
83	57
83	58
83	61
83	63
83	65
83	66
83	68
83	71
83	75
83	81
83	83
83	84
83	85
83	89
83	90
83	91
83	92
83	93
83	94
83	95
83	96
83	97
83	99
83	100
83	101
83	102
83	103
83	105
83	106
83	107
83	108
83	109
83	110
83	111
83	112
83	113
83	114
83	116
83	117
83	119
83	120
83	121
83	123
83	124
83	125
83	127
83	130
84	1
84	2
84	4
84	5
84	6
84	7
84	8
84	9
84	10
84	11
84	12
84	13
84	16
84	18
84	19
84	20
84	23
84	24
84	27
84	28
84	29
84	30
84	34
84	35
84	36
84	37
84	38
84	39
84	40
84	41
84	42
84	45
84	46
84	49
84	52
84	55
84	56
84	57
84	58
84	59
84	60
84	61
84	62
84	63
84	64
84	66
84	67
84	68
84	70
84	71
84	74
84	78
84	79
84	80
84	82
84	85
84	86
84	87
84	88
84	90
84	91
84	93
84	95
84	97
84	98
84	99
84	100
84	102
84	105
84	107
84	109
84	110
84	111
84	113
84	114
84	115
84	118
84	119
84	121
84	122
84	123
84	124
84	125
84	127
84	129
85	1
85	3
85	5
85	6
85	10
85	11
85	12
85	13
85	14
85	17
85	20
85	21
85	22
85	23
85	24
85	25
85	26
85	27
85	28
85	31
85	32
85	33
85	35
85	37
85	39
85	40
85	41
85	42
85	43
85	46
85	47
85	48
85	51
85	53
85	55
85	56
85	58
85	59
85	61
85	63
85	64
85	65
85	67
85	69
85	71
85	73
85	75
85	76
85	77
85	78
85	79
85	82
85	83
85	84
85	85
85	86
85	88
85	90
85	91
85	94
85	95
85	97
85	98
85	101
85	103
85	104
85	105
85	107
85	108
85	111
85	112
85	113
85	114
85	117
85	119
85	120
85	126
85	127
85	128
86	2
86	3
86	4
86	6
86	9
86	10
86	12
86	13
86	15
86	16
86	17
86	18
86	19
86	20
86	21
86	22
86	23
86	24
86	25
86	26
86	27
86	28
86	29
86	31
86	32
86	33
86	34
86	35
86	36
86	37
86	38
86	40
86	41
86	42
86	43
86	45
86	46
86	47
86	48
86	50
86	51
86	55
86	56
86	59
86	60
86	62
86	63
86	64
86	65
86	68
86	69
86	70
86	71
86	72
86	73
86	75
86	78
86	80
86	81
86	82
86	83
86	84
86	85
86	86
86	87
86	89
86	91
86	93
86	94
86	95
86	96
86	97
86	98
86	99
86	100
86	101
86	102
86	103
86	105
86	108
86	111
86	112
86	113
86	114
86	115
86	117
86	118
86	119
86	120
86	121
86	122
86	123
86	125
86	127
86	128
86	129
87	1
87	2
87	4
87	5
87	7
87	12
87	13
87	15
87	16
87	19
87	20
87	21
87	22
87	24
87	25
87	26
87	27
87	29
87	30
87	31
87	32
87	33
87	34
87	35
87	36
87	37
87	40
87	43
87	44
87	45
87	46
87	47
87	55
87	56
87	57
87	60
87	63
87	66
87	68
87	69
87	70
87	73
87	74
87	78
87	79
87	81
87	82
87	83
87	85
87	86
87	87
87	88
87	89
87	90
87	92
87	93
87	96
87	97
87	98
87	99
87	100
87	101
87	102
87	106
87	110
87	111
87	112
87	114
87	115
87	117
87	118
87	119
87	123
87	124
87	126
87	127
87	129
88	1
88	2
88	3
88	5
88	8
88	9
88	11
88	12
88	14
88	15
88	16
88	17
88	18
88	21
88	22
88	24
88	26
88	27
88	28
88	31
88	33
88	34
88	35
88	36
88	37
88	38
88	39
88	40
88	41
88	42
88	43
88	46
88	48
88	49
88	51
88	54
88	56
88	57
88	58
88	63
88	64
88	65
88	66
88	67
88	69
88	71
88	73
88	75
88	80
88	81
88	84
88	85
88	86
88	88
88	89
88	90
88	91
88	93
88	95
88	97
88	100
88	101
88	102
88	105
88	106
88	107
88	108
88	109
88	110
88	111
88	112
88	113
88	117
88	119
88	120
88	124
88	125
88	127
88	128
88	129
88	130
89	1
89	2
89	4
89	5
89	6
89	8
89	13
89	14
89	17
89	18
89	19
89	21
89	22
89	23
89	27
89	28
89	29
89	31
89	32
89	33
89	34
89	35
89	37
89	38
89	39
89	40
89	41
89	42
89	46
89	49
89	50
89	52
89	53
89	54
89	55
89	57
89	59
89	60
89	62
89	67
89	68
89	69
89	70
89	71
89	72
89	74
89	75
89	76
89	78
89	79
89	80
89	81
89	82
89	86
89	87
89	88
89	89
89	90
89	92
89	93
89	94
89	96
89	98
89	100
89	101
89	103
89	105
89	106
89	107
89	111
89	112
89	113
89	115
89	117
89	120
89	121
89	123
89	124
89	125
89	126
89	128
90	1
90	2
90	5
90	6
90	8
90	10
90	12
90	13
90	15
90	17
90	18
90	19
90	23
90	24
90	25
90	26
90	29
90	31
90	32
90	36
90	38
90	39
90	40
90	41
90	42
90	43
90	44
90	45
90	48
90	50
90	52
90	54
90	55
90	56
90	58
90	59
90	61
90	62
90	63
90	66
90	68
90	69
90	71
90	72
90	73
90	75
90	78
90	79
90	81
90	82
90	86
90	88
90	89
90	90
90	91
90	92
90	97
90	99
90	100
90	102
90	103
90	104
90	107
90	110
90	111
90	112
90	113
90	115
90	116
90	120
90	121
90	122
90	124
90	125
90	126
90	129
91	1
91	2
91	3
91	4
91	6
91	7
91	9
91	10
91	12
91	14
91	15
91	17
91	19
91	21
91	23
91	24
91	26
91	27
91	28
91	29
91	30
91	31
91	32
91	34
91	36
91	37
91	38
91	41
91	42
91	43
91	47
91	48
91	49
91	50
91	51
91	54
91	57
91	58
91	59
91	62
91	65
91	66
91	68
91	69
91	70
91	71
91	72
91	73
91	74
91	76
91	77
91	79
91	80
91	81
91	82
91	83
91	88
91	89
91	90
91	92
91	93
91	95
91	96
91	97
91	98
91	99
91	100
91	101
91	102
91	103
91	104
91	107
91	109
91	110
91	113
91	114
91	116
91	117
91	118
91	121
91	122
91	123
91	124
91	125
91	127
91	128
91	129
92	1
92	4
92	5
92	6
92	9
92	10
92	12
92	13
92	14
92	15
92	16
92	17
92	21
92	22
92	23
92	24
92	25
92	27
92	28
92	29
92	30
92	31
92	32
92	34
92	36
92	37
92	38
92	39
92	40
92	42
92	43
92	44
92	45
92	46
92	47
92	49
92	50
92	51
92	52
92	53
92	54
92	55
92	56
92	57
92	58
92	59
92	62
92	63
92	67
92	68
92	70
92	71
92	72
92	73
92	76
92	79
92	80
92	81
92	82
92	88
92	89
92	90
92	92
92	93
92	94
92	95
92	96
92	97
92	98
92	99
92	101
92	103
92	104
92	106
92	107
92	110
92	112
92	113
92	115
92	117
92	123
92	124
92	126
92	127
92	130
93	1
93	2
93	5
93	8
93	9
93	10
93	16
93	19
93	22
93	25
93	26
93	28
93	29
93	31
93	33
93	36
93	37
93	38
93	40
93	41
93	44
93	45
93	47
93	48
93	49
93	50
93	51
93	52
93	54
93	55
93	58
93	61
93	64
93	65
93	66
93	67
93	68
93	69
93	70
93	72
93	74
93	75
93	76
93	78
93	79
93	80
93	81
93	82
93	83
93	84
93	86
93	87
93	88
93	89
93	90
93	92
93	93
93	94
93	95
93	97
93	98
93	101
93	104
93	106
93	107
93	108
93	111
93	112
93	113
93	116
93	118
93	119
93	120
93	121
93	123
93	127
93	129
94	1
94	2
94	3
94	4
94	5
94	8
94	11
94	12
94	13
94	15
94	16
94	18
94	20
94	21
94	23
94	25
94	26
94	27
94	28
94	30
94	31
94	32
94	33
94	34
94	35
94	36
94	37
94	38
94	39
94	40
94	45
94	46
94	48
94	50
94	53
94	54
94	55
94	56
94	57
94	58
94	61
94	62
94	63
94	64
94	65
94	66
94	67
94	68
94	70
94	72
94	73
94	74
94	75
94	76
94	77
94	79
94	82
94	83
94	84
94	85
94	86
94	87
94	88
94	89
94	90
94	92
94	94
94	95
94	96
94	98
94	101
94	102
94	103
94	105
94	108
94	109
94	110
94	111
94	113
94	114
94	115
94	117
94	119
94	120
94	125
94	127
94	128
94	129
94	130
95	2
95	3
95	4
95	5
95	6
95	8
95	11
95	12
95	14
95	15
95	16
95	18
95	20
95	21
95	22
95	25
95	27
95	28
95	29
95	31
95	33
95	35
95	36
95	38
95	40
95	41
95	42
95	43
95	44
95	45
95	46
95	47
95	51
95	54
95	56
95	58
95	60
95	62
95	63
95	64
95	65
95	66
95	69
95	70
95	71
95	72
95	74
95	77
95	78
95	81
95	82
95	83
95	84
95	85
95	86
95	87
95	88
95	89
95	91
95	92
95	93
95	94
95	98
95	99
95	101
95	102
95	104
95	105
95	106
95	107
95	108
95	109
95	111
95	114
95	115
95	116
95	117
95	118
95	120
95	123
95	125
95	127
95	129
95	130
96	1
96	2
96	3
96	4
96	7
96	8
96	11
96	12
96	14
96	18
96	19
96	20
96	21
96	23
96	26
96	30
96	32
96	33
96	34
96	35
96	38
96	39
96	41
96	42
96	43
96	44
96	47
96	48
96	49
96	52
96	54
96	55
96	56
96	58
96	59
96	60
96	64
96	66
96	67
96	70
96	71
96	74
96	75
96	76
96	77
96	78
96	79
96	80
96	83
96	84
96	85
96	86
96	89
96	91
96	93
96	94
96	95
96	99
96	100
96	101
96	102
96	103
96	105
96	106
96	107
96	109
96	111
96	112
96	113
96	116
96	117
96	118
96	119
96	120
96	121
96	123
96	126
96	127
96	128
96	129
97	2
97	3
97	6
97	7
97	10
97	13
97	15
97	16
97	17
97	18
97	19
97	20
97	21
97	23
97	24
97	26
97	27
97	28
97	29
97	30
97	34
97	35
97	36
97	37
97	38
97	39
97	40
97	41
97	47
97	49
97	51
97	52
97	54
97	55
97	56
97	57
97	58
97	59
97	60
97	61
97	62
97	63
97	64
97	65
97	69
97	70
97	71
97	72
97	73
97	75
97	76
97	78
97	79
97	80
97	81
97	82
97	83
97	85
97	89
97	90
97	91
97	92
97	94
97	95
97	96
97	97
97	98
97	99
97	104
97	105
97	106
97	107
97	108
97	113
97	115
97	116
97	117
97	119
97	120
97	121
97	123
97	124
97	126
97	127
98	2
98	3
98	5
98	6
98	7
98	8
98	9
98	10
98	11
98	13
98	14
98	15
98	17
98	18
98	21
98	22
98	23
98	25
98	27
98	28
98	29
98	30
98	31
98	34
98	35
98	36
98	37
98	38
98	39
98	40
98	42
98	43
98	44
98	45
98	47
98	48
98	49
98	50
98	51
98	53
98	54
98	55
98	56
98	57
98	58
98	59
98	60
98	62
98	63
98	64
98	65
98	66
98	68
98	69
98	70
98	71
98	73
98	74
98	76
98	77
98	78
98	79
98	80
98	81
98	82
98	85
98	87
98	88
98	92
98	93
98	94
98	95
98	97
98	98
98	100
98	101
98	104
98	105
98	106
98	107
98	109
98	110
98	111
98	112
98	114
98	115
98	117
98	118
98	120
98	121
98	122
98	126
98	127
98	129
99	1
99	2
99	5
99	6
99	10
99	11
99	12
99	13
99	16
99	17
99	19
99	21
99	23
99	24
99	25
99	26
99	27
99	28
99	30
99	31
99	32
99	33
99	34
99	35
99	36
99	37
99	38
99	43
99	44
99	46
99	48
99	50
99	51
99	52
99	54
99	55
99	56
99	57
99	59
99	62
99	64
99	67
99	68
99	69
99	73
99	74
99	75
99	76
99	79
99	80
99	81
99	82
99	83
99	84
99	85
99	88
99	89
99	90
99	92
99	97
99	98
99	102
99	103
99	104
99	106
99	107
99	110
99	111
99	112
99	115
99	118
99	119
99	120
99	121
99	124
99	125
99	126
99	127
100	1
100	2
100	3
100	6
100	8
100	9
100	11
100	12
100	14
100	15
100	16
100	19
100	22
100	25
100	28
100	30
100	31
100	34
100	36
100	37
100	40
100	42
100	43
100	44
100	46
100	47
100	48
100	49
100	52
100	53
100	55
100	57
100	58
100	62
100	64
100	67
100	68
100	69
100	70
100	72
100	73
100	75
100	76
100	78
100	79
100	83
100	85
100	86
100	87
100	89
100	90
100	91
100	92
100	94
100	95
100	96
100	99
100	100
100	103
100	106
100	107
100	111
100	113
100	114
100	115
100	116
100	120
100	121
100	122
100	123
100	125
100	127
100	128
100	130
101	1
101	3
101	4
101	5
101	6
101	7
101	8
101	9
101	10
101	12
101	13
101	17
101	19
101	22
101	24
101	26
101	27
101	28
101	30
101	31
101	32
101	34
101	35
101	36
101	38
101	40
101	42
101	43
101	46
101	47
101	48
101	49
101	50
101	51
101	53
101	54
101	55
101	56
101	57
101	58
101	59
101	60
101	61
101	64
101	65
101	66
101	67
101	68
101	69
101	70
101	71
101	73
101	75
101	76
101	77
101	78
101	79
101	80
101	81
101	82
101	84
101	85
101	86
101	87
101	92
101	93
101	95
101	96
101	97
101	98
101	99
101	101
101	102
101	103
101	104
101	106
101	107
101	109
101	110
101	111
101	112
101	116
101	119
101	120
101	121
101	122
101	123
101	124
101	127
101	129
102	1
102	3
102	6
102	7
102	8
102	9
102	10
102	11
102	12
102	13
102	14
102	15
102	16
102	17
102	21
102	22
102	25
102	26
102	27
102	30
102	31
102	34
102	35
102	36
102	38
102	39
102	40
102	42
102	44
102	48
102	49
102	50
102	52
102	53
102	56
102	57
102	58
102	60
102	62
102	64
102	67
102	68
102	70
102	71
102	73
102	77
102	78
102	81
102	82
102	85
102	86
102	87
102	88
102	89
102	90
102	91
102	92
102	94
102	95
102	96
102	98
102	99
102	101
102	102
102	103
102	104
102	105
102	106
102	107
102	108
102	110
102	114
102	116
102	118
102	120
102	121
102	122
102	123
102	124
102	125
102	127
102	129
102	130
103	1
103	3
103	4
103	5
103	7
103	9
103	10
103	12
103	14
103	15
103	17
103	18
103	19
103	23
103	24
103	26
103	28
103	29
103	32
103	33
103	36
103	38
103	40
103	41
103	42
103	43
103	44
103	45
103	48
103	51
103	53
103	54
103	56
103	59
103	61
103	62
103	64
103	65
103	66
103	68
103	69
103	70
103	71
103	73
103	74
103	75
103	77
103	78
103	79
103	80
103	81
103	82
103	84
103	85
103	86
103	90
103	91
103	93
103	96
103	99
103	101
103	104
103	105
103	106
103	107
103	109
103	110
103	111
103	114
103	115
103	116
103	117
103	118
103	120
103	121
103	122
103	123
103	125
103	126
103	127
103	129
104	1
104	3
104	5
104	6
104	8
104	9
104	10
104	12
104	13
104	17
104	19
104	20
104	21
104	24
104	25
104	26
104	30
104	31
104	32
104	33
104	37
104	38
104	39
104	42
104	43
104	44
104	45
104	46
104	47
104	48
104	49
104	50
104	51
104	52
104	55
104	56
104	57
104	58
104	61
104	63
104	64
104	65
104	66
104	67
104	68
104	71
104	72
104	73
104	74
104	75
104	76
104	77
104	78
104	79
104	80
104	82
104	83
104	84
104	87
104	89
104	90
104	92
104	93
104	94
104	96
104	97
104	98
104	99
104	101
104	103
104	105
104	107
104	108
104	110
104	111
104	113
104	114
104	116
104	117
104	118
104	119
104	120
104	121
104	123
104	124
104	125
104	126
104	127
104	129
104	130
105	1
105	2
105	3
105	5
105	6
105	7
105	8
105	9
105	13
105	14
105	16
105	18
105	19
105	20
105	21
105	23
105	24
105	25
105	27
105	30
105	31
105	32
105	33
105	36
105	37
105	40
105	43
105	46
105	48
105	50
105	51
105	52
105	53
105	54
105	56
105	57
105	58
105	59
105	60
105	62
105	64
105	67
105	68
105	71
105	72
105	73
105	74
105	77
105	78
105	79
105	80
105	81
105	83
105	84
105	86
105	87
105	88
105	91
105	94
105	95
105	96
105	97
105	98
105	100
105	101
105	103
105	104
105	105
105	106
105	108
105	109
105	110
105	111
105	112
105	113
105	114
105	115
105	116
105	118
105	119
105	122
105	124
105	125
105	126
105	127
105	128
105	129
106	1
106	2
106	3
106	4
106	5
106	7
106	8
106	9
106	10
106	12
106	14
106	15
106	16
106	17
106	18
106	20
106	21
106	25
106	28
106	30
106	31
106	32
106	33
106	34
106	35
106	36
106	39
106	40
106	41
106	42
106	43
106	44
106	46
106	47
106	48
106	50
106	51
106	52
106	53
106	56
106	57
106	58
106	59
106	60
106	62
106	63
106	64
106	65
106	66
106	70
106	71
106	73
106	74
106	75
106	76
106	77
106	78
106	79
106	80
106	81
106	83
106	84
106	85
106	86
106	89
106	92
106	94
106	95
106	96
106	98
106	99
106	100
106	101
106	106
106	107
106	108
106	109
106	110
106	113
106	116
106	119
106	120
106	121
106	123
106	124
106	125
106	126
106	127
106	128
106	129
107	3
107	4
107	5
107	6
107	7
107	8
107	9
107	10
107	11
107	15
107	16
107	17
107	18
107	19
107	23
107	24
107	27
107	28
107	29
107	32
107	34
107	35
107	37
107	38
107	39
107	40
107	41
107	42
107	43
107	44
107	45
107	47
107	48
107	51
107	52
107	56
107	62
107	64
107	65
107	66
107	67
107	68
107	69
107	72
107	73
107	74
107	77
107	80
107	81
107	82
107	83
107	84
107	85
107	86
107	87
107	89
107	90
107	91
107	93
107	94
107	95
107	96
107	97
107	99
107	101
107	102
107	106
107	107
107	108
107	111
107	112
107	113
107	114
107	115
107	116
107	117
107	118
107	119
107	120
107	121
107	122
107	123
107	125
107	126
108	2
108	4
108	7
108	8
108	9
108	11
108	12
108	14
108	15
108	17
108	18
108	19
108	20
108	22
108	23
108	24
108	26
108	28
108	30
108	31
108	34
108	35
108	36
108	38
108	40
108	41
108	43
108	45
108	46
108	47
108	49
108	52
108	53
108	54
108	55
108	56
108	57
108	59
108	61
108	63
108	64
108	65
108	67
108	68
108	69
108	71
108	72
108	73
108	75
108	76
108	77
108	78
108	79
108	81
108	82
108	83
108	85
108	87
108	90
108	91
108	94
108	95
108	97
108	98
108	100
108	101
108	103
108	104
108	105
108	106
108	107
108	108
108	111
108	113
108	114
108	115
108	118
108	119
108	120
108	121
108	124
108	125
108	129
108	130
109	2
109	3
109	4
109	5
109	6
109	10
109	11
109	12
109	13
109	15
109	18
109	20
109	21
109	23
109	24
109	25
109	26
109	28
109	29
109	30
109	31
109	33
109	34
109	35
109	37
109	38
109	42
109	43
109	44
109	48
109	49
109	50
109	52
109	53
109	54
109	55
109	57
109	58
109	61
109	62
109	64
109	66
109	67
109	69
109	71
109	72
109	73
109	74
109	76
109	77
109	78
109	79
109	81
109	83
109	84
109	85
109	90
109	91
109	92
109	93
109	94
109	95
109	96
109	97
109	98
109	100
109	103
109	104
109	105
109	108
109	111
109	112
109	113
109	116
109	117
109	118
109	121
109	122
109	125
109	126
109	127
109	128
109	129
110	1
110	4
110	7
110	9
110	12
110	13
110	14
110	15
110	16
110	17
110	18
110	20
110	22
110	24
110	25
110	26
110	29
110	30
110	31
110	33
110	35
110	36
110	41
110	44
110	46
110	47
110	48
110	49
110	51
110	52
110	53
110	55
110	56
110	57
110	59
110	61
110	62
110	63
110	64
110	65
110	68
110	72
110	74
110	76
110	79
110	80
110	82
110	83
110	84
110	86
110	89
110	93
110	98
110	103
110	104
110	106
110	107
110	108
110	109
110	114
110	115
110	117
110	118
110	119
110	120
110	121
110	122
110	126
110	127
110	129
111	3
111	4
111	5
111	7
111	9
111	11
111	14
111	16
111	18
111	19
111	20
111	21
111	22
111	23
111	25
111	27
111	29
111	30
111	32
111	34
111	36
111	37
111	39
111	40
111	41
111	45
111	48
111	50
111	51
111	52
111	53
111	56
111	57
111	58
111	60
111	61
111	62
111	63
111	64
111	66
111	69
111	70
111	72
111	73
111	74
111	76
111	79
111	81
111	83
111	84
111	87
111	88
111	89
111	90
111	91
111	92
111	96
111	97
111	99
111	100
111	101
111	102
111	103
111	106
111	107
111	109
111	110
111	113
111	116
111	117
111	118
111	119
111	120
111	121
111	124
111	125
111	127
111	128
111	129
111	130
112	1
112	3
112	6
112	7
112	8
112	9
112	10
112	12
112	13
112	15
112	18
112	19
112	20
112	21
112	22
112	23
112	25
112	27
112	28
112	32
112	33
112	35
112	36
112	37
112	38
112	39
112	40
112	42
112	43
112	44
112	46
112	48
112	54
112	55
112	56
112	57
112	58
112	62
112	66
112	67
112	68
112	70
112	71
112	73
112	75
112	76
112	78
112	81
112	83
112	84
112	85
112	89
112	92
112	94
112	95
112	98
112	100
112	104
112	105
112	110
112	111
112	113
112	114
112	116
112	117
112	119
112	124
112	125
112	127
112	129
113	2
113	3
113	4
113	5
113	6
113	7
113	9
113	10
113	11
113	12
113	13
113	14
113	15
113	16
113	17
113	18
113	19
113	20
113	21
113	22
113	24
113	25
113	26
113	29
113	33
113	34
113	35
113	36
113	39
113	41
113	42
113	43
113	44
113	45
113	46
113	48
113	49
113	50
113	52
113	54
113	55
113	56
113	58
113	60
113	61
113	62
113	63
113	64
113	67
113	68
113	69
113	72
113	73
113	74
113	75
113	76
113	77
113	80
113	81
113	82
113	84
113	86
113	87
113	89
113	91
113	93
113	94
113	95
113	97
113	99
113	100
113	101
113	102
113	103
113	104
113	105
113	106
113	107
113	108
113	109
113	111
113	116
113	117
113	121
113	122
113	123
113	125
113	126
113	128
113	129
114	1
114	2
114	3
114	4
114	8
114	10
114	12
114	14
114	15
114	16
114	17
114	19
114	20
114	21
114	23
114	24
114	25
114	26
114	35
114	36
114	38
114	41
114	42
114	44
114	46
114	47
114	49
114	51
114	52
114	53
114	54
114	57
114	58
114	59
114	61
114	62
114	63
114	64
114	65
114	66
114	69
114	70
114	72
114	75
114	76
114	78
114	79
114	81
114	85
114	86
114	87
114	90
114	94
114	95
114	96
114	97
114	98
114	99
114	101
114	102
114	103
114	104
114	105
114	107
114	109
114	113
114	114
114	116
114	117
114	119
114	121
114	122
114	124
114	127
114	128
114	130
115	1
115	2
115	3
115	4
115	5
115	6
115	8
115	9
115	10
115	11
115	12
115	13
115	15
115	19
115	20
115	21
115	22
115	23
115	25
115	27
115	30
115	31
115	33
115	34
115	35
115	37
115	38
115	44
115	46
115	47
115	48
115	49
115	50
115	51
115	52
115	53
115	54
115	55
115	56
115	59
115	60
115	64
115	65
115	66
115	67
115	68
115	69
115	71
115	72
115	73
115	74
115	75
115	76
115	77
115	78
115	79
115	82
115	85
115	86
115	87
115	88
115	89
115	90
115	91
115	92
115	93
115	94
115	97
115	98
115	100
115	101
115	103
115	106
115	107
115	108
115	109
115	111
115	113
115	116
115	117
115	118
115	119
115	120
115	121
115	123
115	124
115	126
115	128
115	129
115	130
116	1
116	3
116	7
116	9
116	12
116	13
116	14
116	15
116	16
116	17
116	19
116	20
116	22
116	23
116	24
116	25
116	30
116	32
116	33
116	34
116	35
116	36
116	37
116	40
116	41
116	43
116	44
116	46
116	47
116	48
116	49
116	50
116	51
116	52
116	53
116	55
116	57
116	58
116	60
116	63
116	64
116	65
116	67
116	69
116	70
116	71
116	72
116	73
116	74
116	75
116	76
116	77
116	78
116	79
116	80
116	81
116	83
116	84
116	86
116	87
116	88
116	89
116	90
116	95
116	96
116	97
116	98
116	99
116	101
116	102
116	103
116	104
116	105
116	106
116	108
116	110
116	112
116	114
116	115
116	119
116	121
116	122
116	123
116	124
116	126
116	127
116	129
116	130
117	4
117	5
117	7
117	13
117	15
117	17
117	18
117	19
117	22
117	24
117	25
117	26
117	27
117	28
117	29
117	34
117	35
117	36
117	37
117	38
117	39
117	40
117	42
117	44
117	45
117	47
117	49
117	50
117	52
117	55
117	59
117	60
117	62
117	63
117	65
117	66
117	69
117	70
117	75
117	76
117	77
117	78
117	80
117	82
117	83
117	84
117	85
117	86
117	87
117	88
117	92
117	93
117	94
117	96
117	97
117	101
117	102
117	104
117	106
117	107
117	108
117	109
117	110
117	114
117	115
117	116
117	118
117	119
117	120
117	121
117	124
117	125
117	126
117	127
117	130
118	1
118	2
118	4
118	5
118	6
118	7
118	8
118	9
118	11
118	14
118	16
118	17
118	19
118	21
118	22
118	25
118	27
118	29
118	34
118	35
118	37
118	39
118	40
118	42
118	43
118	44
118	45
118	46
118	47
118	48
118	50
118	51
118	52
118	53
118	55
118	56
118	57
118	58
118	60
118	62
118	63
118	64
118	67
118	69
118	70
118	71
118	72
118	73
118	74
118	76
118	78
118	80
118	82
118	87
118	88
118	89
118	90
118	92
118	93
118	94
118	95
118	96
118	98
118	99
118	100
118	101
118	102
118	103
118	104
118	105
118	106
118	109
118	110
118	112
118	113
118	114
118	116
118	117
118	118
118	120
118	123
118	125
118	127
118	128
118	129
118	130
119	1
119	2
119	3
119	4
119	7
119	10
119	11
119	13
119	15
119	17
119	18
119	20
119	23
119	25
119	29
119	30
119	31
119	36
119	40
119	41
119	44
119	45
119	47
119	48
119	49
119	50
119	52
119	55
119	57
119	59
119	63
119	65
119	68
119	69
119	70
119	71
119	72
119	74
119	75
119	76
119	77
119	78
119	80
119	81
119	82
119	83
119	84
119	85
119	86
119	87
119	88
119	89
119	90
119	92
119	94
119	95
119	98
119	99
119	101
119	103
119	104
119	105
119	106
119	107
119	108
119	109
119	110
119	112
119	114
119	117
119	118
119	119
119	122
119	123
119	126
119	128
119	129
119	130
120	2
120	3
120	5
120	6
120	7
120	8
120	10
120	12
120	13
120	15
120	17
120	18
120	19
120	20
120	25
120	26
120	27
120	32
120	33
120	35
120	37
120	38
120	39
120	40
120	41
120	42
120	44
120	45
120	47
120	49
120	50
120	51
120	53
120	54
120	55
120	56
120	57
120	58
120	60
120	63
120	66
120	67
120	68
120	69
120	70
120	71
120	74
120	75
120	76
120	77
120	80
120	81
120	82
120	86
120	87
120	90
120	91
120	93
120	94
120	97
120	100
120	101
120	102
120	107
120	108
120	109
120	110
120	112
120	113
120	114
120	116
120	117
120	118
120	120
120	121
120	122
120	125
120	126
120	127
120	129
121	1
121	2
121	4
121	5
121	8
121	9
121	10
121	13
121	14
121	15
121	22
121	23
121	24
121	26
121	29
121	30
121	34
121	35
121	37
121	38
121	39
121	41
121	42
121	43
121	45
121	46
121	48
121	49
121	51
121	52
121	55
121	56
121	57
121	58
121	60
121	61
121	62
121	65
121	66
121	67
121	72
121	73
121	74
121	75
121	78
121	81
121	83
121	84
121	87
121	89
121	91
121	92
121	93
121	97
121	98
121	99
121	101
121	102
121	103
121	104
121	106
121	107
121	108
121	109
121	110
121	111
121	115
121	119
121	122
121	124
121	125
121	128
121	129
121	130
122	6
122	7
122	8
122	9
122	10
122	12
122	14
122	16
122	18
122	19
122	20
122	23
122	24
122	27
122	29
122	30
122	32
122	33
122	34
122	35
122	36
122	37
122	38
122	41
122	43
122	45
122	46
122	47
122	50
122	51
122	52
122	54
122	55
122	56
122	57
122	58
122	59
122	60
122	62
122	64
122	65
122	68
122	69
122	71
122	73
122	76
122	77
122	81
122	83
122	84
122	85
122	86
122	90
122	91
122	93
122	95
122	97
122	99
122	101
122	102
122	104
122	107
122	109
122	110
122	113
122	115
122	116
122	117
122	119
122	120
122	123
122	124
122	126
122	127
122	128
123	1
123	2
123	5
123	7
123	8
123	10
123	11
123	12
123	13
123	14
123	15
123	16
123	17
123	19
123	22
123	25
123	27
123	28
123	30
123	31
123	34
123	39
123	40
123	41
123	43
123	44
123	45
123	49
123	50
123	51
123	52
123	55
123	57
123	58
123	59
123	63
123	64
123	65
123	66
123	69
123	70
123	71
123	73
123	75
123	76
123	78
123	80
123	81
123	82
123	83
123	84
123	85
123	88
123	89
123	90
123	91
123	93
123	95
123	97
123	98
123	102
123	103
123	104
123	106
123	107
123	113
123	115
123	116
123	117
123	118
123	120
123	121
123	122
123	123
123	124
123	126
123	128
123	129
123	130
124	1
124	2
124	3
124	5
124	6
124	9
124	12
124	13
124	15
124	17
124	19
124	20
124	22
124	23
124	24
124	25
124	27
124	29
124	30
124	31
124	32
124	33
124	34
124	36
124	38
124	39
124	42
124	45
124	46
124	47
124	50
124	53
124	54
124	55
124	56
124	59
124	62
124	64
124	65
124	67
124	69
124	70
124	71
124	73
124	74
124	75
124	77
124	78
124	81
124	82
124	84
124	87
124	88
124	89
124	90
124	91
124	93
124	96
124	97
124	101
124	102
124	103
124	104
124	105
124	107
124	108
124	109
124	110
124	111
124	112
124	113
124	114
124	115
124	116
124	118
124	119
124	120
124	121
124	123
124	124
124	130
125	3
125	4
125	5
125	6
125	7
125	8
125	9
125	10
125	11
125	12
125	14
125	16
125	17
125	18
125	19
125	22
125	23
125	26
125	27
125	30
125	33
125	35
125	36
125	40
125	41
125	42
125	43
125	44
125	45
125	47
125	48
125	50
125	51
125	52
125	53
125	55
125	56
125	57
125	58
125	59
125	60
125	61
125	62
125	63
125	64
125	66
125	68
125	69
125	70
125	71
125	72
125	73
125	75
125	77
125	78
125	79
125	80
125	81
125	82
125	84
125	85
125	87
125	92
125	93
125	95
125	97
125	99
125	102
125	103
125	104
125	105
125	106
125	108
125	109
125	110
125	111
125	112
125	113
125	114
125	115
125	116
125	117
125	118
125	119
125	120
125	121
125	122
125	124
125	125
125	126
125	127
126	1
126	2
126	5
126	6
126	7
126	9
126	10
126	13
126	14
126	15
126	16
126	18
126	19
126	20
126	21
126	24
126	25
126	26
126	29
126	30
126	32
126	33
126	34
126	35
126	37
126	38
126	39
126	41
126	42
126	43
126	44
126	45
126	46
126	49
126	51
126	54
126	56
126	58
126	61
126	62
126	63
126	64
126	65
126	66
126	67
126	68
126	72
126	73
126	74
126	76
126	77
126	78
126	84
126	85
126	86
126	88
126	91
126	93
126	94
126	96
126	97
126	101
126	102
126	104
126	105
126	106
126	107
126	108
126	111
126	112
126	113
126	114
126	116
126	118
126	119
126	120
126	121
126	122
126	123
126	124
126	125
126	126
126	128
127	1
127	3
127	4
127	7
127	8
127	9
127	10
127	11
127	14
127	15
127	17
127	18
127	20
127	21
127	22
127	23
127	24
127	25
127	26
127	28
127	29
127	30
127	31
127	32
127	33
127	36
127	37
127	38
127	39
127	41
127	43
127	44
127	47
127	48
127	53
127	54
127	55
127	56
127	57
127	58
127	59
127	60
127	64
127	66
127	67
127	68
127	69
127	71
127	72
127	74
127	75
127	76
127	78
127	79
127	80
127	81
127	82
127	83
127	84
127	86
127	87
127	88
127	93
127	94
127	96
127	97
127	98
127	99
127	100
127	102
127	104
127	105
127	107
127	109
127	110
127	111
127	112
127	113
127	114
127	115
127	116
127	117
127	118
127	119
127	121
127	124
127	127
127	128
128	1
128	2
128	4
128	5
128	6
128	7
128	9
128	10
128	11
128	12
128	14
128	15
128	18
128	19
128	20
128	21
128	22
128	23
128	27
128	28
128	29
128	30
128	31
128	32
128	33
128	34
128	37
128	38
128	39
128	40
128	42
128	43
128	44
128	45
128	47
128	52
128	53
128	54
128	55
128	56
128	57
128	59
128	61
128	62
128	63
128	64
128	66
128	68
128	69
128	70
128	71
128	73
128	75
128	78
128	79
128	80
128	81
128	82
128	83
128	84
128	85
128	86
128	87
128	89
128	90
128	91
128	92
128	93
128	94
128	95
128	96
128	99
128	100
128	101
128	102
128	104
128	105
128	106
128	109
128	111
128	112
128	113
128	115
128	116
128	120
128	122
128	124
128	125
128	127
128	128
128	130
129	1
129	2
129	4
129	6
129	7
129	8
129	9
129	10
129	12
129	13
129	17
129	19
129	21
129	22
129	24
129	25
129	26
129	29
129	32
129	34
129	36
129	37
129	38
129	39
129	41
129	42
129	43
129	45
129	46
129	47
129	49
129	50
129	53
129	54
129	56
129	59
129	60
129	64
129	65
129	67
129	68
129	69
129	70
129	71
129	72
129	78
129	79
129	80
129	81
129	83
129	84
129	87
129	88
129	89
129	91
129	92
129	93
129	94
129	95
129	96
129	98
129	99
129	100
129	101
129	104
129	107
129	108
129	109
129	110
129	113
129	114
129	115
129	116
129	117
129	118
129	119
129	121
129	124
129	125
129	126
129	127
129	129
129	130
130	1
130	2
130	4
130	5
130	6
130	7
130	10
130	14
130	15
130	16
130	17
130	18
130	19
130	22
130	23
130	24
130	27
130	28
130	29
130	30
130	31
130	33
130	34
130	36
130	38
130	39
130	41
130	42
130	44
130	45
130	46
130	47
130	50
130	52
130	54
130	55
130	56
130	57
130	58
130	59
130	61
130	62
130	63
130	64
130	65
130	66
130	67
130	68
130	70
130	71
130	72
130	74
130	75
130	77
130	78
130	79
130	80
130	81
130	82
130	84
130	85
130	88
130	89
130	90
130	91
130	92
130	93
130	94
130	95
130	98
130	99
130	102
130	103
130	106
130	107
130	108
130	109
130	111
130	113
130	114
130	117
130	118
130	119
130	120
130	121
130	122
130	123
130	125
130	126
130	127
130	128
130	129
1	131
2	131
3	131
4	131
5	131
6	131
7	131
8	131
9	131
10	131
11	131
12	131
13	131
14	131
15	131
16	131
17	131
18	131
19	131
20	131
21	131
22	131
23	131
24	131
25	131
26	131
27	131
28	131
29	131
30	131
31	131
32	131
33	131
34	131
35	131
36	131
37	131
38	131
39	131
40	131
41	131
42	131
43	131
44	131
45	131
46	131
47	131
48	131
49	131
50	131
51	131
52	131
53	131
54	131
55	131
56	131
57	131
58	131
59	131
60	131
61	131
62	131
63	131
64	131
65	131
66	131
67	131
68	131
69	131
70	131
71	131
72	131
73	131
74	131
75	131
76	131
77	131
78	131
79	131
80	131
81	131
82	131
83	131
84	131
85	131
86	131
87	131
88	131
89	131
90	131
91	131
92	131
93	131
94	131
95	131
96	131
97	131
98	131
99	131
100	131
101	131
102	131
103	131
104	131
105	131
106	131
107	131
108	131
109	131
110	131
111	131
112	131
113	131
114	131
115	131
116	131
117	131
118	131
119	131
120	131
121	131
122	131
123	131
124	131
125	131
126	131
127	131
128	131
129	131
130	131
131	131
