1	1
1	2
1	3
1	4
1	5
1	6
1	7
1	9
1	11
1	12
1	13
1	14
1	21
1	22
1	23
1	24
1	28
1	32
1	33
1	34
1	37
1	39
1	41
1	43
1	44
1	47
1	50
1	51
1	53
1	54
1	55
1	57
1	58
1	59
1	60
1	64
1	65
1	67
1	68
1	70
1	72
1	75
1	76
1	77
1	79
1	80
1	83
1	84
1	85
1	87
1	88
1	89
1	90
1	91
1	92
1	93
1	94
1	95
1	97
1	98
1	99
1	100
1	101
1	103
1	106
1	107
1	108
1	109
1	110
1	111
1	113
1	114
1	115
1	118
1	120
1	121
1	122
1	123
1	125
1	127
1	130
1	131
1	133
1	135
1	136
1	137
2	2
2	3
2	7
2	10
2	11
2	12
2	13
2	14
2	15
2	16
2	17
2	18
2	19
2	21
2	23
2	25
2	26
2	27
2	28
2	29
2	31
2	33
2	38
2	39
2	40
2	41
2	42
2	43
2	44
2	45
2	46
2	49
2	52
2	56
2	57
2	58
2	59
2	61
2	62
2	63
2	65
2	66
2	69
2	70
2	72
2	73
2	74
2	75
2	78
2	80
2	83
2	84
2	86
2	87
2	88
2	90
2	91
2	92
2	93
2	94
2	95
2	97
2	100
2	101
2	102
2	104
2	107
2	109
2	111
2	112
2	113
2	114
2	115
2	117
2	118
2	119
2	121
2	122
2	124
2	125
2	126
2	129
2	130
2	131
2	134
2	136
3	1
3	5
3	6
3	9
3	10
3	12
3	13
3	14
3	17
3	18
3	19
3	21
3	22
3	26
3	27
3	28
3	29
3	30
3	31
3	32
3	33
3	35
3	36
3	38
3	39
3	40
3	41
3	42
3	44
3	45
3	46
3	47
3	49
3	50
3	51
3	52
3	53
3	55
3	57
3	58
3	59
3	62
3	64
3	67
3	68
3	69
3	73
3	75
3	77
3	80
3	81
3	83
3	84
3	86
3	87
3	89
3	90
3	91
3	94
3	95
3	96
3	98
3	99
3	100
3	103
3	104
3	105
3	107
3	108
3	109
3	110
3	111
3	112
3	113
3	116
3	117
3	119
3	120
3	122
3	123
3	124
3	125
3	126
3	128
3	130
3	131
3	132
3	134
3	137
4	1
4	3
4	4
4	5
4	8
4	9
4	11
4	13
4	14
4	15
4	16
4	17
4	18
4	19
4	22
4	23
4	24
4	26
4	29
4	30
4	31
4	32
4	35
4	37
4	38
4	41
4	45
4	50
4	51
4	52
4	53
4	55
4	57
4	60
4	62
4	63
4	64
4	65
4	66
4	67
4	68
4	69
4	70
4	71
4	72
4	74
4	75
4	77
4	79
4	80
4	81
4	82
4	83
4	84
4	85
4	86
4	87
4	94
4	97
4	98
4	101
4	102
4	103
4	105
4	106
4	108
4	110
4	111
4	112
4	113
4	114
4	116
4	118
4	121
4	122
4	123
4	124
4	125
4	127
4	130
4	131
4	132
4	133
4	137
5	3
5	4
5	5
5	6
5	9
5	11
5	12
5	13
5	15
5	16
5	17
5	19
5	21
5	22
5	23
5	24
5	25
5	30
5	32
5	33
5	36
5	40
5	41
5	43
5	45
5	47
5	50
5	51
5	52
5	53
5	54
5	57
5	58
5	59
5	60
5	61
5	64
5	66
5	67
5	68
5	70
5	71
5	72
5	73
5	79
5	80
5	82
5	83
5	85
5	88
5	89
5	91
5	93
5	94
5	95
5	97
5	98
5	99
5	100
5	101
5	102
5	103
5	106
5	108
5	110
5	112
5	113
5	115
5	116
5	119
5	120
5	121
5	122
5	123
5	125
5	129
5	130
5	132
5	133
5	134
5	136
5	137
6	1
6	2
6	3
6	5
6	7
6	8
6	9
6	10
6	11
6	12
6	14
6	16
6	17
6	19
6	23
6	24
6	25
6	26
6	29
6	31
6	34
6	36
6	39
6	42
6	43
6	46
6	48
6	49
6	50
6	52
6	54
6	56
6	57
6	58
6	59
6	61
6	62
6	64
6	65
6	67
6	68
6	69
6	71
6	72
6	74
6	75
6	76
6	78
6	80
6	81
6	82
6	83
6	84
6	85
6	86
6	87
6	91
6	92
6	93
6	94
6	96
6	97
6	98
6	99
6	101
6	102
6	103
6	104
6	106
6	107
6	109
6	111
6	112
6	113
6	116
6	117
6	118
6	119
6	120
6	126
6	127
6	128
6	129
6	132
6	136
6	137
7	1
7	4
7	7
7	8
7	10
7	12
7	14
7	15
7	16
7	17
7	18
7	20
7	21
7	22
7	23
7	24
7	25
7	26
7	27
7	28
7	30
7	31
7	35
7	36
7	37
7	38
7	39
7	40
7	41
7	42
7	43
7	44
7	46
7	47
7	50
7	51
7	52
7	54
7	55
7	56
7	57
7	60
7	62
7	64
7	68
7	69
7	74
7	75
7	77
7	79
7	80
7	82
7	84
7	86
7	87
7	89
7	90
7	91
7	93
7	94
7	96
7	98
7	100
7	102
7	104
7	106
7	107
7	108
7	109
7	110
7	111
7	112
7	114
7	116
7	117
7	119
7	120
7	122
7	123
7	124
7	126
7	130
7	132
7	133
7	134
7	136
7	137
8	1
8	2
8	3
8	4
8	8
8	9
8	10
8	11
8	13
8	14
8	15
8	16
8	17
8	18
8	19
8	20
8	21
8	22
8	23
8	24
8	25
8	27
8	28
8	31
8	33
8	34
8	35
8	36
8	37
8	38
8	39
8	40
8	43
8	44
8	46
8	48
8	49
8	50
8	51
8	52
8	53
8	54
8	55
8	56
8	57
8	59
8	60
8	61
8	63
8	64
8	67
8	68
8	70
8	71
8	74
8	75
8	76
8	78
8	81
8	82
8	84
8	86
8	87
8	89
8	92
8	94
8	96
8	97
8	99
8	101
8	102
8	104
8	105
8	108
8	110
8	111
8	113
8	114
8	115
8	116
8	117
8	120
8	121
8	122
8	125
8	128
8	130
8	131
8	133
8	134
8	135
8	136
9	1
9	3
9	5
9	7
9	8
9	11
9	12
9	13
9	15
9	17
9	18
9	19
9	20
9	21
9	22
9	23
9	25
9	28
9	29
9	30
9	31
9	32
9	33
9	35
9	36
9	37
9	39
9	40
9	41
9	43
9	45
9	46
9	48
9	49
9	50
9	52
9	54
9	56
9	58
9	60
9	62
9	63
9	66
9	69
9	70
9	71
9	74
9	75
9	76
9	79
9	80
9	84
9	86
9	87
9	88
9	89
9	90
9	91
9	92
9	93
9	95
9	97
9	98
9	99
9	101
9	102
9	103
9	105
9	108
9	109
9	110
9	111
9	112
9	113
9	116
9	117
9	118
9	119
9	120
9	123
9	124
9	126
9	128
9	131
9	132
9	133
9	135
9	136
9	137
10	1
10	2
10	3
10	4
10	5
10	6
10	7
10	8
10	9
10	12
10	13
10	15
10	17
10	18
10	19
10	20
10	24
10	27
10	33
10	34
10	36
10	37
10	39
10	40
10	41
10	42
10	43
10	45
10	47
10	48
10	49
10	51
10	53
10	54
10	57
10	58
10	59
10	61
10	62
10	64
10	65
10	66
10	68
10	69
10	70
10	75
10	77
10	78
10	79
10	80
10	82
10	83
10	85
10	90
10	92
10	94
10	95
10	98
10	99
10	101
10	102
10	103
10	105
10	106
10	109
10	111
10	113
10	114
10	115
10	116
10	118
10	119
10	122
10	126
10	129
10	131
10	133
10	134
10	135
10	136
10	137
11	1
11	2
11	3
11	4
11	6
11	7
11	8
11	10
11	13
11	15
11	16
11	17
11	18
11	19
11	21
11	22
11	23
11	25
11	26
11	30
11	31
11	32
11	34
11	36
11	37
11	39
11	42
11	44
11	45
11	48
11	49
11	51
11	52
11	53
11	54
11	55
11	57
11	58
11	59
11	60
11	61
11	63
11	64
11	65
11	68
11	69
11	73
11	75
11	77
11	79
11	80
11	82
11	86
11	87
11	89
11	90
11	91
11	92
11	93
11	94
11	95
11	96
11	97
11	98
11	99
11	100
11	103
11	104
11	105
11	107
11	108
11	109
11	111
11	114
11	115
11	118
11	119
11	120
11	121
11	122
11	124
11	125
11	127
11	128
11	131
11	132
11	133
11	134
11	135
11	136
11	137
12	1
12	3
12	4
12	5
12	9
12	10
12	11
12	12
12	13
12	14
12	16
12	17
12	18
12	19
12	21
12	23
12	24
12	25
12	27
12	29
12	30
12	31
12	32
12	35
12	36
12	37
12	38
12	39
12	40
12	42
12	43
12	45
12	46
12	49
12	52
12	53
12	54
12	56
12	57
12	62
12	64
12	66
12	67
12	68
12	69
12	70
12	72
12	73
12	74
12	75
12	76
12	79
12	80
12	82
12	83
12	84
12	85
12	86
12	87
12	88
12	91
12	93
12	94
12	95
12	96
12	98
12	99
12	100
12	103
12	104
12	105
12	106
12	107
12	109
12	110
12	111
12	113
12	114
12	115
12	119
12	121
12	122
12	123
12	124
12	126
12	127
12	128
12	129
12	130
12	131
12	132
12	133
12	134
13	1
13	2
13	3
13	5
13	6
13	7
13	8
13	9
13	10
13	11
13	12
13	14
13	15
13	18
13	21
13	22
13	23
13	24
13	25
13	26
13	27
13	28
13	29
13	30
13	31
13	35
13	36
13	37
13	38
13	39
13	40
13	41
13	42
13	43
13	44
13	46
13	48
13	50
13	53
13	54
13	55
13	57
13	58
13	62
13	63
13	65
13	66
13	67
13	69
13	70
13	71
13	72
13	73
13	74
13	75
13	76
13	77
13	79
13	80
13	82
13	83
13	84
13	85
13	86
13	87
13	88
13	89
13	90
13	93
13	95
13	96
13	97
13	98
13	100
13	104
13	106
13	107
13	108
13	109
13	111
13	112
13	113
13	115
13	116
13	117
13	120
13	122
13	124
13	125
13	127
13	128
13	131
13	132
13	133
13	134
13	135
13	137
14	1
14	2
14	3
14	4
14	5
14	6
14	7
14	8
14	11
14	13
14	14
14	15
14	16
14	19
14	20
14	22
14	24
14	25
14	28
14	30
14	32
14	33
14	34
14	35
14	36
14	37
14	38
14	39
14	40
14	41
14	42
14	43
14	44
14	46
14	47
14	49
14	51
14	53
14	54
14	55
14	56
14	59
14	60
14	61
14	67
14	68
14	69
14	70
14	71
14	74
14	78
14	81
14	83
14	84
14	85
14	89
14	90
14	91
14	93
14	94
14	96
14	97
14	99
14	101
14	102
14	103
14	104
14	106
14	107
14	108
14	110
14	114
14	115
14	117
14	121
14	125
14	126
14	127
14	130
14	131
14	132
14	133
14	135
14	136
14	137
15	1
15	2
15	3
15	5
15	6
15	7
15	9
15	10
15	11
15	12
15	15
15	17
15	18
15	21
15	22
15	23
15	25
15	28
15	31
15	33
15	34
15	35
15	36
15	37
15	38
15	39
15	40
15	41
15	43
15	44
15	45
15	48
15	49
15	51
15	53
15	55
15	58
15	59
15	60
15	62
15	63
15	65
15	67
15	68
15	71
15	72
15	73
15	74
15	75
15	77
15	78
15	80
15	83
15	85
15	86
15	87
15	88
15	90
15	91
15	94
15	95
15	97
15	98
15	100
15	101
15	102
15	104
15	106
15	107
15	108
15	110
15	111
15	114
15	115
15	117
15	122
15	123
15	124
15	125
15	126
15	128
15	129
15	130
15	132
15	134
15	135
15	136
16	1
16	2
16	3
16	4
16	5
16	6
16	7
16	9
16	10
16	11
16	12
16	13
16	14
16	21
16	24
16	26
16	29
16	31
16	32
16	33
16	35
16	37
16	39
16	40
16	41
16	43
16	46
16	47
16	48
16	49
16	50
16	51
16	52
16	53
16	56
16	58
16	60
16	62
16	63
16	64
16	65
16	68
16	69
16	70
16	72
16	73
16	74
16	75
16	77
16	78
16	79
16	80
16	82
16	83
16	84
16	85
16	87
16	88
16	89
16	92
16	95
16	98
16	99
16	100
16	101
16	102
16	103
16	104
16	105
16	106
16	108
16	109
16	110
16	113
16	115
16	117
16	120
16	121
16	122
16	123
16	124
16	126
16	127
16	128
16	129
16	131
16	132
16	134
16	136
17	2
17	4
17	6
17	8
17	11
17	12
17	15
17	17
17	22
17	24
17	26
17	27
17	28
17	31
17	32
17	33
17	34
17	35
17	36
17	38
17	40
17	41
17	42
17	44
17	45
17	46
17	47
17	48
17	49
17	54
17	55
17	57
17	58
17	60
17	62
17	65
17	66
17	67
17	68
17	69
17	70
17	71
17	72
17	73
17	75
17	77
17	79
17	82
17	83
17	84
17	85
17	87
17	88
17	92
17	93
17	94
17	95
17	96
17	98
17	101
17	105
17	108
17	109
17	110
17	111
17	113
17	115
17	116
17	118
17	119
17	120
17	121
17	122
17	125
17	126
17	127
17	128
17	130
17	133
17	134
17	136
18	1
18	4
18	5
18	7
18	8
18	9
18	10
18	12
18	13
18	14
18	15
18	16
18	18
18	19
18	20
18	23
18	24
18	25
18	26
18	27
18	28
18	29
18	30
18	31
18	32
18	33
18	34
18	37
18	41
18	42
18	43
18	44
18	47
18	48
18	52
18	55
18	58
18	59
18	61
18	63
18	64
18	66
18	67
18	68
18	69
18	70
18	72
18	73
18	74
18	75
18	76
18	77
18	78
18	79
18	81
18	83
18	84
18	86
18	87
18	94
18	95
18	96
18	99
18	100
18	101
18	102
18	103
18	104
18	106
18	110
18	111
18	112
18	114
18	115
18	116
18	117
18	118
18	121
18	124
18	125
18	126
18	128
18	130
18	131
18	133
18	136
19	1
19	4
19	7
19	9
19	10
19	11
19	12
19	14
19	15
19	16
19	18
19	19
19	21
19	22
19	24
19	25
19	26
19	27
19	28
19	30
19	35
19	37
19	38
19	40
19	41
19	43
19	44
19	47
19	49
19	50
19	52
19	53
19	54
19	59
19	61
19	64
19	70
19	71
19	72
19	73
19	75
19	76
19	77
19	79
19	82
19	83
19	84
19	85
19	86
19	87
19	88
19	89
19	90
19	91
19	93
19	94
19	97
19	98
19	100
19	101
19	103
19	104
19	106
19	107
19	109
19	110
19	112
19	113
19	117
19	119
19	120
19	122
19	123
19	124
19	126
19	127
19	131
19	134
19	135
19	136
19	137
20	5
20	6
20	7
20	8
20	11
20	13
20	18
20	19
20	20
20	22
20	24
20	25
20	28
20	31
20	33
20	35
20	36
20	37
20	38
20	41
20	42
20	43
20	45
20	46
20	48
20	49
20	50
20	51
20	53
20	56
20	59
20	60
20	62
20	64
20	65
20	66
20	68
20	69
20	71
20	72
20	73
20	74
20	75
20	76
20	77
20	78
20	81
20	82
20	83
20	84
20	87
20	88
20	89
20	92
20	93
20	94
20	95
20	96
20	98
20	100
20	101
20	102
20	103
20	105
20	106
20	107
20	110
20	111
20	113
20	114
20	116
20	118
20	119
20	120
20	123
20	125
20	126
20	127
20	130
20	131
20	133
20	134
20	135
20	137
21	2
21	4
21	6
21	8
21	9
21	11
21	12
21	13
21	15
21	16
21	17
21	18
21	19
21	20
21	21
21	22
21	27
21	28
21	29
21	30
21	31
21	36
21	41
21	42
21	44
21	45
21	46
21	47
21	48
21	52
21	53
21	54
21	55
21	56
21	59
21	60
21	62
21	63
21	66
21	67
21	68
21	69
21	70
21	71
21	72
21	73
21	74
21	75
21	76
21	79
21	81
21	82
21	83
21	84
21	85
21	90
21	91
21	92
21	93
21	94
21	95
21	96
21	98
21	99
21	100
21	101
21	102
21	104
21	109
21	110
21	112
21	113
21	114
21	115
21	117
21	118
21	119
21	120
21	121
21	125
21	126
21	128
21	132
21	133
21	136
22	1
22	2
22	3
22	7
22	8
22	10
22	12
22	13
22	14
22	16
22	17
22	18
22	19
22	20
22	21
22	22
22	23
22	24
22	27
22	28
22	29
22	30
22	32
22	33
22	34
22	35
22	36
22	37
22	39
22	40
22	42
22	43
22	50
22	52
22	53
22	55
22	57
22	58
22	60
22	61
22	62
22	63
22	64
22	66
22	67
22	68
22	69
22	70
22	72
22	73
22	74
22	75
22	77
22	78
22	79
22	82
22	83
22	85
22	86
22	91
22	92
22	93
22	94
22	95
22	96
22	97
22	98
22	99
22	100
22	101
22	103
22	104
22	105
22	107
22	109
22	111
22	112
22	113
22	114
22	116
22	117
22	118
22	119
22	120
22	121
22	126
22	128
22	129
22	131
22	132
22	133
22	134
22	135
23	1
23	2
23	3
23	4
23	5
23	6
23	7
23	9
23	13
23	14
23	15
23	16
23	17
23	18
23	19
23	21
23	24
23	25
23	26
23	27
23	29
23	30
23	31
23	32
23	34
23	35
23	36
23	38
23	39
23	40
23	44
23	45
23	47
23	48
23	49
23	51
23	52
23	53
23	54
23	55
23	56
23	57
23	58
23	61
23	62
23	66
23	69
23	73
23	75
23	76
23	77
23	78
23	79
23	80
23	81
23	83
23	85
23	86
23	87
23	88
23	90
23	92
23	96
23	97
23	98
23	100
23	101
23	103
23	104
23	107
23	109
23	110
23	112
23	114
23	115
23	116
23	118
23	119
23	120
23	121
23	122
23	123
23	125
23	126
23	127
23	128
23	131
23	132
23	133
23	136
23	137
24	2
24	3
24	4
24	5
24	6
24	8
24	9
24	10
24	13
24	15
24	18
24	19
24	20
24	23
24	25
24	29
24	30
24	31
24	33
24	34
24	35
24	37
24	38
24	39
24	43
24	45
24	46
24	47
24	51
24	52
24	53
24	56
24	59
24	60
24	61
24	62
24	63
24	64
24	65
24	68
24	69
24	70
24	71
24	72
24	73
24	74
24	75
24	79
24	80
24	81
24	82
24	83
24	87
24	88
24	89
24	90
24	93
24	94
24	95
24	96
24	97
24	99
24	100
24	103
24	105
24	106
24	107
24	109
24	111
24	112
24	113
24	115
24	116
24	117
24	118
24	119
24	120
24	121
24	122
24	123
24	124
24	125
24	127
24	128
24	129
24	130
24	131
24	132
24	134
24	135
24	136
24	137
25	3
25	4
25	5
25	6
25	8
25	9
25	10
25	11
25	13
25	14
25	15
25	17
25	18
25	20
25	21
25	22
25	23
25	24
25	25
25	26
25	27
25	30
25	31
25	33
25	34
25	37
25	39
25	40
25	41
25	42
25	43
25	44
25	46
25	50
25	52
25	53
25	54
25	55
25	56
25	57
25	59
25	60
25	62
25	63
25	67
25	68
25	69
25	70
25	71
25	72
25	73
25	74
25	75
25	77
25	79
25	80
25	82
25	83
25	84
25	87
25	88
25	89
25	90
25	91
25	93
25	94
25	95
25	96
25	97
25	98
25	100
25	101
25	102
25	103
25	105
25	106
25	107
25	108
25	111
25	113
25	114
25	116
25	117
25	120
25	122
25	123
25	126
25	128
25	129
25	131
25	133
25	135
25	136
25	137
26	1
26	3
26	4
26	5
26	7
26	8
26	9
26	10
26	13
26	15
26	16
26	17
26	19
26	20
26	23
26	25
26	26
26	27
26	28
26	31
26	34
26	35
26	36
26	37
26	38
26	39
26	40
26	43
26	44
26	45
26	49
26	51
26	52
26	53
26	55
26	58
26	59
26	61
26	62
26	63
26	64
26	65
26	66
26	68
26	71
26	72
26	73
26	74
26	75
26	76
26	77
26	78
26	80
26	81
26	82
26	86
26	88
26	89
26	93
26	94
26	95
26	96
26	100
26	101
26	103
26	104
26	105
26	106
26	107
26	111
26	115
26	116
26	117
26	118
26	119
26	120
26	122
26	123
26	125
26	127
26	129
26	131
26	132
26	133
26	136
26	137
27	1
27	3
27	5
27	6
27	7
27	9
27	10
27	11
27	14
27	15
27	16
27	18
27	20
27	21
27	22
27	23
27	25
27	26
27	27
27	28
27	29
27	30
27	31
27	32
27	33
27	34
27	36
27	37
27	38
27	40
27	41
27	43
27	44
27	46
27	48
27	49
27	50
27	51
27	52
27	54
27	55
27	56
27	58
27	59
27	60
27	61
27	62
27	63
27	66
27	69
27	70
27	71
27	73
27	74
27	77
27	78
27	79
27	80
27	82
27	83
27	84
27	86
27	87
27	90
27	91
27	92
27	95
27	96
27	97
27	100
27	101
27	103
27	105
27	106
27	107
27	110
27	111
27	112
27	113
27	115
27	117
27	122
27	125
27	126
27	127
27	129
27	130
27	132
27	135
27	136
27	137
28	2
28	3
28	4
28	6
28	7
28	8
28	10
28	12
28	13
28	14
28	15
28	16
28	17
28	18
28	19
28	20
28	21
28	22
28	23
28	25
28	26
28	27
28	29
28	32
28	33
28	34
28	35
28	36
28	37
28	38
28	39
28	40
28	43
28	45
28	46
28	47
28	49
28	50
28	51
28	52
28	53
28	54
28	56
28	57
28	58
28	59
28	60
28	61
28	62
28	63
28	65
28	66
28	68
28	69
28	72
28	74
28	75
28	76
28	79
28	81
28	82
28	83
28	87
28	90
28	93
28	95
28	96
28	97
28	99
28	101
28	104
28	108
28	109
28	110
28	111
28	112
28	113
28	117
28	118
28	119
28	120
28	122
28	123
28	125
28	127
28	128
28	130
28	131
28	132
28	134
28	135
28	136
29	2
29	4
29	5
29	6
29	7
29	9
29	10
29	11
29	12
29	13
29	15
29	16
29	17
29	18
29	19
29	22
29	23
29	25
29	26
29	27
29	28
29	29
29	31
29	32
29	33
29	34
29	37
29	38
29	39
29	40
29	41
29	42
29	45
29	46
29	48
29	49
29	50
29	51
29	54
29	55
29	57
29	60
29	62
29	63
29	64
29	65
29	66
29	67
29	68
29	70
29	72
29	74
29	76
29	77
29	78
29	79
29	80
29	81
29	82
29	84
29	85
29	86
29	87
29	88
29	89
29	91
29	95
29	96
29	98
29	99
29	100
29	101
29	102
29	103
29	108
29	110
29	111
29	112
29	113
29	114
29	116
29	118
29	119
29	120
29	121
29	122
29	123
29	124
29	125
29	126
29	127
29	132
29	133
30	1
30	3
30	4
30	6
30	7
30	9
30	10
30	11
30	13
30	15
30	16
30	20
30	21
30	23
30	24
30	25
30	29
30	30
30	31
30	32
30	33
30	34
30	35
30	37
30	39
30	40
30	41
30	42
30	43
30	47
30	50
30	53
30	54
30	56
30	57
30	59
30	60
30	62
30	63
30	64
30	67
30	68
30	69
30	72
30	74
30	76
30	80
30	81
30	82
30	83
30	84
30	85
30	88
30	89
30	90
30	91
30	93
30	95
30	96
30	97
30	98
30	99
30	100
30	101
30	102
30	103
30	105
30	106
30	107
30	108
30	111
30	112
30	113
30	114
30	115
30	116
30	117
30	118
30	121
30	122
30	123
30	125
30	127
30	128
30	129
30	135
30	137
31	1
31	4
31	5
31	6
31	9
31	10
31	12
31	13
31	15
31	16
31	17
31	18
31	21
31	22
31	23
31	24
31	26
31	30
31	31
31	32
31	33
31	35
31	36
31	37
31	39
31	40
31	41
31	42
31	44
31	45
31	46
31	47
31	48
31	50
31	54
31	56
31	59
31	62
31	63
31	64
31	65
31	68
31	70
31	73
31	74
31	76
31	78
31	79
31	82
31	83
31	84
31	87
31	88
31	90
31	91
31	92
31	93
31	95
31	96
31	98
31	101
31	102
31	103
31	104
31	105
31	106
31	107
31	108
31	110
31	111
31	112
31	113
31	115
31	117
31	118
31	119
31	121
31	122
31	124
31	126
31	127
31	130
31	131
31	133
31	137
32	1
32	2
32	4
32	6
32	8
32	11
32	12
32	13
32	15
32	17
32	19
32	20
32	21
32	22
32	23
32	25
32	27
32	29
32	30
32	31
32	33
32	34
32	35
32	36
32	37
32	39
32	40
32	42
32	44
32	47
32	48
32	52
32	53
32	55
32	56
32	57
32	58
32	59
32	61
32	62
32	63
32	64
32	65
32	66
32	67
32	68
32	69
32	70
32	71
32	73
32	74
32	76
32	77
32	78
32	83
32	84
32	86
32	87
32	91
32	92
32	95
32	96
32	99
32	100
32	101
32	103
32	105
32	106
32	107
32	110
32	111
32	113
32	114
32	117
32	119
32	120
32	121
32	122
32	124
32	126
32	128
32	130
32	136
32	137
33	1
33	3
33	6
33	7
33	8
33	10
33	12
33	14
33	15
33	16
33	17
33	18
33	20
33	21
33	22
33	23
33	24
33	25
33	26
33	27
33	29
33	31
33	32
33	34
33	35
33	36
33	37
33	38
33	40
33	41
33	42
33	45
33	47
33	49
33	50
33	52
33	53
33	55
33	56
33	57
33	58
33	60
33	61
33	63
33	65
33	66
33	69
33	70
33	71
33	72
33	73
33	75
33	77
33	78
33	80
33	82
33	83
33	84
33	85
33	86
33	87
33	88
33	89
33	90
33	91
33	92
33	93
33	99
33	100
33	101
33	102
33	103
33	104
33	105
33	107
33	109
33	110
33	111
33	113
33	114
33	116
33	118
33	119
33	123
33	124
33	125
33	126
33	127
33	129
33	130
33	131
33	132
33	134
33	135
33	137
34	1
34	3
34	4
34	6
34	8
34	9
34	11
34	12
34	13
34	14
34	15
34	16
34	17
34	20
34	21
34	23
34	25
34	27
34	32
34	34
34	35
34	36
34	37
34	38
34	39
34	40
34	42
34	44
34	45
34	46
34	47
34	48
34	49
34	50
34	51
34	55
34	56
34	57
34	58
34	60
34	62
34	63
34	65
34	67
34	68
34	69
34	70
34	72
34	73
34	76
34	77
34	78
34	80
34	82
34	83
34	84
34	85
34	86
34	88
34	89
34	90
34	92
34	93
34	94
34	95
34	96
34	97
34	98
34	99
34	101
34	102
34	103
34	106
34	107
34	108
34	109
34	110
34	111
34	115
34	116
34	118
34	119
34	121
34	122
34	123
34	124
34	125
34	126
34	128
34	129
34	130
34	131
34	132
34	135
34	137
35	1
35	5
35	6
35	7
35	8
35	9
35	10
35	11
35	13
35	14
35	15
35	16
35	19
35	20
35	23
35	24
35	25
35	27
35	29
35	31
35	32
35	34
35	40
35	45
35	46
35	47
35	50
35	51
35	52
35	54
35	55
35	56
35	57
35	61
35	62
35	65
35	66
35	67
35	71
35	72
35	75
35	76
35	78
35	79
35	80
35	84
35	85
35	86
35	87
35	89
35	90
35	91
35	92
35	93
35	94
35	96
35	97
35	98
35	99
35	101
35	103
35	104
35	106
35	107
35	108
35	109
35	112
35	114
35	118
35	119
35	120
35	125
35	126
35	128
35	132
35	133
35	134
35	135
35	136
35	137
36	1
36	2
36	3
36	5
36	6
36	7
36	8
36	9
36	10
36	11
36	13
36	14
36	16
36	17
36	18
36	19
36	20
36	22
36	24
36	25
36	26
36	28
36	29
36	31
36	34
36	35
36	36
36	37
36	38
36	39
36	40
36	41
36	46
36	50
36	52
36	53
36	55
36	56
36	58
36	63
36	64
36	65
36	66
36	67
36	68
36	69
36	70
36	73
36	76
36	77
36	79
36	80
36	82
36	83
36	85
36	87
36	88
36	89
36	90
36	91
36	93
36	94
36	95
36	99
36	100
36	101
36	102
36	103
36	105
36	106
36	107
36	109
36	110
36	113
36	114
36	115
36	116
36	117
36	118
36	119
36	120
36	121
36	122
36	124
36	125
36	126
36	127
36	129
36	130
36	131
36	132
36	133
36	134
36	135
36	136
36	137
37	3
37	6
37	7
37	8
37	10
37	11
37	12
37	18
37	19
37	22
37	24
37	25
37	28
37	30
37	31
37	32
37	33
37	34
37	38
37	43
37	44
37	45
37	46
37	49
37	50
37	51
37	52
37	53
37	56
37	58
37	60
37	61
37	62
37	63
37	64
37	65
37	66
37	67
37	68
37	69
37	70
37	71
37	74
37	76
37	77
37	78
37	79
37	80
37	81
37	82
37	83
37	84
37	85
37	88
37	89
37	90
37	91
37	92
37	93
37	94
37	95
37	96
37	98
37	99
37	100
37	101
37	102
37	103
37	105
37	107
37	108
37	109
37	110
37	111
37	112
37	113
37	114
37	115
37	116
37	117
37	118
37	124
37	125
37	129
37	132
37	133
37	134
37	135
37	137
38	1
38	2
38	3
38	5
38	6
38	7
38	8
38	10
38	13
38	14
38	15
38	18
38	19
38	21
38	22
38	23
38	24
38	26
38	29
38	31
38	34
38	35
38	36
38	37
38	38
38	41
38	44
38	45
38	46
38	48
38	49
38	50
38	51
38	52
38	54
38	55
38	56
38	57
38	58
38	59
38	60
38	63
38	64
38	65
38	66
38	67
38	68
38	71
38	73
38	74
38	75
38	77
38	82
38	83
38	84
38	86
38	88
38	89
38	90
38	91
38	93
38	94
38	96
38	98
38	104
38	106
38	107
38	108
38	110
38	111
38	114
38	116
38	118
38	119
38	121
38	122
38	124
38	125
38	126
38	128
38	129
38	132
38	133
38	135
38	136
39	1
39	2
39	4
39	5
39	6
39	8
39	12
39	14
39	15
39	16
39	17
39	18
39	21
39	22
39	25
39	28
39	29
39	30
39	31
39	32
39	34
39	35
39	36
39	38
39	39
39	42
39	43
39	44
39	47
39	48
39	49
39	50
39	51
39	53
39	58
39	59
39	61
39	62
39	63
39	64
39	65
39	66
39	70
39	72
39	79
39	82
39	83
39	84
39	87
39	88
39	90
39	91
39	93
39	94
39	97
39	98
39	100
39	101
39	102
39	103
39	104
39	105
39	106
39	107
39	109
39	110
39	111
39	112
39	119
39	120
39	121
39	123
39	125
39	126
39	128
39	129
39	132
39	133
39	137
40	1
40	3
40	4
40	5
40	6
40	7
40	9
40	10
40	11
40	12
40	13
40	14
40	15
40	17
40	18
40	20
40	21
40	23
40	24
40	27
40	28
40	29
40	30
40	31
40	34
40	35
40	36
40	37
40	38
40	39
40	40
40	42
40	43
40	44
40	45
40	46
40	47
40	48
40	49
40	51
40	52
40	53
40	54
40	55
40	56
40	57
40	58
40	59
40	60
40	61
40	63
40	65
40	66
40	67
40	68
40	71
40	72
40	73
40	74
40	77
40	78
40	81
40	82
40	83
40	85
40	86
40	87
40	89
40	90
40	91
40	93
40	95
40	97
40	99
40	101
40	102
40	104
40	105
40	107
40	108
40	109
40	112
40	113
40	114
40	118
40	120
40	122
40	123
40	125
40	126
40	127
40	129
40	131
40	133
40	134
40	135
40	136
40	137
41	1
41	2
41	3
41	4
41	5
41	6
41	7
41	8
41	11
41	12
41	13
41	16
41	17
41	20
41	21
41	22
41	23
41	24
41	29
41	30
41	33
41	34
41	35
41	36
41	37
41	39
41	40
41	41
41	42
41	43
41	44
41	46
41	48
41	50
41	51
41	54
41	57
41	58
41	59
41	60
41	63
41	64
41	65
41	68
41	69
41	70
41	71
41	72
41	78
41	80
41	81
41	82
41	83
41	86
41	87
41	88
41	91
41	92
41	93
41	94
41	95
41	97
41	99
41	102
41	103
41	104
41	106
41	107
41	110
41	112
41	113
41	114
41	115
41	116
41	118
41	122
41	125
41	126
41	127
41	130
41	131
41	134
41	136
41	137
42	1
42	2
42	4
42	5
42	6
42	7
42	8
42	9
42	10
42	12
42	13
42	14
42	20
42	22
42	23
42	26
42	27
42	28
42	30
42	31
42	32
42	33
42	34
42	35
42	36
42	39
42	40
42	41
42	42
42	43
42	44
42	46
42	49
42	50
42	51
42	52
42	54
42	56
42	57
42	61
42	62
42	63
42	65
42	67
42	68
42	69
42	71
42	72
42	76
42	77
42	78
42	79
42	81
42	84
42	86
42	87
42	89
42	92
42	93
42	94
42	95
42	96
42	97
42	98
42	100
42	101
42	102
42	109
42	110
42	111
42	113
42	114
42	116
42	117
42	118
42	119
42	120
42	121
42	122
42	124
42	125
42	126
42	128
42	130
42	131
42	133
42	135
42	136
43	1
43	2
43	4
43	5
43	6
43	7
43	8
43	11
43	12
43	13
43	14
43	15
43	17
43	18
43	20
43	21
43	22
43	23
43	25
43	26
43	31
43	32
43	34
43	35
43	36
43	37
43	38
43	39
43	42
43	43
43	44
43	45
43	46
43	47
43	48
43	51
43	52
43	53
43	55
43	56
43	61
43	62
43	64
43	65
43	67
43	68
43	69
43	70
43	72
43	73
43	74
43	75
43	76
43	78
43	81
43	82
43	83
43	88
43	90
43	91
43	92
43	93
43	94
43	95
43	98
43	99
43	100
43	102
43	103
43	105
43	106
43	108
43	109
43	111
43	112
43	113
43	114
43	115
43	116
43	118
43	122
43	123
43	124
43	126
43	128
43	129
43	132
43	133
43	134
43	135
43	136
44	1
44	3
44	4
44	5
44	6
44	7
44	8
44	9
44	11
44	14
44	16
44	17
44	19
44	21
44	24
44	26
44	27
44	29
44	32
44	33
44	35
44	36
44	37
44	38
44	39
44	40
44	41
44	42
44	45
44	46
44	48
44	50
44	51
44	54
44	56
44	59
44	61
44	62
44	63
44	66
44	67
44	68
44	74
44	79
44	80
44	82
44	84
44	85
44	86
44	87
44	90
44	92
44	93
44	97
44	99
44	100
44	104
44	105
44	108
44	109
44	110
44	112
44	113
44	114
44	115
44	118
44	121
44	123
44	125
44	126
44	127
44	128
44	130
44	131
44	132
44	133
44	134
44	136
45	1
45	3
45	4
45	5
45	8
45	9
45	10
45	11
45	12
45	13
45	14
45	17
45	19
45	20
45	22
45	23
45	25
45	26
45	27
45	28
45	30
45	31
45	33
45	35
45	37
45	38
45	41
45	43
45	44
45	45
45	46
45	49
45	51
45	53
45	54
45	55
45	56
45	57
45	58
45	59
45	60
45	62
45	63
45	65
45	66
45	68
45	70
45	71
45	72
45	73
45	74
45	82
45	83
45	85
45	86
45	88
45	92
45	95
45	96
45	99
45	104
45	106
45	107
45	109
45	110
45	112
45	113
45	114
45	115
45	116
45	118
45	119
45	121
45	122
45	124
45	125
45	126
45	127
45	128
45	129
45	134
45	135
45	137
46	2
46	3
46	4
46	5
46	7
46	9
46	13
46	14
46	15
46	16
46	17
46	18
46	19
46	20
46	22
46	23
46	24
46	25
46	30
46	33
46	34
46	35
46	36
46	37
46	38
46	39
46	40
46	42
46	43
46	46
46	48
46	49
46	51
46	53
46	54
46	57
46	60
46	65
46	67
46	69
46	70
46	71
46	73
46	74
46	75
46	76
46	77
46	78
46	81
46	83
46	85
46	86
46	87
46	88
46	89
46	90
46	91
46	92
46	93
46	94
46	95
46	96
46	97
46	99
46	102
46	103
46	104
46	105
46	107
46	108
46	113
46	114
46	115
46	116
46	117
46	119
46	121
46	124
46	126
46	129
46	130
46	131
46	133
46	134
46	135
46	136
46	137
47	1
47	2
47	3
47	6
47	8
47	9
47	10
47	11
47	12
47	13
47	14
47	15
47	16
47	17
47	18
47	19
47	20
47	21
47	27
47	28
47	29
47	31
47	32
47	34
47	35
47	37
47	39
47	40
47	41
47	45
47	46
47	47
47	48
47	49
47	52
47	54
47	57
47	58
47	60
47	63
47	64
47	65
47	67
47	68
47	70
47	71
47	72
47	73
47	74
47	75
47	77
47	78
47	79
47	81
47	82
47	84
47	85
47	86
47	87
47	88
47	90
47	91
47	92
47	94
47	95
47	96
47	97
47	98
47	99
47	102
47	104
47	105
47	108
47	110
47	111
47	113
47	115
47	119
47	120
47	121
47	124
47	125
47	126
47	127
47	128
47	133
47	136
47	137
48	1
48	2
48	3
48	4
48	6
48	10
48	14
48	16
48	18
48	19
48	20
48	22
48	23
48	24
48	28
48	29
48	31
48	32
48	34
48	35
48	36
48	38
48	39
48	41
48	46
48	47
48	48
48	50
48	51
48	52
48	53
48	56
48	57
48	58
48	62
48	63
48	64
48	67
48	69
48	70
48	71
48	72
48	73
48	75
48	76
48	77
48	78
48	79
48	82
48	83
48	84
48	87
48	88
48	89
48	90
48	91
48	92
48	94
48	95
48	96
48	97
48	98
48	100
48	101
48	103
48	104
48	105
48	106
48	107
48	108
48	110
48	114
48	115
48	117
48	118
48	120
48	121
48	123
48	125
48	126
48	127
48	128
48	129
48	130
48	131
48	135
48	137
49	1
49	4
49	6
49	8
49	10
49	12
49	14
49	15
49	17
49	18
49	22
49	23
49	25
49	26
49	27
49	28
49	29
49	30
49	31
49	32
49	33
49	34
49	35
49	36
49	37
49	39
49	40
49	41
49	42
49	43
49	44
49	45
49	47
49	48
49	49
49	50
49	56
49	58
49	60
49	61
49	62
49	64
49	65
49	66
49	67
49	68
49	69
49	70
49	73
49	75
49	76
49	80
49	81
49	83
49	84
49	87
49	92
49	93
49	94
49	95
49	96
49	97
49	98
49	99
49	100
49	102
49	103
49	109
49	110
49	112
49	113
49	115
49	116
49	118
49	121
49	123
49	124
49	125
49	126
49	127
49	128
49	129
49	131
49	132
49	133
49	134
49	135
50	1
50	2
50	4
50	5
50	7
50	10
50	13
50	14
50	16
50	17
50	18
50	19
50	21
50	23
50	24
50	26
50	27
50	28
50	30
50	31
50	35
50	36
50	37
50	38
50	40
50	41
50	42
50	46
50	47
50	48
50	50
50	52
50	54
50	56
50	57
50	59
50	61
50	62
50	63
50	64
50	67
50	68
50	69
50	70
50	73
50	76
50	78
50	81
50	83
50	84
50	85
50	87
50	88
50	89
50	90
50	91
50	94
50	95
50	96
50	97
50	99
50	100
50	102
50	103
50	104
50	108
50	109
50	110
50	111
50	113
50	115
50	116
50	118
50	119
50	120
50	121
50	123
50	124
50	126
50	127
50	128
50	129
50	130
50	131
50	132
50	133
50	135
50	137
51	2
51	4
51	8
51	9
51	10
51	14
51	16
51	17
51	18
51	19
51	20
51	21
51	26
51	27
51	28
51	29
51	30
51	32
51	34
51	40
51	41
51	42
51	43
51	44
51	45
51	46
51	47
51	49
51	50
51	51
51	52
51	57
51	58
51	59
51	62
51	63
51	66
51	67
51	68
51	69
51	70
51	72
51	74
51	75
51	77
51	79
51	80
51	83
51	84
51	85
51	87
51	89
51	90
51	91
51	93
51	94
51	95
51	96
51	97
51	98
51	101
51	102
51	104
51	105
51	106
51	109
51	110
51	111
51	112
51	114
51	115
51	116
51	118
51	119
51	120
51	121
51	122
51	123
51	124
51	126
51	130
51	131
51	133
51	135
51	136
52	1
52	4
52	7
52	8
52	9
52	17
52	20
52	21
52	22
52	26
52	27
52	32
52	34
52	35
52	38
52	40
52	41
52	43
52	44
52	46
52	49
52	51
52	52
52	53
52	56
52	57
52	59
52	60
52	61
52	64
52	66
52	68
52	69
52	70
52	71
52	72
52	73
52	74
52	75
52	76
52	81
52	83
52	84
52	85
52	86
52	87
52	88
52	89
52	90
52	91
52	92
52	96
52	100
52	102
52	104
52	105
52	107
52	108
52	109
52	110
52	111
52	113
52	116
52	118
52	119
52	120
52	121
52	122
52	123
52	124
52	131
52	132
52	133
52	134
52	136
53	1
53	3
53	5
53	7
53	10
53	11
53	12
53	13
53	14
53	15
53	18
53	19
53	21
53	23
53	25
53	27
53	28
53	30
53	32
53	35
53	38
53	40
53	42
53	44
53	45
53	46
53	47
53	48
53	49
53	50
53	51
53	54
53	55
53	56
53	60
53	62
53	64
53	66
53	67
53	69
53	74
53	75
53	76
53	77
53	78
53	79
53	81
53	82
53	83
53	84
53	85
53	87
53	88
53	89
53	92
53	94
53	96
53	97
53	100
53	103
53	104
53	105
53	106
53	107
53	108
53	109
53	111
53	114
53	117
53	118
53	119
53	120
53	121
53	122
53	123
53	124
53	125
53	126
53	128
53	129
53	131
53	132
53	133
53	134
53	135
53	136
53	137
54	1
54	2
54	3
54	4
54	5
54	6
54	10
54	12
54	13
54	14
54	15
54	18
54	19
54	20
54	21
54	24
54	27
54	28
54	29
54	31
54	32
54	35
54	36
54	37
54	38
54	39
54	41
54	43
54	44
54	46
54	48
54	49
54	52
54	53
54	56
54	57
54	60
54	61
54	62
54	63
54	65
54	66
54	69
54	70
54	72
54	73
54	74
54	77
54	78
54	79
54	80
54	82
54	84
54	85
54	86
54	92
54	94
54	95
54	97
54	98
54	99
54	100
54	102
54	103
54	106
54	108
54	109
54	110
54	112
54	114
54	115
54	116
54	117
54	119
54	121
54	122
54	123
54	124
54	125
54	126
54	127
54	128
54	129
54	131
54	132
54	133
54	135
54	136
54	137
55	2
55	3
55	5
55	6
55	8
55	9
55	10
55	11
55	12
55	13
55	15
55	16
55	19
55	22
55	23
55	24
55	27
55	28
55	29
55	30
55	31
55	33
55	34
55	35
55	36
55	38
55	39
55	41
55	43
55	44
55	45
55	46
55	47
55	48
55	50
55	51
55	52
55	54
55	56
55	57
55	58
55	59
55	60
55	61
55	62
55	63
55	65
55	66
55	67
55	69
55	70
55	71
55	72
55	73
55	75
55	76
55	77
55	78
55	80
55	81
55	82
55	83
55	84
55	87
55	88
55	90
55	92
55	93
55	96
55	97
55	98
55	102
55	104
55	105
55	108
55	109
55	110
55	112
55	113
55	115
55	116
55	118
55	119
55	120
55	121
55	122
55	123
55	128
55	131
55	132
55	135
55	137
56	1
56	2
56	3
56	7
56	9
56	10
56	11
56	14
56	16
56	17
56	18
56	21
56	22
56	24
56	25
56	26
56	27
56	28
56	29
56	32
56	34
56	37
56	38
56	39
56	40
56	44
56	45
56	47
56	49
56	50
56	52
56	58
56	59
56	60
56	62
56	63
56	64
56	65
56	66
56	67
56	68
56	69
56	73
56	74
56	78
56	82
56	83
56	85
56	86
56	88
56	89
56	90
56	91
56	93
56	96
56	97
56	100
56	105
56	106
56	108
56	109
56	111
56	112
56	116
56	117
56	118
56	123
56	124
56	126
56	127
56	128
56	131
56	132
56	133
56	137
57	2
57	7
57	8
57	9
57	10
57	11
57	13
57	14
57	16
57	19
57	20
57	21
57	22
57	23
57	24
57	25
57	27
57	29
57	30
57	31
57	32
57	33
57	34
57	35
57	36
57	37
57	38
57	39
57	42
57	47
57	48
57	51
57	52
57	53
57	54
57	55
57	57
57	58
57	59
57	64
57	65
57	66
57	68
57	69
57	70
57	71
57	72
57	73
57	74
57	79
57	81
57	83
57	84
57	85
57	87
57	89
57	93
57	94
57	95
57	96
57	97
57	101
57	102
57	104
57	106
57	109
57	111
57	112
57	115
57	117
57	118
57	119
57	121
57	122
57	124
57	125
57	126
57	130
57	133
57	134
57	135
57	136
58	2
58	4
58	5
58	6
58	7
58	9
58	11
58	12
58	16
58	17
58	19
58	21
58	22
58	23
58	25
58	26
58	27
58	29
58	31
58	32
58	33
58	34
58	35
58	36
58	39
58	40
58	42
58	44
58	45
58	46
58	47
58	48
58	49
58	51
58	52
58	55
58	56
58	57
58	58
58	60
58	61
58	64
58	65
58	66
58	69
58	70
58	71
58	74
58	75
58	77
58	78
58	80
58	83
58	86
58	88
58	89
58	90
58	91
58	93
58	96
58	97
58	99
58	100
58	102
58	104
58	105
58	106
58	108
58	110
58	112
58	114
58	115
58	117
58	119
58	120
58	122
58	123
58	124
58	125
58	126
58	127
58	129
58	130
58	134
58	136
58	137
59	1
59	2
59	3
59	6
59	7
59	9
59	10
59	11
59	12
59	13
59	17
59	18
59	24
59	25
59	29
59	30
59	31
59	32
59	33
59	35
59	36
59	37
59	38
59	39
59	40
59	41
59	42
59	43
59	45
59	47
59	50
59	51
59	52
59	54
59	55
59	56
59	57
59	59
59	60
59	61
59	63
59	64
59	67
59	68
59	70
59	71
59	72
59	74
59	77
59	78
59	79
59	80
59	81
59	85
59	86
59	87
59	90
59	91
59	94
59	96
59	97
59	99
59	102
59	103
59	104
59	108
59	109
59	111
59	112
59	113
59	115
59	116
59	118
59	119
59	120
59	121
59	122
59	123
59	124
59	125
59	126
59	127
59	128
59	129
59	130
59	131
59	133
59	134
59	135
59	136
60	1
60	3
60	4
60	5
60	11
60	13
60	14
60	15
60	16
60	17
60	18
60	19
60	20
60	21
60	23
60	24
60	26
60	27
60	30
60	31
60	32
60	33
60	34
60	35
60	36
60	38
60	39
60	40
60	42
60	44
60	45
60	46
60	48
60	50
60	51
60	52
60	53
60	56
60	57
60	59
60	60
60	61
60	63
60	64
60	65
60	66
60	70
60	71
60	72
60	73
60	74
60	75
60	77
60	79
60	80
60	81
60	85
60	87
60	89
60	90
60	92
60	93
60	94
60	97
60	98
60	99
60	100
60	101
60	102
60	103
60	104
60	105
60	106
60	110
60	111
60	112
60	113
60	114
60	115
60	116
60	117
60	120
60	121
60	122
60	124
60	126
60	127
60	128
60	130
60	133
60	135
60	137
61	1
61	2
61	3
61	4
61	6
61	7
61	8
61	9
61	10
61	12
61	13
61	15
61	16
61	18
61	19
61	20
61	23
61	25
61	26
61	29
61	30
61	31
61	32
61	34
61	35
61	36
61	37
61	39
61	41
61	42
61	43
61	45
61	49
61	50
61	51
61	52
61	53
61	54
61	57
61	60
61	61
61	63
61	64
61	65
61	67
61	68
61	69
61	70
61	73
61	74
61	75
61	78
61	79
61	80
61	83
61	84
61	85
61	88
61	89
61	91
61	93
61	94
61	95
61	96
61	98
61	99
61	100
61	101
61	102
61	103
61	104
61	105
61	107
61	109
61	111
61	113
61	115
61	116
61	117
61	118
61	119
61	120
61	121
61	122
61	123
61	124
61	126
61	127
61	128
61	133
61	135
61	136
61	137
62	2
62	3
62	4
62	6
62	7
62	9
62	10
62	11
62	15
62	17
62	20
62	21
62	22
62	23
62	24
62	25
62	28
62	30
62	31
62	32
62	33
62	34
62	35
62	37
62	41
62	42
62	43
62	45
62	47
62	48
62	49
62	51
62	54
62	58
62	60
62	61
62	62
62	64
62	66
62	71
62	72
62	73
62	74
62	77
62	80
62	81
62	82
62	83
62	84
62	85
62	88
62	89
62	91
62	92
62	93
62	94
62	95
62	96
62	99
62	100
62	102
62	103
62	104
62	105
62	108
62	109
62	112
62	113
62	116
62	117
62	118
62	119
62	121
62	122
62	123
62	126
62	128
62	129
62	131
62	132
62	133
62	134
62	135
62	136
62	137
63	2
63	4
63	5
63	6
63	7
63	9
63	10
63	12
63	13
63	14
63	19
63	20
63	21
63	23
63	24
63	28
63	30
63	31
63	32
63	33
63	34
63	37
63	38
63	39
63	43
63	45
63	47
63	48
63	50
63	51
63	52
63	53
63	56
63	58
63	59
63	60
63	61
63	62
63	63
63	64
63	66
63	68
63	70
63	71
63	72
63	73
63	76
63	77
63	78
63	79
63	81
63	82
63	83
63	85
63	86
63	87
63	89
63	90
63	93
63	95
63	96
63	98
63	100
63	101
63	103
63	105
63	106
63	110
63	112
63	113
63	114
63	115
63	116
63	124
63	125
63	127
63	128
63	130
63	131
63	132
63	133
63	134
63	135
63	136
64	6
64	9
64	10
64	12
64	14
64	15
64	17
64	19
64	20
64	21
64	22
64	24
64	27
64	29
64	30
64	32
64	33
64	34
64	35
64	36
64	37
64	38
64	39
64	40
64	42
64	44
64	47
64	48
64	49
64	50
64	51
64	53
64	54
64	57
64	59
64	61
64	62
64	64
64	66
64	68
64	69
64	70
64	72
64	73
64	75
64	76
64	77
64	78
64	79
64	80
64	81
64	84
64	85
64	86
64	89
64	91
64	92
64	94
64	102
64	103
64	104
64	106
64	107
64	109
64	110
64	111
64	112
64	115
64	116
64	117
64	119
64	120
64	121
64	122
64	123
64	124
64	125
64	128
64	129
64	131
64	132
64	133
64	134
64	135
64	137
65	2
65	3
65	4
65	5
65	7
65	10
65	11
65	12
65	14
65	15
65	16
65	17
65	19
65	21
65	22
65	23
65	24
65	26
65	28
65	30
65	32
65	33
65	34
65	35
65	36
65	37
65	38
65	39
65	40
65	46
65	49
65	50
65	51
65	52
65	54
65	55
65	58
65	60
65	63
65	64
65	67
65	72
65	75
65	76
65	80
65	81
65	82
65	83
65	84
65	85
65	86
65	88
65	89
65	90
65	93
65	95
65	96
65	97
65	98
65	100
65	101
65	103
65	104
65	105
65	106
65	108
65	110
65	111
65	112
65	115
65	116
65	118
65	121
65	122
65	127
65	128
65	129
65	130
65	133
65	134
65	135
65	136
66	1
66	2
66	3
66	4
66	7
66	8
66	9
66	10
66	12
66	13
66	14
66	16
66	17
66	18
66	19
66	20
66	22
66	23
66	25
66	28
66	30
66	32
66	33
66	37
66	38
66	39
66	40
66	41
66	42
66	44
66	45
66	46
66	48
66	49
66	52
66	54
66	55
66	56
66	62
66	63
66	64
66	67
66	68
66	69
66	71
66	72
66	73
66	74
66	75
66	77
66	78
66	81
66	82
66	83
66	88
66	89
66	90
66	91
66	93
66	94
66	96
66	97
66	98
66	99
66	102
66	103
66	104
66	105
66	106
66	107
66	108
66	109
66	110
66	111
66	112
66	115
66	118
66	119
66	120
66	122
66	124
66	125
66	127
66	128
66	129
66	134
66	136
66	137
67	3
67	4
67	5
67	6
67	9
67	10
67	11
67	12
67	15
67	17
67	18
67	19
67	21
67	23
67	24
67	25
67	26
67	27
67	30
67	34
67	36
67	37
67	38
67	40
67	41
67	43
67	44
67	46
67	49
67	50
67	52
67	53
67	54
67	55
67	56
67	58
67	61
67	62
67	63
67	64
67	66
67	68
67	69
67	74
67	75
67	77
67	79
67	84
67	86
67	87
67	91
67	93
67	94
67	95
67	96
67	97
67	99
67	100
67	103
67	105
67	106
67	107
67	108
67	109
67	110
67	111
67	112
67	114
67	116
67	119
67	120
67	121
67	122
67	123
67	124
67	125
67	128
67	129
67	130
67	132
67	133
67	134
67	136
67	137
68	1
68	4
68	7
68	8
68	9
68	11
68	12
68	14
68	15
68	17
68	19
68	20
68	21
68	22
68	25
68	28
68	30
68	31
68	32
68	35
68	36
68	37
68	38
68	39
68	40
68	41
68	42
68	43
68	47
68	48
68	49
68	50
68	51
68	57
68	58
68	59
68	62
68	65
68	66
68	68
68	69
68	70
68	71
68	72
68	74
68	75
68	76
68	77
68	78
68	83
68	85
68	86
68	87
68	88
68	91
68	92
68	93
68	94
68	95
68	96
68	97
68	98
68	99
68	100
68	101
68	104
68	105
68	106
68	107
68	108
68	109
68	110
68	111
68	113
68	115
68	117
68	118
68	119
68	120
68	121
68	122
68	123
68	124
68	125
68	126
68	127
68	128
68	131
68	133
68	135
68	136
68	137
69	2
69	4
69	5
69	8
69	9
69	11
69	15
69	16
69	17
69	18
69	19
69	20
69	22
69	23
69	25
69	26
69	28
69	29
69	30
69	31
69	32
69	33
69	34
69	35
69	36
69	37
69	40
69	41
69	42
69	43
69	45
69	48
69	49
69	50
69	51
69	52
69	53
69	55
69	56
69	58
69	59
69	60
69	61
69	63
69	64
69	65
69	66
69	67
69	72
69	73
69	74
69	75
69	76
69	78
69	82
69	83
69	85
69	86
69	87
69	88
69	89
69	90
69	92
69	97
69	100
69	101
69	106
69	110
69	111
69	112
69	117
69	119
69	124
69	125
69	127
69	128
69	129
69	130
69	134
69	135
69	136
69	137
70	1
70	2
70	3
70	4
70	6
70	7
70	8
70	10
70	11
70	12
70	13
70	14
70	15
70	18
70	21
70	22
70	26
70	27
70	28
70	29
70	30
70	33
70	34
70	35
70	37
70	38
70	39
70	40
70	42
70	43
70	44
70	45
70	46
70	47
70	49
70	51
70	52
70	53
70	54
70	55
70	58
70	59
70	60
70	62
70	64
70	65
70	66
70	67
70	68
70	69
70	70
70	73
70	74
70	75
70	76
70	77
70	78
70	79
70	81
70	83
70	84
70	86
70	88
70	90
70	92
70	93
70	94
70	95
70	97
70	99
70	101
70	102
70	104
70	106
70	107
70	109
70	110
70	111
70	113
70	115
70	116
70	117
70	121
70	122
70	123
70	125
70	127
70	129
70	130
70	132
70	135
70	136
70	137
71	3
71	4
71	5
71	6
71	7
71	9
71	11
71	12
71	14
71	15
71	17
71	24
71	25
71	26
71	27
71	28
71	29
71	30
71	31
71	32
71	36
71	37
71	38
71	39
71	40
71	41
71	42
71	46
71	47
71	50
71	51
71	54
71	55
71	58
71	59
71	61
71	62
71	63
71	64
71	65
71	66
71	67
71	68
71	69
71	70
71	71
71	72
71	74
71	76
71	77
71	78
71	83
71	84
71	85
71	86
71	87
71	88
71	89
71	91
71	92
71	94
71	95
71	96
71	97
71	100
71	101
71	102
71	103
71	104
71	105
71	106
71	108
71	109
71	110
71	111
71	112
71	113
71	114
71	115
71	117
71	118
71	119
71	121
71	122
71	123
71	124
71	127
71	128
71	129
71	130
71	131
71	133
71	135
71	137
72	1
72	2
72	3
72	4
72	5
72	8
72	9
72	11
72	12
72	13
72	14
72	15
72	16
72	17
72	18
72	21
72	22
72	23
72	26
72	27
72	28
72	29
72	34
72	35
72	37
72	38
72	39
72	40
72	41
72	42
72	43
72	44
72	46
72	47
72	51
72	54
72	55
72	56
72	57
72	58
72	59
72	60
72	62
72	63
72	64
72	65
72	66
72	67
72	68
72	72
72	73
72	74
72	75
72	79
72	82
72	83
72	85
72	86
72	87
72	88
72	91
72	92
72	93
72	94
72	95
72	96
72	101
72	102
72	103
72	104
72	105
72	107
72	108
72	111
72	115
72	116
72	117
72	118
72	119
72	120
72	122
72	125
72	126
72	128
72	129
72	133
72	135
73	1
73	2
73	3
73	6
73	7
73	8
73	9
73	10
73	12
73	13
73	14
73	15
73	16
73	17
73	18
73	19
73	20
73	21
73	22
73	24
73	28
73	32
73	34
73	35
73	36
73	37
73	38
73	39
73	40
73	41
73	42
73	44
73	45
73	46
73	47
73	48
73	49
73	50
73	51
73	52
73	53
73	54
73	55
73	56
73	58
73	59
73	60
73	61
73	64
73	65
73	66
73	68
73	69
73	70
73	71
73	72
73	73
73	74
73	75
73	78
73	80
73	81
73	85
73	87
73	88
73	89
73	91
73	93
73	96
73	97
73	98
73	99
73	103
73	104
73	105
73	106
73	108
73	109
73	111
73	114
73	115
73	116
73	117
73	120
73	121
73	122
73	124
73	125
73	127
73	130
73	132
73	133
73	134
73	135
73	136
73	137
74	1
74	4
74	5
74	6
74	7
74	8
74	9
74	10
74	11
74	15
74	16
74	18
74	19
74	20
74	22
74	23
74	26
74	27
74	28
74	29
74	30
74	31
74	32
74	33
74	35
74	36
74	37
74	40
74	41
74	42
74	43
74	44
74	46
74	49
74	50
74	52
74	53
74	54
74	57
74	58
74	59
74	60
74	61
74	63
74	64
74	65
74	66
74	68
74	69
74	70
74	72
74	76
74	77
74	78
74	79
74	81
74	83
74	84
74	86
74	87
74	89
74	91
74	93
74	96
74	97
74	98
74	99
74	100
74	101
74	105
74	106
74	108
74	112
74	113
74	114
74	115
74	116
74	117
74	119
74	120
74	121
74	122
74	123
74	126
74	127
74	128
74	130
74	132
74	133
74	134
74	135
74	136
74	137
75	2
75	3
75	5
75	11
75	13
75	17
75	18
75	19
75	20
75	22
75	23
75	24
75	26
75	27
75	28
75	30
75	31
75	34
75	36
75	37
75	38
75	39
75	41
75	44
75	45
75	46
75	48
75	49
75	50
75	51
75	53
75	57
75	59
75	63
75	64
75	65
75	67
75	69
75	70
75	72
75	73
75	77
75	78
75	79
75	81
75	82
75	84
75	89
75	90
75	91
75	92
75	93
75	96
75	97
75	101
75	102
75	103
75	105
75	106
75	107
75	109
75	112
75	114
75	116
75	119
75	120
75	122
75	123
75	125
75	126
75	127
75	129
75	130
75	131
75	132
75	133
75	136
75	137
76	6
76	9
76	11
76	16
76	17
76	19
76	20
76	21
76	23
76	26
76	27
76	28
76	30
76	32
76	34
76	37
76	39
76	41
76	44
76	45
76	46
76	51
76	52
76	55
76	56
76	57
76	58
76	59
76	61
76	65
76	67
76	71
76	72
76	74
76	77
76	80
76	84
76	85
76	87
76	89
76	91
76	92
76	93
76	98
76	99
76	100
76	102
76	103
76	105
76	106
76	107
76	108
76	110
76	113
76	114
76	115
76	116
76	117
76	118
76	120
76	123
76	124
76	125
76	126
76	128
76	130
76	131
76	133
76	136
77	1
77	2
77	4
77	5
77	8
77	10
77	11
77	14
77	15
77	16
77	17
77	18
77	22
77	24
77	25
77	26
77	27
77	30
77	31
77	32
77	33
77	34
77	36
77	37
77	38
77	39
77	40
77	41
77	42
77	44
77	46
77	47
77	48
77	49
77	51
77	54
77	55
77	56
77	58
77	59
77	60
77	62
77	64
77	65
77	66
77	67
77	69
77	70
77	72
77	73
77	74
77	75
77	76
77	78
77	79
77	81
77	82
77	83
77	84
77	85
77	87
77	88
77	92
77	93
77	94
77	96
77	98
77	99
77	100
77	101
77	102
77	103
77	105
77	108
77	109
77	110
77	111
77	113
77	115
77	116
77	117
77	119
77	120
77	121
77	124
77	126
77	127
77	129
77	132
77	133
77	135
77	136
77	137
78	1
78	2
78	3
78	4
78	5
78	6
78	7
78	8
78	9
78	10
78	11
78	12
78	13
78	15
78	16
78	18
78	20
78	21
78	23
78	25
78	28
78	33
78	36
78	38
78	39
78	40
78	41
78	42
78	43
78	45
78	47
78	48
78	50
78	51
78	52
78	54
78	55
78	56
78	57
78	58
78	59
78	60
78	62
78	66
78	68
78	69
78	70
78	71
78	74
78	75
78	77
78	79
78	80
78	81
78	83
78	84
78	85
78	86
78	88
78	89
78	90
78	91
78	96
78	98
78	102
78	106
78	107
78	108
78	109
78	111
78	113
78	114
78	116
78	117
78	118
78	119
78	120
78	121
78	122
78	123
78	124
78	125
78	126
78	127
78	128
78	129
78	130
78	132
78	136
78	137
79	1
79	2
79	4
79	6
79	7
79	8
79	9
79	11
79	12
79	13
79	14
79	16
79	18
79	24
79	25
79	26
79	27
79	28
79	29
79	30
79	32
79	33
79	35
79	37
79	40
79	41
79	45
79	46
79	48
79	49
79	51
79	52
79	53
79	54
79	55
79	57
79	59
79	62
79	63
79	64
79	66
79	69
79	70
79	71
79	75
79	76
79	77
79	79
79	80
79	82
79	86
79	87
79	89
79	92
79	93
79	94
79	98
79	100
79	101
79	102
79	104
79	106
79	107
79	109
79	110
79	111
79	116
79	117
79	118
79	119
79	120
79	121
79	122
79	124
79	126
79	127
79	128
79	132
79	134
79	136
80	2
80	4
80	6
80	7
80	8
80	9
80	12
80	17
80	19
80	21
80	22
80	23
80	26
80	27
80	29
80	31
80	32
80	33
80	34
80	35
80	37
80	39
80	41
80	43
80	44
80	45
80	46
80	50
80	54
80	55
80	56
80	59
80	60
80	61
80	62
80	63
80	64
80	66
80	68
80	69
80	70
80	75
80	76
80	77
80	78
80	80
80	81
80	82
80	84
80	86
80	87
80	89
80	90
80	91
80	93
80	94
80	95
80	96
80	97
80	98
80	99
80	100
80	101
80	102
80	103
80	105
80	109
80	110
80	111
80	112
80	113
80	114
80	115
80	118
80	119
80	121
80	123
80	124
80	125
80	126
80	127
80	128
80	129
80	130
80	131
80	132
80	134
80	136
81	1
81	2
81	5
81	6
81	7
81	9
81	10
81	11
81	12
81	14
81	15
81	21
81	22
81	23
81	24
81	25
81	28
81	29
81	32
81	33
81	37
81	39
81	40
81	41
81	42
81	44
81	46
81	47
81	48
81	49
81	50
81	51
81	52
81	53
81	54
81	55
81	56
81	57
81	58
81	59
81	60
81	61
81	62
81	63
81	65
81	66
81	68
81	69
81	71
81	72
81	74
81	76
81	79
81	81
81	82
81	83
81	84
81	85
81	86
81	88
81	89
81	90
81	91
81	92
81	93
81	94
81	96
81	97
81	100
81	101
81	102
81	103
81	104
81	109
81	111
81	115
81	120
81	122
81	123
81	125
81	126
81	127
81	129
81	130
81	132
81	133
81	134
81	135
81	136
82	1
82	2
82	3
82	4
82	5
82	6
82	7
82	8
82	13
82	14
82	15
82	16
82	17
82	18
82	22
82	23
82	25
82	26
82	28
82	29
82	33
82	34
82	35
82	37
82	38
82	39
82	40
82	41
82	42
82	43
82	45
82	47
82	48
82	49
82	51
82	52
82	55
82	56
82	57
82	58
82	59
82	60
82	62
82	63
82	64
82	65
82	66
82	67
82	68
82	69
82	73
82	74
82	75
82	80
82	81
82	82
82	83
82	85
82	87
82	88
82	89
82	94
82	95
82	96
82	97
82	100
82	102
82	103
82	104
82	106
82	107
82	109
82	110
82	112
82	115
82	117
82	118
82	121
82	123
82	128
82	130
82	131
82	132
82	133
82	135
82	136
82	137
83	1
83	4
83	6
83	9
83	10
83	11
83	12
83	15
83	16
83	17
83	18
83	19
83	20
83	21
83	23
83	24
83	25
83	26
83	29
83	30
83	31
83	32
83	33
83	34
83	36
83	37
83	38
83	39
83	40
83	41
83	42
83	44
83	45
83	47
83	49
83	52
83	53
83	55
83	56
83	57
83	59
83	60
83	61
83	62
83	63
83	65
83	66
83	67
83	69
83	70
83	71
83	73
83	75
83	77
83	78
83	82
83	84
83	85
83	86
83	87
83	88
83	91
83	92
83	93
83	95
83	97
83	99
83	101
83	104
83	108
83	109
83	111
83	112
83	114
83	115
83	118
83	119
83	124
83	125
83	126
83	127
83	132
83	133
83	134
83	135
84	1
84	2
84	4
84	5
84	6
84	7
84	10
84	14
84	15
84	16
84	18
84	19
84	21
84	22
84	25
84	28
84	29
84	30
84	32
84	33
84	35
84	37
84	38
84	41
84	42
84	47
84	50
84	52
84	53
84	55
84	56
84	57
84	58
84	59
84	60
84	62
84	63
84	65
84	66
84	67
84	69
84	70
84	71
84	73
84	77
84	78
84	79
84	80
84	81
84	82
84	84
84	85
84	87
84	88
84	89
84	90
84	91
84	93
84	94
84	95
84	96
84	98
84	99
84	100
84	101
84	102
84	103
84	104
84	105
84	106
84	107
84	108
84	109
84	110
84	111
84	112
84	115
84	117
84	118
84	120
84	126
84	128
84	130
84	131
84	132
84	134
84	135
85	2
85	3
85	5
85	7
85	8
85	9
85	13
85	14
85	16
85	17
85	20
85	21
85	22
85	23
85	24
85	25
85	27
85	29
85	31
85	34
85	36
85	41
85	43
85	44
85	45
85	46
85	48
85	49
85	52
85	53
85	56
85	57
85	58
85	59
85	62
85	63
85	64
85	68
85	69
85	70
85	71
85	72
85	74
85	76
85	78
85	79
85	80
85	84
85	85
85	86
85	87
85	88
85	89
85	91
85	92
85	94
85	96
85	98
85	99
85	100
85	103
85	104
85	106
85	107
85	109
85	110
85	112
85	113
85	114
85	117
85	118
85	119
85	122
85	123
85	124
85	126
85	128
85	129
85	130
85	131
85	133
85	136
86	1
86	2
86	3
86	5
86	7
86	8
86	9
86	12
86	13
86	14
86	15
86	16
86	18
86	19
86	20
86	22
86	23
86	24
86	25
86	26
86	28
86	30
86	31
86	32
86	34
86	35
86	39
86	40
86	44
86	46
86	47
86	49
86	50
86	51
86	53
86	55
86	58
86	59
86	61
86	62
86	63
86	64
86	65
86	66
86	68
86	69
86	70
86	71
86	72
86	73
86	74
86	75
86	77
86	78
86	79
86	80
86	82
86	83
86	84
86	86
86	88
86	89
86	90
86	95
86	96
86	99
86	100
86	102
86	105
86	108
86	110
86	114
86	115
86	116
86	117
86	122
86	124
86	125
86	126
86	127
86	130
86	131
86	132
86	134
86	135
86	136
87	1
87	2
87	4
87	9
87	10
87	18
87	22
87	24
87	28
87	29
87	31
87	33
87	37
87	38
87	39
87	40
87	41
87	42
87	44
87	45
87	49
87	51
87	52
87	53
87	55
87	60
87	61
87	62
87	65
87	66
87	67
87	70
87	71
87	74
87	76
87	78
87	79
87	82
87	85
87	86
87	88
87	90
87	91
87	92
87	95
87	97
87	98
87	99
87	101
87	103
87	105
87	106
87	108
87	110
87	111
87	113
87	114
87	115
87	116
87	117
87	118
87	119
87	120
87	123
87	124
87	125
87	126
87	127
87	129
87	130
87	131
87	133
87	135
87	136
87	137
88	1
88	3
88	5
88	6
88	7
88	8
88	9
88	10
88	12
88	13
88	14
88	16
88	17
88	18
88	19
88	21
88	22
88	23
88	27
88	30
88	31
88	32
88	33
88	34
88	35
88	36
88	37
88	38
88	39
88	41
88	42
88	43
88	44
88	45
88	47
88	48
88	49
88	50
88	53
88	54
88	55
88	56
88	57
88	58
88	60
88	61
88	63
88	64
88	68
88	69
88	70
88	71
88	73
88	74
88	77
88	79
88	82
88	84
88	88
88	89
88	90
88	91
88	92
88	95
88	96
88	97
88	100
88	104
88	105
88	106
88	108
88	110
88	112
88	114
88	115
88	116
88	117
88	118
88	119
88	122
88	123
88	124
88	129
88	130
88	131
88	133
88	135
88	136
88	137
89	1
89	3
89	5
89	7
89	8
89	9
89	12
89	13
89	15
89	17
89	18
89	22
89	23
89	26
89	27
89	28
89	30
89	31
89	33
89	35
89	36
89	38
89	40
89	41
89	47
89	48
89	49
89	52
89	53
89	54
89	56
89	57
89	58
89	59
89	61
89	62
89	63
89	64
89	68
89	69
89	70
89	71
89	72
89	73
89	74
89	76
89	77
89	79
89	80
89	81
89	82
89	83
89	85
89	86
89	87
89	90
89	92
89	93
89	96
89	97
89	98
89	99
89	101
89	102
89	103
89	107
89	108
89	109
89	110
89	111
89	112
89	113
89	115
89	116
89	119
89	121
89	122
89	124
89	125
89	126
89	127
89	128
89	132
89	133
89	135
89	136
90	1
90	4
90	5
90	6
90	7
90	8
90	11
90	12
90	13
90	15
90	17
90	20
90	21
90	22
90	23
90	24
90	26
90	27
90	28
90	30
90	31
90	34
90	36
90	38
90	39
90	42
90	43
90	45
90	47
90	49
90	50
90	52
90	53
90	54
90	56
90	57
90	58
90	60
90	61
90	63
90	65
90	67
90	69
90	70
90	72
90	73
90	74
90	76
90	77
90	78
90	79
90	82
90	83
90	84
90	85
90	86
90	87
90	91
90	94
90	95
90	99
90	101
90	102
90	104
90	105
90	106
90	108
90	109
90	110
90	111
90	112
90	113
90	114
90	115
90	116
90	118
90	119
90	120
90	121
90	123
90	126
90	129
90	130
90	132
90	134
90	136
90	137
91	1
91	3
91	5
91	6
91	7
91	8
91	10
91	11
91	12
91	13
91	14
91	15
91	16
91	18
91	19
91	20
91	21
91	25
91	26
91	27
91	28
91	31
91	34
91	35
91	36
91	37
91	38
91	39
91	41
91	42
91	47
91	48
91	50
91	51
91	53
91	54
91	55
91	58
91	59
91	62
91	64
91	65
91	67
91	68
91	69
91	70
91	71
91	75
91	76
91	77
91	78
91	79
91	81
91	82
91	83
91	86
91	87
91	88
91	89
91	90
91	91
91	92
91	93
91	95
91	96
91	97
91	98
91	103
91	104
91	106
91	108
91	109
91	110
91	111
91	112
91	116
91	117
91	118
91	121
91	122
91	123
91	125
91	126
91	127
91	128
91	130
91	132
91	134
91	135
91	137
92	1
92	3
92	7
92	8
92	9
92	11
92	13
92	14
92	15
92	16
92	17
92	18
92	20
92	21
92	22
92	25
92	26
92	27
92	28
92	31
92	32
92	33
92	36
92	37
92	38
92	39
92	41
92	42
92	43
92	45
92	46
92	47
92	48
92	50
92	52
92	56
92	57
92	58
92	59
92	61
92	62
92	63
92	65
92	66
92	68
92	70
92	71
92	73
92	74
92	77
92	79
92	80
92	81
92	82
92	83
92	84
92	86
92	90
92	92
92	93
92	95
92	96
92	97
92	98
92	100
92	101
92	102
92	103
92	105
92	106
92	107
92	108
92	109
92	110
92	111
92	112
92	115
92	116
92	117
92	120
92	121
92	122
92	123
92	124
92	125
92	127
92	129
92	130
92	131
92	132
92	135
92	136
92	137
93	2
93	4
93	5
93	6
93	10
93	11
93	12
93	16
93	18
93	20
93	21
93	22
93	23
93	25
93	26
93	27
93	29
93	32
93	33
93	34
93	37
93	38
93	39
93	40
93	41
93	43
93	45
93	46
93	47
93	48
93	49
93	50
93	51
93	52
93	53
93	55
93	56
93	58
93	61
93	62
93	63
93	66
93	68
93	69
93	71
93	72
93	73
93	74
93	77
93	78
93	79
93	80
93	81
93	82
93	84
93	85
93	86
93	87
93	91
93	95
93	96
93	98
93	99
93	100
93	102
93	104
93	105
93	106
93	108
93	109
93	110
93	111
93	112
93	114
93	115
93	116
93	117
93	118
93	119
93	120
93	122
93	128
93	130
93	133
93	134
93	135
93	137
94	2
94	3
94	4
94	5
94	6
94	7
94	8
94	9
94	10
94	12
94	13
94	14
94	16
94	17
94	18
94	19
94	20
94	21
94	22
94	23
94	24
94	25
94	27
94	28
94	29
94	30
94	31
94	37
94	41
94	42
94	44
94	46
94	48
94	52
94	53
94	54
94	56
94	58
94	60
94	61
94	62
94	65
94	66
94	67
94	68
94	70
94	72
94	74
94	75
94	76
94	77
94	78
94	80
94	81
94	82
94	83
94	84
94	85
94	86
94	87
94	88
94	89
94	90
94	91
94	92
94	94
94	95
94	96
94	97
94	99
94	100
94	102
94	103
94	105
94	106
94	107
94	111
94	112
94	115
94	116
94	118
94	119
94	120
94	121
94	125
94	127
94	128
94	129
94	130
94	131
94	132
94	133
94	135
94	136
94	137
95	3
95	5
95	6
95	7
95	8
95	11
95	12
95	14
95	15
95	16
95	20
95	25
95	26
95	27
95	28
95	32
95	34
95	36
95	38
95	39
95	40
95	45
95	47
95	48
95	50
95	51
95	52
95	53
95	54
95	55
95	56
95	58
95	59
95	60
95	61
95	62
95	66
95	67
95	68
95	69
95	71
95	73
95	74
95	75
95	76
95	78
95	79
95	80
95	81
95	82
95	83
95	85
95	87
95	88
95	90
95	94
95	95
95	96
95	99
95	100
95	101
95	102
95	103
95	104
95	105
95	107
95	108
95	109
95	112
95	113
95	115
95	116
95	117
95	120
95	121
95	123
95	124
95	125
95	127
95	128
95	129
95	132
95	133
95	135
95	137
96	3
96	6
96	7
96	10
96	11
96	12
96	14
96	16
96	17
96	18
96	20
96	22
96	24
96	27
96	28
96	30
96	31
96	32
96	34
96	35
96	36
96	37
96	40
96	41
96	42
96	43
96	44
96	46
96	47
96	51
96	52
96	53
96	54
96	57
96	59
96	60
96	61
96	63
96	64
96	65
96	67
96	68
96	69
96	70
96	72
96	74
96	76
96	77
96	78
96	79
96	80
96	82
96	83
96	84
96	85
96	86
96	87
96	88
96	90
96	92
96	93
96	95
96	96
96	98
96	99
96	100
96	105
96	107
96	108
96	111
96	113
96	114
96	116
96	117
96	120
96	121
96	122
96	126
96	128
96	129
96	130
96	131
96	132
96	133
96	134
96	135
96	137
97	1
97	2
97	4
97	5
97	7
97	8
97	10
97	11
97	12
97	13
97	14
97	19
97	20
97	21
97	24
97	26
97	28
97	30
97	31
97	34
97	35
97	36
97	37
97	38
97	39
97	40
97	41
97	42
97	43
97	44
97	45
97	46
97	47
97	49
97	50
97	53
97	55
97	57
97	60
97	62
97	63
97	64
97	66
97	68
97	69
97	70
97	71
97	72
97	73
97	74
97	75
97	76
97	77
97	78
97	79
97	80
97	81
97	82
97	84
97	86
97	88
97	91
97	93
97	99
97	100
97	101
97	103
97	104
97	105
97	106
97	107
97	108
97	111
97	112
97	114
97	116
97	117
97	118
97	119
97	120
97	125
97	126
97	127
97	128
97	129
97	133
97	134
97	136
97	137
98	1
98	4
98	5
98	6
98	7
98	8
98	9
98	14
98	15
98	17
98	18
98	19
98	21
98	22
98	23
98	24
98	25
98	28
98	29
98	30
98	31
98	32
98	33
98	34
98	38
98	39
98	40
98	41
98	43
98	44
98	46
98	47
98	48
98	50
98	51
98	53
98	54
98	55
98	56
98	57
98	58
98	59
98	60
98	62
98	63
98	64
98	66
98	67
98	68
98	73
98	75
98	76
98	77
98	80
98	81
98	82
98	87
98	89
98	91
98	92
98	93
98	95
98	96
98	97
98	99
98	101
98	102
98	103
98	104
98	106
98	108
98	113
98	119
98	122
98	123
98	125
98	129
98	132
98	133
98	134
98	135
98	137
99	1
99	2
99	3
99	4
99	5
99	6
99	7
99	9
99	11
99	15
99	16
99	18
99	19
99	21
99	22
99	23
99	24
99	30
99	31
99	33
99	34
99	36
99	38
99	39
99	40
99	41
99	44
99	45
99	46
99	47
99	48
99	49
99	51
99	53
99	55
99	57
99	58
99	59
99	60
99	61
99	62
99	63
99	64
99	65
99	66
99	67
99	70
99	72
99	73
99	75
99	77
99	79
99	80
99	82
99	83
99	84
99	86
99	87
99	88
99	89
99	91
99	93
99	94
99	95
99	97
99	98
99	99
99	100
99	103
99	107
99	109
99	112
99	114
99	115
99	116
99	117
99	118
99	120
99	123
99	124
99	125
99	126
99	127
99	128
99	129
99	130
99	136
100	1
100	2
100	3
100	4
100	5
100	6
100	7
100	8
100	9
100	10
100	11
100	12
100	13
100	16
100	17
100	18
100	19
100	20
100	21
100	24
100	28
100	30
100	32
100	35
100	36
100	38
100	39
100	40
100	42
100	43
100	44
100	46
100	47
100	48
100	49
100	50
100	51
100	53
100	56
100	57
100	58
100	60
100	62
100	63
100	64
100	65
100	68
100	69
100	70
100	71
100	72
100	73
100	74
100	76
100	78
100	79
100	80
100	82
100	84
100	85
100	86
100	87
100	88
100	89
100	90
100	93
100	96
100	97
100	98
100	100
100	102
100	103
100	104
100	105
100	108
100	109
100	110
100	112
100	113
100	116
100	117
100	118
100	120
100	121
100	122
100	123
100	124
100	127
100	129
100	131
100	133
100	135
100	136
101	1
101	2
101	4
101	6
101	8
101	10
101	12
101	19
101	20
101	22
101	23
101	28
101	29
101	31
101	32
101	33
101	34
101	38
101	39
101	40
101	41
101	43
101	46
101	48
101	49
101	52
101	53
101	54
101	55
101	57
101	58
101	59
101	63
101	66
101	69
101	72
101	73
101	76
101	78
101	79
101	80
101	84
101	86
101	89
101	90
101	91
101	93
101	95
101	96
101	97
101	98
101	99
101	102
101	103
101	105
101	106
101	107
101	108
101	109
101	110
101	111
101	112
101	117
101	119
101	123
101	124
101	126
101	129
101	131
101	133
101	134
101	135
101	136
102	1
102	2
102	5
102	6
102	7
102	8
102	10
102	12
102	13
102	14
102	15
102	17
102	23
102	26
102	27
102	28
102	29
102	30
102	31
102	33
102	35
102	36
102	37
102	40
102	42
102	44
102	45
102	47
102	48
102	51
102	52
102	55
102	56
102	57
102	58
102	59
102	60
102	69
102	70
102	71
102	72
102	74
102	75
102	78
102	79
102	80
102	82
102	83
102	84
102	85
102	87
102	90
102	91
102	94
102	95
102	96
102	97
102	98
102	99
102	100
102	101
102	103
102	104
102	107
102	108
102	110
102	111
102	112
102	113
102	114
102	116
102	117
102	118
102	119
102	123
102	125
102	126
102	130
102	131
102	132
102	135
102	136
102	137
103	1
103	2
103	3
103	4
103	5
103	6
103	7
103	11
103	12
103	13
103	15
103	17
103	19
103	20
103	21
103	22
103	23
103	26
103	27
103	29
103	30
103	31
103	33
103	34
103	40
103	42
103	44
103	45
103	46
103	47
103	48
103	51
103	52
103	53
103	54
103	56
103	57
103	58
103	59
103	63
103	64
103	66
103	67
103	70
103	72
103	73
103	74
103	75
103	77
103	78
103	80
103	81
103	82
103	84
103	86
103	87
103	88
103	89
103	91
103	92
103	93
103	94
103	96
103	98
103	99
103	100
103	101
103	104
103	105
103	107
103	108
103	109
103	110
103	111
103	114
103	115
103	117
103	118
103	120
103	122
103	123
103	125
103	126
103	128
103	129
103	131
103	132
103	133
103	134
103	135
103	137
104	1
104	2
104	3
104	5
104	6
104	7
104	9
104	10
104	11
104	14
104	16
104	17
104	18
104	20
104	21
104	23
104	24
104	25
104	27
104	28
104	31
104	33
104	34
104	36
104	37
104	38
104	39
104	40
104	41
104	42
104	44
104	46
104	48
104	49
104	50
104	52
104	53
104	55
104	56
104	58
104	60
104	61
104	62
104	63
104	64
104	66
104	67
104	70
104	71
104	73
104	74
104	75
104	76
104	79
104	81
104	82
104	84
104	85
104	87
104	89
104	91
104	92
104	93
104	96
104	98
104	101
104	103
104	104
104	105
104	106
104	107
104	108
104	109
104	110
104	111
104	112
104	113
104	114
104	116
104	118
104	120
104	121
104	122
104	123
104	124
104	125
104	128
104	129
104	132
104	133
104	135
104	137
105	2
105	3
105	6
105	7
105	11
105	12
105	13
105	15
105	16
105	17
105	18
105	19
105	20
105	23
105	24
105	25
105	26
105	27
105	29
105	30
105	31
105	33
105	34
105	36
105	37
105	40
105	42
105	44
105	45
105	47
105	48
105	49
105	52
105	54
105	55
105	56
105	57
105	58
105	59
105	61
105	62
105	63
105	64
105	65
105	66
105	67
105	68
105	69
105	70
105	71
105	72
105	73
105	77
105	78
105	79
105	80
105	81
105	82
105	83
105	84
105	85
105	86
105	89
105	90
105	91
105	93
105	94
105	97
105	98
105	99
105	101
105	102
105	103
105	104
105	105
105	107
105	108
105	109
105	112
105	113
105	117
105	118
105	119
105	120
105	121
105	122
105	123
105	124
105	125
105	127
105	130
105	131
105	133
105	136
106	1
106	3
106	6
106	8
106	11
106	13
106	15
106	19
106	20
106	21
106	22
106	24
106	25
106	26
106	28
106	29
106	32
106	33
106	34
106	35
106	36
106	38
106	41
106	42
106	46
106	48
106	49
106	51
106	52
106	53
106	54
106	55
106	56
106	59
106	61
106	63
106	64
106	65
106	67
106	69
106	71
106	77
106	81
106	82
106	84
106	86
106	87
106	88
106	89
106	90
106	91
106	92
106	94
106	95
106	98
106	101
106	102
106	104
106	106
106	107
106	109
106	111
106	112
106	115
106	116
106	119
106	121
106	123
106	124
106	125
106	126
106	127
106	128
106	129
106	130
106	131
106	132
106	135
106	137
107	2
107	3
107	4
107	6
107	8
107	9
107	10
107	11
107	18
107	19
107	21
107	22
107	23
107	25
107	26
107	29
107	32
107	36
107	40
107	42
107	43
107	44
107	47
107	49
107	50
107	51
107	52
107	53
107	58
107	59
107	61
107	62
107	65
107	66
107	68
107	69
107	70
107	72
107	77
107	78
107	80
107	81
107	84
107	85
107	87
107	88
107	89
107	91
107	93
107	95
107	98
107	99
107	100
107	105
107	106
107	107
107	108
107	109
107	110
107	113
107	114
107	116
107	117
107	119
107	120
107	121
107	122
107	123
107	124
107	125
107	126
107	127
107	129
107	130
107	131
107	132
107	133
107	134
107	136
107	137
108	1
108	2
108	3
108	4
108	6
108	7
108	8
108	9
108	10
108	12
108	13
108	15
108	16
108	17
108	19
108	20
108	21
108	22
108	23
108	25
108	26
108	30
108	32
108	34
108	35
108	36
108	37
108	38
108	41
108	43
108	44
108	45
108	47
108	49
108	51
108	52
108	53
108	54
108	55
108	57
108	58
108	59
108	60
108	62
108	64
108	67
108	68
108	69
108	70
108	71
108	72
108	73
108	76
108	79
108	80
108	82
108	85
108	86
108	88
108	89
108	91
108	93
108	95
108	97
108	98
108	100
108	101
108	102
108	103
108	104
108	105
108	108
108	111
108	112
108	115
108	116
108	117
108	118
108	119
108	123
108	124
108	125
108	127
108	128
108	129
108	130
108	131
108	132
108	133
108	135
108	136
108	137
109	1
109	2
109	3
109	5
109	7
109	8
109	9
109	10
109	11
109	14
109	15
109	16
109	17
109	19
109	22
109	23
109	24
109	25
109	27
109	30
109	31
109	32
109	33
109	34
109	35
109	38
109	39
109	40
109	41
109	44
109	48
109	49
109	51
109	53
109	54
109	56
109	57
109	58
109	59
109	62
109	64
109	66
109	67
109	68
109	69
109	71
109	75
109	76
109	77
109	79
109	80
109	81
109	82
109	83
109	87
109	88
109	90
109	92
109	95
109	96
109	97
109	98
109	101
109	102
109	104
109	105
109	107
109	109
109	110
109	111
109	112
109	113
109	114
109	116
109	117
109	118
109	119
109	121
109	123
109	124
109	125
109	126
109	127
109	128
109	129
109	130
109	133
109	136
109	137
110	1
110	3
110	4
110	5
110	6
110	8
110	9
110	11
110	12
110	13
110	14
110	15
110	17
110	18
110	19
110	20
110	24
110	25
110	26
110	30
110	31
110	33
110	34
110	35
110	37
110	38
110	42
110	43
110	45
110	48
110	52
110	53
110	54
110	55
110	61
110	63
110	64
110	65
110	66
110	67
110	68
110	70
110	71
110	72
110	73
110	74
110	75
110	77
110	78
110	79
110	81
110	82
110	85
110	89
110	91
110	92
110	93
110	95
110	96
110	97
110	98
110	100
110	101
110	103
110	104
110	105
110	107
110	108
110	109
110	110
110	112
110	113
110	114
110	115
110	117
110	118
110	122
110	124
110	125
110	126
110	128
110	129
110	130
110	131
110	133
110	137
111	1
111	2
111	3
111	4
111	5
111	6
111	7
111	8
111	9
111	10
111	12
111	13
111	14
111	15
111	16
111	19
111	20
111	21
111	22
111	24
111	25
111	26
111	28
111	30
111	31
111	33
111	34
111	35
111	37
111	40
111	41
111	42
111	43
111	44
111	45
111	46
111	47
111	50
111	51
111	53
111	54
111	55
111	56
111	58
111	59
111	60
111	62
111	64
111	65
111	66
111	69
111	70
111	71
111	72
111	74
111	75
111	76
111	81
111	82
111	84
111	85
111	86
111	88
111	89
111	90
111	91
111	92
111	93
111	94
111	95
111	98
111	99
111	101
111	103
111	109
111	110
111	111
111	113
111	114
111	116
111	118
111	121
111	122
111	125
111	126
111	127
111	129
111	130
111	131
111	132
111	133
111	134
111	137
112	3
112	6
112	8
112	9
112	11
112	16
112	18
112	19
112	20
112	21
112	23
112	24
112	25
112	28
112	30
112	32
112	33
112	34
112	35
112	38
112	39
112	40
112	41
112	44
112	45
112	46
112	47
112	48
112	49
112	50
112	53
112	54
112	55
112	56
112	57
112	58
112	61
112	63
112	64
112	65
112	68
112	69
112	70
112	72
112	73
112	74
112	75
112	76
112	77
112	80
112	81
112	83
112	87
112	88
112	89
112	91
112	92
112	94
112	95
112	97
112	98
112	99
112	100
112	102
112	103
112	105
112	106
112	107
112	108
112	110
112	112
112	113
112	114
112	115
112	116
112	117
112	118
112	119
112	121
112	122
112	123
112	125
112	128
112	129
112	130
112	131
112	132
112	134
112	135
112	136
112	137
113	2
113	3
113	5
113	9
113	10
113	13
113	15
113	17
113	18
113	19
113	20
113	21
113	22
113	23
113	24
113	27
113	29
113	30
113	31
113	32
113	33
113	34
113	39
113	41
113	42
113	43
113	45
113	46
113	47
113	49
113	50
113	51
113	52
113	53
113	55
113	56
113	59
113	60
113	61
113	65
113	66
113	68
113	69
113	70
113	72
113	75
113	76
113	77
113	80
113	81
113	84
113	85
113	86
113	87
113	88
113	89
113	91
113	93
113	94
113	95
113	96
113	97
113	98
113	100
113	101
113	102
113	103
113	104
113	105
113	106
113	107
113	109
113	110
113	115
113	119
113	120
113	121
113	125
113	128
113	131
113	133
113	134
113	136
113	137
114	1
114	2
114	4
114	5
114	6
114	7
114	9
114	11
114	12
114	13
114	15
114	17
114	18
114	20
114	21
114	22
114	25
114	26
114	27
114	29
114	31
114	32
114	33
114	35
114	38
114	40
114	41
114	42
114	43
114	44
114	45
114	46
114	47
114	48
114	49
114	50
114	51
114	54
114	56
114	57
114	58
114	59
114	61
114	62
114	63
114	64
114	65
114	67
114	69
114	70
114	71
114	72
114	75
114	76
114	77
114	79
114	80
114	81
114	82
114	85
114	86
114	87
114	88
114	89
114	94
114	95
114	96
114	98
114	101
114	102
114	103
114	105
114	106
114	110
114	111
114	112
114	113
114	115
114	116
114	118
114	119
114	120
114	121
114	124
114	126
114	128
114	131
114	133
114	135
114	137
115	2
115	3
115	4
115	6
115	9
115	11
115	12
115	16
115	17
115	19
115	20
115	21
115	22
115	25
115	27
115	29
115	30
115	31
115	33
115	36
115	38
115	39
115	41
115	42
115	43
115	45
115	46
115	47
115	48
115	49
115	50
115	51
115	52
115	54
115	57
115	59
115	63
115	65
115	66
115	67
115	69
115	70
115	71
115	72
115	73
115	75
115	77
115	78
115	79
115	80
115	81
115	82
115	83
115	85
115	86
115	88
115	89
115	91
115	93
115	94
115	95
115	96
115	97
115	99
115	100
115	102
115	103
115	107
115	108
115	109
115	110
115	112
115	113
115	114
115	115
115	116
115	119
115	120
115	121
115	122
115	123
115	124
115	127
115	130
115	131
115	132
115	136
115	137
116	2
116	3
116	4
116	5
116	7
116	8
116	9
116	10
116	18
116	19
116	22
116	23
116	26
116	27
116	28
116	29
116	30
116	32
116	33
116	34
116	35
116	36
116	38
116	39
116	40
116	41
116	42
116	43
116	45
116	48
116	49
116	50
116	52
116	53
116	57
116	58
116	59
116	60
116	62
116	63
116	64
116	68
116	70
116	72
116	73
116	75
116	77
116	78
116	80
116	81
116	82
116	83
116	86
116	87
116	89
116	90
116	91
116	92
116	94
116	96
116	97
116	98
116	99
116	100
116	101
116	102
116	103
116	104
116	105
116	106
116	110
116	111
116	112
116	113
116	117
116	118
116	119
116	120
116	123
116	125
116	128
116	129
116	131
116	132
116	133
116	134
116	135
116	136
117	3
117	4
117	5
117	7
117	8
117	9
117	10
117	13
117	15
117	16
117	17
117	18
117	20
117	21
117	22
117	23
117	24
117	27
117	29
117	32
117	33
117	34
117	35
117	37
117	39
117	40
117	41
117	42
117	43
117	46
117	47
117	50
117	51
117	52
117	55
117	57
117	59
117	60
117	61
117	62
117	63
117	64
117	65
117	66
117	67
117	68
117	70
117	71
117	72
117	74
117	75
117	76
117	77
117	80
117	82
117	87
117	88
117	91
117	93
117	94
117	95
117	96
117	97
117	98
117	100
117	101
117	104
117	106
117	111
117	112
117	113
117	114
117	117
117	119
117	120
117	123
117	124
117	125
117	126
117	128
117	129
117	130
117	132
117	134
117	135
117	136
118	1
118	2
118	6
118	7
118	8
118	9
118	10
118	11
118	12
118	16
118	17
118	18
118	20
118	23
118	24
118	25
118	28
118	30
118	31
118	35
118	36
118	37
118	38
118	39
118	41
118	42
118	43
118	44
118	45
118	46
118	47
118	48
118	50
118	51
118	52
118	53
118	55
118	56
118	57
118	58
118	59
118	60
118	61
118	62
118	63
118	65
118	67
118	69
118	71
118	72
118	73
118	74
118	76
118	77
118	78
118	79
118	81
118	82
118	83
118	84
118	85
118	86
118	87
118	89
118	91
118	92
118	93
118	94
118	95
118	96
118	97
118	98
118	100
118	105
118	106
118	110
118	112
118	113
118	114
118	115
118	116
118	117
118	118
118	119
118	121
118	122
118	123
118	124
118	125
118	126
118	127
118	129
118	130
118	132
118	133
118	134
118	135
118	136
118	137
119	2
119	3
119	5
119	6
119	7
119	9
119	10
119	11
119	12
119	15
119	16
119	17
119	20
119	21
119	23
119	27
119	30
119	34
119	37
119	38
119	39
119	40
119	42
119	44
119	45
119	46
119	47
119	48
119	49
119	50
119	51
119	52
119	53
119	54
119	57
119	58
119	59
119	62
119	64
119	66
119	67
119	68
119	69
119	70
119	71
119	72
119	74
119	75
119	76
119	77
119	78
119	79
119	80
119	82
119	84
119	85
119	86
119	87
119	88
119	89
119	90
119	91
119	92
119	93
119	94
119	98
119	99
119	100
119	102
119	103
119	104
119	105
119	108
119	110
119	111
119	113
119	115
119	116
119	117
119	118
119	120
119	121
119	122
119	125
119	126
119	127
119	129
119	132
119	133
119	134
119	135
119	136
120	1
120	2
120	3
120	5
120	6
120	7
120	9
120	11
120	12
120	13
120	15
120	17
120	18
120	24
120	25
120	28
120	29
120	30
120	31
120	32
120	33
120	34
120	35
120	36
120	37
120	39
120	42
120	43
120	44
120	49
120	51
120	52
120	53
120	54
120	55
120	58
120	59
120	60
120	61
120	62
120	64
120	65
120	66
120	67
120	68
120	70
120	71
120	72
120	73
120	75
120	76
120	77
120	78
120	79
120	83
120	85
120	86
120	87
120	88
120	90
120	92
120	93
120	96
120	97
120	99
120	100
120	101
120	102
120	103
120	105
120	107
120	108
120	110
120	112
120	113
120	116
120	117
120	118
120	120
120	121
120	122
120	125
120	126
120	127
120	129
120	132
120	135
120	137
121	1
121	2
121	6
121	8
121	9
121	10
121	12
121	13
121	15
121	16
121	17
121	18
121	19
121	20
121	22
121	24
121	25
121	26
121	28
121	29
121	30
121	31
121	32
121	33
121	35
121	36
121	40
121	43
121	44
121	45
121	46
121	49
121	51
121	53
121	54
121	55
121	56
121	57
121	58
121	59
121	61
121	63
121	64
121	65
121	67
121	68
121	70
121	71
121	72
121	74
121	77
121	78
121	80
121	81
121	82
121	83
121	84
121	86
121	87
121	88
121	89
121	92
121	93
121	96
121	98
121	99
121	100
121	103
121	105
121	106
121	108
121	109
121	111
121	112
121	113
121	114
121	117
121	118
121	119
121	120
121	121
121	122
121	123
121	124
121	125
121	126
121	127
121	129
121	130
121	131
121	132
121	135
121	136
121	137
122	2
122	4
122	5
122	6
122	9
122	10
122	12
122	13
122	14
122	15
122	16
122	17
122	19
122	23
122	24
122	25
122	26
122	27
122	28
122	29
122	30
122	31
122	32
122	36
122	38
122	39
122	41
122	42
122	44
122	48
122	49
122	50
122	51
122	55
122	56
122	57
122	58
122	60
122	61
122	63
122	64
122	65
122	66
122	68
122	70
122	71
122	74
122	75
122	78
122	79
122	80
122	81
122	83
122	84
122	89
122	92
122	95
122	96
122	98
122	99
122	100
122	102
122	103
122	104
122	105
122	106
122	108
122	109
122	110
122	113
122	114
122	116
122	118
122	120
122	121
122	122
122	124
122	125
122	128
122	129
122	130
122	134
122	135
122	136
123	1
123	2
123	4
123	6
123	8
123	10
123	12
123	14
123	15
123	16
123	17
123	18
123	19
123	20
123	22
123	24
123	25
123	26
123	27
123	29
123	32
123	33
123	34
123	35
123	37
123	38
123	42
123	43
123	44
123	45
123	47
123	49
123	51
123	52
123	53
123	54
123	56
123	57
123	59
123	60
123	62
123	63
123	64
123	67
123	68
123	69
123	70
123	72
123	73
123	77
123	79
123	80
123	81
123	82
123	83
123	84
123	85
123	86
123	87
123	88
123	92
123	93
123	94
123	98
123	99
123	101
123	102
123	104
123	105
123	106
123	108
123	111
123	112
123	117
123	120
123	123
123	124
123	126
123	127
123	130
123	131
123	134
123	136
123	137
124	2
124	4
124	5
124	6
124	7
124	9
124	10
124	11
124	12
124	16
124	19
124	20
124	21
124	22
124	23
124	25
124	26
124	27
124	29
124	30
124	31
124	36
124	37
124	38
124	41
124	42
124	43
124	44
124	46
124	47
124	48
124	49
124	50
124	52
124	53
124	55
124	56
124	60
124	61
124	62
124	63
124	65
124	69
124	70
124	71
124	72
124	76
124	80
124	81
124	82
124	83
124	84
124	85
124	87
124	90
124	91
124	92
124	93
124	94
124	95
124	97
124	98
124	103
124	105
124	106
124	107
124	108
124	109
124	111
124	113
124	114
124	115
124	116
124	117
124	120
124	121
124	122
124	123
124	124
124	126
124	127
124	128
124	129
124	130
124	131
124	133
124	135
124	136
124	137
125	2
125	3
125	4
125	7
125	8
125	9
125	14
125	17
125	19
125	21
125	24
125	25
125	26
125	27
125	28
125	29
125	30
125	31
125	32
125	36
125	37
125	40
125	41
125	42
125	46
125	47
125	49
125	50
125	51
125	52
125	53
125	55
125	57
125	58
125	59
125	61
125	62
125	64
125	66
125	67
125	71
125	72
125	74
125	77
125	78
125	80
125	82
125	83
125	87
125	89
125	90
125	92
125	93
125	94
125	95
125	98
125	104
125	106
125	109
125	110
125	111
125	114
125	120
125	121
125	122
125	125
125	126
125	127
125	128
125	131
125	133
125	136
125	137
126	1
126	2
126	3
126	4
126	5
126	6
126	7
126	8
126	9
126	10
126	12
126	14
126	15
126	16
126	18
126	20
126	24
126	26
126	28
126	29
126	32
126	34
126	35
126	36
126	37
126	43
126	48
126	49
126	50
126	52
126	54
126	55
126	56
126	58
126	59
126	61
126	63
126	65
126	66
126	67
126	68
126	69
126	70
126	72
126	73
126	74
126	77
126	78
126	79
126	80
126	81
126	82
126	83
126	86
126	87
126	88
126	90
126	92
126	93
126	94
126	95
126	97
126	100
126	101
126	103
126	104
126	105
126	109
126	110
126	112
126	114
126	115
126	117
126	118
126	119
126	121
126	122
126	123
126	126
126	127
126	128
126	129
126	131
126	132
126	133
126	135
126	136
126	137
127	4
127	5
127	6
127	9
127	10
127	11
127	12
127	13
127	14
127	15
127	16
127	17
127	19
127	22
127	23
127	24
127	25
127	29
127	30
127	31
127	33
127	34
127	35
127	36
127	37
127	38
127	39
127	41
127	42
127	44
127	45
127	47
127	48
127	50
127	51
127	52
127	53
127	54
127	55
127	57
127	58
127	59
127	60
127	61
127	62
127	65
127	67
127	68
127	69
127	72
127	73
127	74
127	75
127	80
127	82
127	87
127	88
127	89
127	90
127	91
127	92
127	93
127	94
127	95
127	96
127	98
127	99
127	102
127	103
127	104
127	105
127	106
127	107
127	108
127	110
127	111
127	112
127	114
127	116
127	117
127	118
127	119
127	120
127	121
127	122
127	123
127	124
127	125
127	126
127	127
127	128
127	129
127	131
127	133
127	134
127	136
127	137
128	1
128	2
128	3
128	4
128	5
128	6
128	7
128	9
128	11
128	12
128	14
128	15
128	16
128	18
128	19
128	21
128	22
128	24
128	25
128	26
128	27
128	29
128	30
128	31
128	32
128	34
128	35
128	36
128	41
128	44
128	46
128	47
128	48
128	52
128	54
128	55
128	57
128	58
128	59
128	60
128	61
128	62
128	63
128	64
128	68
128	69
128	76
128	77
128	78
128	80
128	81
128	82
128	85
128	86
128	87
128	90
128	92
128	93
128	94
128	95
128	98
128	99
128	101
128	102
128	104
128	107
128	108
128	109
128	110
128	112
128	114
128	115
128	117
128	119
128	120
128	121
128	123
128	125
128	127
128	128
128	129
128	130
128	132
128	134
128	135
128	136
128	137
129	2
129	4
129	5
129	6
129	7
129	9
129	10
129	11
129	12
129	13
129	14
129	15
129	16
129	18
129	21
129	25
129	26
129	27
129	28
129	31
129	32
129	34
129	35
129	36
129	37
129	40
129	41
129	45
129	47
129	48
129	49
129	50
129	51
129	53
129	54
129	57
129	58
129	60
129	61
129	62
129	63
129	64
129	65
129	66
129	69
129	71
129	72
129	73
129	74
129	76
129	77
129	78
129	79
129	80
129	81
129	83
129	84
129	85
129	86
129	87
129	88
129	89
129	90
129	92
129	94
129	95
129	97
129	98
129	99
129	100
129	102
129	103
129	104
129	106
129	107
129	109
129	110
129	111
129	112
129	114
129	115
129	116
129	118
129	119
129	120
129	122
129	123
129	127
129	128
129	129
129	130
129	131
129	133
129	134
129	136
129	137
130	1
130	2
130	3
130	4
130	5
130	6
130	7
130	8
130	9
130	10
130	11
130	12
130	13
130	14
130	15
130	16
130	17
130	18
130	19
130	20
130	21
130	22
130	23
130	24
130	28
130	31
130	33
130	35
130	36
130	38
130	39
130	40
130	41
130	43
130	45
130	47
130	50
130	51
130	52
130	55
130	56
130	57
130	59
130	60
130	61
130	62
130	63
130	64
130	65
130	66
130	67
130	70
130	71
130	74
130	75
130	76
130	77
130	79
130	81
130	84
130	85
130	86
130	87
130	88
130	89
130	90
130	91
130	93
130	94
130	96
130	97
130	98
130	99
130	100
130	101
130	102
130	105
130	106
130	109
130	110
130	112
130	113
130	114
130	115
130	116
130	119
130	121
130	123
130	124
130	127
130	128
130	129
130	131
130	133
130	136
130	137
131	1
131	3
131	4
131	6
131	7
131	8
131	12
131	13
131	14
131	16
131	19
131	20
131	21
131	23
131	24
131	26
131	28
131	32
131	36
131	37
131	38
131	39
131	41
131	42
131	43
131	45
131	46
131	47
131	48
131	49
131	51
131	52
131	54
131	58
131	61
131	63
131	64
131	65
131	68
131	70
131	71
131	72
131	75
131	76
131	77
131	78
131	82
131	84
131	86
131	87
131	91
131	92
131	93
131	94
131	96
131	98
131	100
131	101
131	102
131	103
131	104
131	105
131	106
131	110
131	112
131	113
131	114
131	116
131	117
131	120
131	122
131	123
131	124
131	127
131	128
131	130
131	131
131	132
131	133
131	134
131	136
131	137
132	1
132	5
132	6
132	7
132	8
132	9
132	10
132	11
132	12
132	13
132	14
132	15
132	17
132	18
132	20
132	21
132	23
132	24
132	26
132	27
132	28
132	29
132	30
132	31
132	32
132	33
132	36
132	37
132	38
132	42
132	45
132	46
132	47
132	49
132	50
132	51
132	52
132	54
132	56
132	57
132	58
132	59
132	60
132	61
132	62
132	63
132	64
132	65
132	66
132	67
132	70
132	72
132	74
132	75
132	78
132	80
132	81
132	83
132	85
132	86
132	87
132	89
132	90
132	92
132	93
132	95
132	98
132	100
132	102
132	103
132	105
132	106
132	107
132	108
132	109
132	110
132	111
132	112
132	115
132	117
132	118
132	119
132	120
132	121
132	122
132	124
132	125
132	128
132	130
132	131
132	134
132	135
133	2
133	3
133	6
133	9
133	11
133	12
133	13
133	14
133	15
133	16
133	17
133	20
133	22
133	23
133	25
133	26
133	28
133	29
133	31
133	34
133	35
133	36
133	38
133	41
133	43
133	44
133	45
133	48
133	50
133	51
133	52
133	55
133	56
133	60
133	61
133	62
133	63
133	64
133	65
133	66
133	67
133	68
133	69
133	72
133	73
133	75
133	77
133	78
133	79
133	82
133	83
133	85
133	86
133	89
133	90
133	91
133	92
133	93
133	96
133	98
133	99
133	100
133	101
133	103
133	104
133	107
133	108
133	110
133	113
133	114
133	115
133	117
133	118
133	119
133	121
133	124
133	125
133	126
133	128
133	130
133	132
133	133
133	134
133	137
134	1
134	4
134	5
134	7
134	11
134	12
134	13
134	16
134	20
134	21
134	22
134	23
134	24
134	25
134	26
134	27
134	29
134	31
134	34
134	36
134	39
134	41
134	42
134	43
134	45
134	46
134	48
134	49
134	50
134	53
134	54
134	57
134	58
134	59
134	60
134	61
134	62
134	64
134	65
134	66
134	70
134	72
134	73
134	74
134	75
134	77
134	78
134	79
134	80
134	81
134	82
134	83
134	84
134	85
134	86
134	89
134	91
134	94
134	96
134	99
134	103
134	105
134	107
134	109
134	111
134	114
134	116
134	117
134	119
134	120
134	121
134	122
134	124
134	126
134	127
134	128
134	131
134	132
134	133
134	134
135	2
135	3
135	5
135	8
135	9
135	10
135	12
135	13
135	14
135	24
135	25
135	26
135	27
135	29
135	30
135	31
135	32
135	35
135	36
135	39
135	41
135	42
135	44
135	45
135	46
135	47
135	48
135	49
135	50
135	51
135	52
135	53
135	54
135	56
135	58
135	59
135	61
135	62
135	65
135	67
135	68
135	71
135	73
135	77
135	78
135	79
135	80
135	81
135	82
135	83
135	84
135	86
135	87
135	88
135	92
135	93
135	94
135	95
135	96
135	97
135	98
135	99
135	100
135	101
135	102
135	104
135	105
135	109
135	110
135	111
135	112
135	113
135	114
135	115
135	116
135	118
135	119
135	120
135	121
135	122
135	124
135	125
135	126
135	127
135	128
135	129
135	130
135	134
135	137
136	1
136	2
136	3
136	4
136	5
136	6
136	14
136	19
136	20
136	21
136	22
136	23
136	24
136	25
136	28
136	30
136	31
136	32
136	34
136	35
136	36
136	38
136	40
136	44
136	45
136	46
136	47
136	48
136	50
136	52
136	53
136	54
136	55
136	56
136	57
136	59
136	60
136	61
136	62
136	63
136	65
136	66
136	68
136	69
136	70
136	74
136	75
136	76
136	77
136	78
136	80
136	83
136	85
136	86
136	87
136	88
136	89
136	90
136	91
136	92
136	94
136	95
136	99
136	103
136	104
136	107
136	108
136	109
136	110
136	111
136	112
136	114
136	115
136	119
136	120
136	121
136	124
136	125
136	129
136	131
136	132
136	135
137	1
137	2
137	3
137	4
137	5
137	6
137	7
137	8
137	9
137	10
137	11
137	12
137	13
137	14
137	17
137	18
137	19
137	21
137	23
137	25
137	26
137	27
137	29
137	30
137	31
137	33
137	35
137	36
137	38
137	39
137	40
137	41
137	43
137	45
137	48
137	49
137	51
137	53
137	58
137	61
137	64
137	66
137	67
137	68
137	69
137	70
137	71
137	72
137	73
137	74
137	75
137	77
137	78
137	80
137	83
137	84
137	85
137	86
137	87
137	88
137	93
137	95
137	96
137	97
137	99
137	100
137	101
137	102
137	105
137	106
137	108
137	111
137	113
137	114
137	115
137	116
137	117
137	118
137	119
137	120
137	121
137	122
137	123
137	124
137	126
137	129
137	130
137	133
137	134
137	135
137	136
137	137
1	138
2	138
3	138
4	138
5	138
6	138
7	138
8	138
9	138
10	138
11	138
12	138
13	138
14	138
15	138
16	138
17	138
18	138
19	138
20	138
21	138
22	138
23	138
24	138
25	138
26	138
27	138
28	138
29	138
30	138
31	138
32	138
33	138
34	138
35	138
36	138
37	138
38	138
39	138
40	138
41	138
42	138
43	138
44	138
45	138
46	138
47	138
48	138
49	138
50	138
51	138
52	138
53	138
54	138
55	138
56	138
57	138
58	138
59	138
60	138
61	138
62	138
63	138
64	138
65	138
66	138
67	138
68	138
69	138
70	138
71	138
72	138
73	138
74	138
75	138
76	138
77	138
78	138
79	138
80	138
81	138
82	138
83	138
84	138
85	138
86	138
87	138
88	138
89	138
90	138
91	138
92	138
93	138
94	138
95	138
96	138
97	138
98	138
99	138
100	138
101	138
102	138
103	138
104	138
105	138
106	138
107	138
108	138
109	138
110	138
111	138
112	138
113	138
114	138
115	138
116	138
117	138
118	138
119	138
120	138
121	138
122	138
123	138
124	138
125	138
126	138
127	138
128	138
129	138
130	138
131	138
132	138
133	138
134	138
135	138
136	138
137	138
138	138
