1	1
1	3
1	4
1	5
1	6
1	7
1	8
1	10
1	12
1	13
1	14
1	15
1	16
1	18
1	19
1	20
1	21
1	22
1	23
1	24
1	26
1	28
1	29
1	32
1	33
1	34
1	35
1	36
1	37
1	38
1	39
1	40
1	42
1	44
1	45
1	46
1	47
1	48
1	49
1	50
1	51
1	52
1	53
1	54
1	55
1	56
1	57
1	58
1	60
1	61
1	62
1	63
1	67
1	68
1	70
1	71
1	75
1	76
1	77
1	80
1	81
1	82
1	85
1	86
1	90
1	92
1	93
1	94
1	97
1	98
1	99
1	101
1	102
1	103
1	106
1	107
1	108
1	110
1	111
1	112
1	113
1	114
1	115
1	116
1	118
1	120
1	121
1	123
1	124
1	127
1	128
1	131
1	132
1	133
1	135
1	136
1	138
1	139
1	140
2	4
2	5
2	6
2	9
2	11
2	12
2	13
2	14
2	15
2	17
2	19
2	20
2	21
2	22
2	23
2	24
2	26
2	27
2	29
2	31
2	32
2	34
2	38
2	39
2	42
2	43
2	44
2	47
2	48
2	49
2	50
2	51
2	52
2	54
2	56
2	57
2	58
2	59
2	61
2	62
2	64
2	65
2	67
2	68
2	69
2	72
2	75
2	76
2	77
2	78
2	79
2	81
2	82
2	83
2	84
2	88
2	89
2	90
2	92
2	93
2	94
2	95
2	102
2	103
2	104
2	105
2	107
2	108
2	109
2	111
2	112
2	116
2	118
2	120
2	121
2	124
2	125
2	126
2	127
2	128
2	129
2	130
2	132
2	133
2	134
2	135
2	137
2	138
2	140
2	142
3	1
3	2
3	3
3	5
3	6
3	7
3	8
3	9
3	13
3	15
3	16
3	17
3	22
3	24
3	25
3	26
3	28
3	31
3	32
3	33
3	34
3	36
3	38
3	40
3	41
3	42
3	44
3	45
3	48
3	49
3	50
3	51
3	52
3	53
3	54
3	55
3	59
3	60
3	61
3	62
3	64
3	65
3	67
3	69
3	73
3	74
3	75
3	76
3	78
3	79
3	80
3	81
3	82
3	83
3	84
3	86
3	87
3	90
3	92
3	94
3	100
3	101
3	102
3	103
3	105
3	106
3	108
3	109
3	111
3	112
3	115
3	116
3	117
3	120
3	121
3	123
3	124
3	127
3	129
3	130
3	131
3	132
3	134
3	135
3	136
3	138
3	139
3	142
4	2
4	3
4	5
4	6
4	8
4	9
4	10
4	11
4	13
4	15
4	16
4	17
4	19
4	20
4	21
4	24
4	25
4	26
4	27
4	28
4	29
4	30
4	31
4	34
4	35
4	36
4	37
4	39
4	41
4	42
4	43
4	44
4	50
4	53
4	54
4	55
4	57
4	58
4	59
4	61
4	64
4	67
4	68
4	70
4	72
4	73
4	74
4	76
4	77
4	78
4	80
4	82
4	83
4	84
4	85
4	87
4	88
4	89
4	91
4	92
4	93
4	96
4	97
4	99
4	101
4	104
4	108
4	109
4	111
4	112
4	113
4	114
4	116
4	118
4	119
4	120
4	121
4	122
4	123
4	124
4	125
4	126
4	128
4	130
4	131
4	132
4	133
4	135
4	136
4	137
4	138
4	139
4	140
4	142
5	1
5	4
5	6
5	8
5	14
5	15
5	16
5	21
5	22
5	23
5	25
5	26
5	28
5	29
5	30
5	32
5	35
5	36
5	37
5	40
5	41
5	42
5	45
5	46
5	47
5	51
5	52
5	56
5	57
5	58
5	62
5	64
5	65
5	66
5	67
5	68
5	70
5	73
5	75
5	76
5	78
5	80
5	81
5	82
5	87
5	88
5	89
5	90
5	91
5	93
5	95
5	99
5	100
5	104
5	108
5	109
5	110
5	113
5	114
5	117
5	118
5	119
5	123
5	124
5	125
5	128
5	129
5	131
5	134
5	136
5	139
5	140
5	141
6	1
6	2
6	5
6	6
6	7
6	8
6	9
6	11
6	12
6	13
6	14
6	15
6	16
6	18
6	21
6	22
6	23
6	25
6	27
6	28
6	32
6	33
6	34
6	37
6	38
6	39
6	40
6	43
6	46
6	48
6	51
6	52
6	53
6	54
6	55
6	57
6	58
6	59
6	62
6	63
6	65
6	66
6	67
6	68
6	70
6	72
6	74
6	77
6	78
6	79
6	80
6	82
6	84
6	85
6	86
6	87
6	89
6	90
6	91
6	92
6	94
6	96
6	97
6	101
6	102
6	103
6	105
6	106
6	108
6	110
6	111
6	112
6	113
6	115
6	118
6	119
6	120
6	121
6	122
6	123
6	126
6	127
6	129
6	132
6	134
6	136
6	137
6	141
7	1
7	3
7	4
7	5
7	6
7	10
7	12
7	14
7	15
7	16
7	18
7	22
7	24
7	26
7	29
7	30
7	31
7	32
7	36
7	39
7	41
7	43
7	45
7	47
7	51
7	52
7	53
7	54
7	56
7	57
7	58
7	60
7	63
7	66
7	67
7	68
7	69
7	71
7	72
7	73
7	74
7	75
7	78
7	80
7	81
7	83
7	85
7	87
7	88
7	89
7	90
7	91
7	92
7	93
7	94
7	95
7	97
7	99
7	100
7	103
7	104
7	105
7	107
7	110
7	111
7	115
7	116
7	117
7	120
7	121
7	122
7	123
7	129
7	130
7	131
7	132
7	133
7	134
7	137
7	138
7	139
7	140
7	141
8	1
8	2
8	3
8	4
8	6
8	7
8	8
8	10
8	12
8	13
8	14
8	15
8	16
8	17
8	18
8	21
8	24
8	25
8	26
8	27
8	28
8	29
8	31
8	32
8	33
8	34
8	36
8	37
8	39
8	40
8	42
8	43
8	44
8	45
8	46
8	47
8	48
8	52
8	54
8	55
8	57
8	58
8	59
8	60
8	61
8	62
8	66
8	68
8	72
8	74
8	75
8	76
8	77
8	78
8	79
8	80
8	83
8	87
8	88
8	91
8	92
8	93
8	94
8	95
8	96
8	97
8	98
8	99
8	102
8	103
8	104
8	105
8	106
8	107
8	108
8	110
8	111
8	113
8	114
8	115
8	116
8	117
8	119
8	120
8	121
8	123
8	124
8	126
8	128
8	129
8	130
8	135
8	137
8	139
8	140
8	142
9	1
9	2
9	3
9	4
9	5
9	9
9	10
9	11
9	12
9	16
9	17
9	18
9	19
9	21
9	22
9	24
9	25
9	26
9	27
9	28
9	33
9	36
9	37
9	38
9	39
9	41
9	44
9	45
9	46
9	49
9	51
9	54
9	55
9	56
9	61
9	62
9	63
9	64
9	65
9	66
9	67
9	68
9	70
9	72
9	75
9	76
9	79
9	80
9	83
9	84
9	85
9	87
9	88
9	89
9	91
9	93
9	95
9	96
9	98
9	99
9	100
9	101
9	102
9	104
9	105
9	108
9	109
9	111
9	115
9	117
9	118
9	122
9	124
9	125
9	126
9	132
9	137
9	138
9	139
9	140
9	142
10	3
10	4
10	5
10	6
10	7
10	8
10	9
10	10
10	11
10	12
10	13
10	14
10	17
10	18
10	19
10	20
10	22
10	25
10	26
10	27
10	28
10	29
10	30
10	31
10	32
10	33
10	34
10	39
10	40
10	41
10	43
10	44
10	45
10	46
10	49
10	50
10	52
10	54
10	55
10	57
10	58
10	60
10	62
10	63
10	64
10	66
10	67
10	70
10	73
10	74
10	77
10	78
10	80
10	81
10	85
10	86
10	87
10	91
10	92
10	95
10	96
10	99
10	100
10	101
10	102
10	106
10	107
10	108
10	109
10	110
10	111
10	113
10	114
10	115
10	116
10	117
10	119
10	121
10	122
10	123
10	125
10	126
10	127
10	128
10	130
10	133
10	135
10	138
10	139
10	140
11	1
11	2
11	4
11	5
11	6
11	8
11	9
11	11
11	12
11	13
11	14
11	15
11	17
11	18
11	19
11	20
11	21
11	23
11	26
11	27
11	28
11	29
11	30
11	31
11	33
11	35
11	36
11	37
11	38
11	39
11	40
11	41
11	42
11	43
11	46
11	47
11	49
11	51
11	52
11	53
11	55
11	61
11	63
11	64
11	65
11	67
11	72
11	73
11	74
11	75
11	76
11	82
11	83
11	84
11	88
11	90
11	92
11	93
11	94
11	96
11	97
11	98
11	100
11	101
11	104
11	106
11	109
11	110
11	111
11	112
11	114
11	119
11	120
11	121
11	123
11	124
11	126
11	127
11	128
11	130
11	131
11	132
11	135
11	136
11	137
11	139
11	140
11	141
12	1
12	2
12	4
12	5
12	6
12	7
12	10
12	11
12	12
12	14
12	16
12	17
12	18
12	19
12	20
12	21
12	22
12	24
12	25
12	26
12	27
12	31
12	34
12	35
12	36
12	37
12	39
12	40
12	41
12	42
12	43
12	44
12	45
12	48
12	50
12	52
12	53
12	54
12	57
12	58
12	59
12	63
12	64
12	65
12	66
12	68
12	69
12	70
12	71
12	73
12	74
12	75
12	77
12	78
12	80
12	81
12	82
12	83
12	84
12	85
12	86
12	87
12	88
12	89
12	90
12	91
12	93
12	94
12	95
12	96
12	98
12	100
12	104
12	105
12	107
12	109
12	110
12	112
12	113
12	115
12	118
12	121
12	125
12	126
12	127
12	129
12	131
12	132
12	133
12	134
12	136
12	137
12	138
12	141
13	1
13	2
13	4
13	5
13	7
13	8
13	10
13	11
13	12
13	13
13	14
13	15
13	16
13	17
13	20
13	21
13	22
13	23
13	25
13	27
13	28
13	29
13	31
13	33
13	34
13	35
13	37
13	39
13	41
13	42
13	44
13	46
13	49
13	50
13	52
13	54
13	58
13	59
13	61
13	63
13	64
13	65
13	66
13	67
13	68
13	71
13	74
13	75
13	76
13	77
13	79
13	80
13	85
13	86
13	87
13	89
13	90
13	91
13	94
13	95
13	97
13	99
13	100
13	103
13	104
13	107
13	109
13	110
13	111
13	112
13	113
13	114
13	115
13	116
13	117
13	118
13	119
13	120
13	121
13	122
13	123
13	125
13	128
13	129
13	131
13	132
13	133
13	135
13	136
13	138
13	139
13	140
13	142
14	1
14	2
14	3
14	4
14	5
14	6
14	8
14	9
14	10
14	11
14	14
14	15
14	16
14	17
14	19
14	22
14	23
14	27
14	28
14	29
14	30
14	32
14	33
14	35
14	38
14	43
14	44
14	46
14	47
14	49
14	50
14	55
14	56
14	59
14	61
14	62
14	63
14	64
14	65
14	66
14	67
14	68
14	70
14	71
14	73
14	74
14	76
14	79
14	81
14	82
14	85
14	87
14	88
14	90
14	92
14	93
14	96
14	99
14	100
14	103
14	105
14	107
14	110
14	113
14	116
14	117
14	118
14	119
14	120
14	123
14	125
14	126
14	127
14	128
14	129
14	131
14	132
14	133
14	134
14	135
14	137
14	139
14	142
15	1
15	2
15	4
15	5
15	9
15	10
15	11
15	12
15	13
15	14
15	17
15	18
15	20
15	28
15	30
15	32
15	36
15	38
15	39
15	40
15	41
15	45
15	46
15	50
15	51
15	52
15	54
15	58
15	59
15	60
15	61
15	62
15	63
15	64
15	65
15	66
15	67
15	68
15	70
15	71
15	72
15	73
15	74
15	76
15	78
15	79
15	80
15	81
15	83
15	84
15	86
15	87
15	88
15	93
15	94
15	95
15	96
15	97
15	98
15	99
15	100
15	101
15	102
15	103
15	104
15	105
15	108
15	109
15	111
15	113
15	114
15	115
15	117
15	118
15	120
15	122
15	123
15	126
15	128
15	129
15	131
15	132
15	133
15	135
15	137
15	139
15	142
16	1
16	2
16	3
16	9
16	12
16	14
16	15
16	16
16	20
16	21
16	24
16	26
16	28
16	30
16	32
16	36
16	39
16	45
16	46
16	47
16	48
16	50
16	52
16	53
16	54
16	55
16	57
16	58
16	59
16	60
16	61
16	62
16	63
16	67
16	68
16	70
16	71
16	73
16	74
16	75
16	76
16	77
16	78
16	79
16	80
16	81
16	82
16	86
16	87
16	89
16	90
16	91
16	92
16	96
16	97
16	98
16	100
16	101
16	102
16	103
16	104
16	105
16	107
16	109
16	110
16	112
16	113
16	115
16	116
16	118
16	120
16	121
16	122
16	123
16	125
16	126
16	127
16	129
16	130
16	134
16	138
16	139
16	140
16	142
17	2
17	3
17	4
17	5
17	8
17	9
17	10
17	15
17	18
17	19
17	20
17	22
17	23
17	24
17	25
17	27
17	31
17	34
17	35
17	37
17	38
17	39
17	43
17	44
17	45
17	48
17	49
17	50
17	51
17	52
17	54
17	55
17	56
17	57
17	58
17	60
17	61
17	62
17	63
17	65
17	66
17	67
17	69
17	73
17	75
17	77
17	78
17	79
17	80
17	82
17	84
17	89
17	91
17	92
17	93
17	97
17	101
17	102
17	103
17	105
17	106
17	108
17	109
17	110
17	111
17	112
17	113
17	115
17	116
17	119
17	122
17	125
17	126
17	128
17	129
17	130
17	131
17	132
17	133
17	136
17	137
17	138
18	1
18	2
18	3
18	4
18	6
18	7
18	8
18	9
18	10
18	12
18	13
18	14
18	15
18	16
18	18
18	19
18	21
18	23
18	24
18	25
18	26
18	27
18	28
18	34
18	36
18	41
18	42
18	43
18	44
18	48
18	50
18	51
18	53
18	54
18	55
18	56
18	57
18	59
18	60
18	61
18	62
18	63
18	64
18	65
18	69
18	72
18	74
18	75
18	76
18	77
18	80
18	81
18	82
18	85
18	86
18	87
18	89
18	91
18	92
18	93
18	94
18	97
18	98
18	99
18	102
18	103
18	104
18	107
18	108
18	112
18	113
18	114
18	115
18	117
18	119
18	121
18	124
18	125
18	128
18	130
18	132
18	133
18	136
18	137
18	138
18	140
18	141
18	142
19	2
19	4
19	6
19	7
19	9
19	11
19	12
19	13
19	14
19	15
19	16
19	17
19	18
19	21
19	23
19	24
19	25
19	26
19	27
19	29
19	31
19	34
19	35
19	36
19	37
19	39
19	41
19	42
19	43
19	44
19	45
19	47
19	48
19	49
19	50
19	52
19	55
19	57
19	59
19	60
19	62
19	63
19	65
19	66
19	71
19	73
19	77
19	84
19	85
19	86
19	87
19	88
19	89
19	90
19	94
19	96
19	97
19	98
19	100
19	105
19	106
19	108
19	109
19	110
19	111
19	112
19	113
19	114
19	117
19	119
19	122
19	123
19	125
19	131
19	133
19	135
19	137
19	140
19	142
20	1
20	2
20	3
20	4
20	6
20	7
20	8
20	10
20	11
20	12
20	13
20	15
20	19
20	20
20	21
20	22
20	23
20	24
20	26
20	27
20	28
20	29
20	30
20	31
20	33
20	40
20	41
20	42
20	46
20	47
20	48
20	49
20	51
20	52
20	53
20	54
20	56
20	57
20	59
20	60
20	61
20	64
20	67
20	70
20	72
20	73
20	74
20	75
20	77
20	78
20	80
20	82
20	83
20	84
20	85
20	86
20	88
20	90
20	91
20	92
20	94
20	96
20	97
20	98
20	99
20	100
20	101
20	102
20	103
20	104
20	105
20	106
20	108
20	109
20	110
20	112
20	113
20	116
20	117
20	118
20	119
20	120
20	121
20	122
20	123
20	124
20	126
20	127
20	128
20	129
20	132
20	134
20	135
20	136
20	137
20	139
20	140
20	141
20	142
21	1
21	2
21	3
21	5
21	6
21	7
21	8
21	11
21	12
21	13
21	15
21	16
21	19
21	20
21	23
21	24
21	25
21	26
21	27
21	33
21	34
21	38
21	39
21	40
21	42
21	43
21	45
21	47
21	48
21	49
21	50
21	55
21	56
21	57
21	58
21	60
21	61
21	62
21	64
21	65
21	66
21	68
21	71
21	72
21	75
21	76
21	79
21	80
21	81
21	82
21	83
21	84
21	85
21	87
21	95
21	97
21	99
21	100
21	102
21	103
21	105
21	106
21	111
21	112
21	113
21	114
21	115
21	116
21	117
21	118
21	119
21	120
21	121
21	123
21	125
21	126
21	127
21	128
21	130
21	133
21	135
21	136
21	137
21	138
21	139
21	140
21	141
22	1
22	2
22	4
22	5
22	6
22	7
22	8
22	9
22	10
22	12
22	13
22	16
22	17
22	19
22	20
22	22
22	24
22	29
22	30
22	33
22	34
22	35
22	36
22	38
22	40
22	43
22	48
22	49
22	50
22	52
22	53
22	56
22	58
22	59
22	60
22	61
22	63
22	64
22	65
22	66
22	68
22	71
22	73
22	74
22	77
22	78
22	80
22	81
22	82
22	85
22	86
22	87
22	89
22	90
22	91
22	93
22	94
22	95
22	97
22	98
22	99
22	101
22	102
22	103
22	104
22	105
22	106
22	107
22	108
22	109
22	110
22	111
22	112
22	113
22	114
22	116
22	119
22	122
22	123
22	124
22	125
22	126
22	127
22	130
22	131
22	133
22	134
22	136
22	138
22	142
23	1
23	2
23	3
23	5
23	6
23	7
23	8
23	9
23	10
23	11
23	12
23	14
23	15
23	16
23	17
23	18
23	19
23	20
23	21
23	22
23	23
23	24
23	25
23	27
23	28
23	29
23	30
23	32
23	33
23	34
23	35
23	37
23	38
23	39
23	41
23	42
23	43
23	46
23	49
23	52
23	53
23	54
23	55
23	57
23	59
23	60
23	61
23	62
23	63
23	66
23	67
23	68
23	69
23	70
23	71
23	72
23	73
23	74
23	76
23	77
23	78
23	79
23	80
23	83
23	87
23	89
23	91
23	92
23	93
23	94
23	95
23	97
23	98
23	100
23	102
23	105
23	106
23	107
23	108
23	109
23	110
23	112
23	114
23	115
23	117
23	119
23	120
23	121
23	123
23	125
23	129
23	130
23	131
23	132
23	133
23	135
23	136
23	137
23	138
23	139
23	140
23	141
24	1
24	3
24	5
24	6
24	9
24	10
24	11
24	12
24	13
24	14
24	16
24	18
24	19
24	20
24	23
24	25
24	26
24	27
24	29
24	30
24	31
24	32
24	33
24	35
24	37
24	39
24	40
24	42
24	43
24	44
24	45
24	52
24	53
24	54
24	55
24	56
24	57
24	58
24	60
24	61
24	62
24	63
24	64
24	65
24	66
24	67
24	68
24	69
24	70
24	72
24	74
24	75
24	76
24	78
24	80
24	81
24	82
24	85
24	89
24	90
24	91
24	92
24	97
24	98
24	99
24	100
24	101
24	102
24	104
24	105
24	108
24	109
24	111
24	114
24	115
24	118
24	121
24	125
24	127
24	128
24	129
24	131
24	132
24	137
24	139
24	142
25	2
25	4
25	5
25	6
25	7
25	8
25	10
25	11
25	12
25	13
25	15
25	16
25	17
25	21
25	22
25	23
25	25
25	26
25	27
25	29
25	30
25	31
25	34
25	35
25	39
25	40
25	41
25	42
25	43
25	44
25	45
25	47
25	49
25	53
25	54
25	56
25	58
25	59
25	61
25	62
25	64
25	65
25	66
25	67
25	69
25	70
25	72
25	73
25	75
25	76
25	79
25	80
25	82
25	83
25	84
25	85
25	88
25	89
25	90
25	92
25	94
25	95
25	96
25	97
25	98
25	99
25	101
25	102
25	103
25	104
25	105
25	107
25	108
25	110
25	111
25	112
25	113
25	115
25	118
25	119
25	120
25	121
25	123
25	124
25	125
25	126
25	127
25	129
25	133
25	134
25	135
25	138
25	140
25	141
25	142
26	2
26	5
26	6
26	7
26	8
26	9
26	10
26	11
26	12
26	13
26	15
26	17
26	18
26	20
26	21
26	22
26	25
26	27
26	29
26	30
26	31
26	32
26	35
26	36
26	37
26	38
26	39
26	40
26	41
26	42
26	43
26	44
26	45
26	46
26	47
26	49
26	51
26	52
26	53
26	54
26	55
26	57
26	58
26	60
26	61
26	62
26	63
26	66
26	69
26	70
26	71
26	72
26	73
26	74
26	77
26	81
26	82
26	85
26	87
26	88
26	92
26	94
26	95
26	96
26	97
26	98
26	100
26	101
26	102
26	103
26	105
26	106
26	108
26	109
26	110
26	111
26	113
26	114
26	115
26	116
26	117
26	120
26	121
26	122
26	123
26	124
26	126
26	128
26	129
26	130
26	132
26	134
26	135
26	137
26	139
26	140
26	141
26	142
27	1
27	3
27	4
27	5
27	6
27	7
27	8
27	9
27	10
27	11
27	13
27	14
27	15
27	18
27	21
27	22
27	25
27	26
27	29
27	35
27	36
27	37
27	38
27	40
27	42
27	43
27	45
27	47
27	49
27	50
27	51
27	52
27	53
27	60
27	61
27	62
27	63
27	64
27	65
27	66
27	67
27	68
27	69
27	70
27	71
27	73
27	74
27	75
27	76
27	77
27	78
27	79
27	80
27	81
27	84
27	86
27	87
27	88
27	89
27	93
27	94
27	95
27	96
27	97
27	98
27	99
27	103
27	104
27	107
27	108
27	109
27	110
27	111
27	112
27	113
27	115
27	116
27	117
27	118
27	119
27	120
27	121
27	122
27	127
27	128
27	130
27	132
27	133
27	134
27	136
27	137
27	140
27	141
28	1
28	2
28	4
28	5
28	6
28	7
28	11
28	14
28	15
28	16
28	18
28	20
28	23
28	24
28	25
28	26
28	27
28	30
28	31
28	32
28	33
28	34
28	36
28	37
28	38
28	39
28	40
28	43
28	44
28	45
28	46
28	48
28	49
28	50
28	52
28	53
28	54
28	55
28	57
28	60
28	61
28	62
28	63
28	64
28	65
28	66
28	67
28	68
28	69
28	70
28	71
28	72
28	73
28	75
28	76
28	81
28	83
28	85
28	86
28	88
28	89
28	90
28	91
28	92
28	93
28	94
28	97
28	100
28	103
28	104
28	105
28	106
28	107
28	109
28	110
28	111
28	112
28	113
28	115
28	116
28	117
28	120
28	121
28	122
28	124
28	125
28	126
28	127
28	128
28	131
28	132
28	133
28	134
28	135
28	136
28	137
28	138
28	139
28	142
29	4
29	5
29	7
29	9
29	10
29	12
29	13
29	14
29	15
29	16
29	19
29	20
29	21
29	22
29	23
29	24
29	25
29	26
29	27
29	29
29	32
29	35
29	37
29	38
29	41
29	42
29	44
29	45
29	47
29	48
29	49
29	51
29	52
29	54
29	56
29	57
29	58
29	61
29	62
29	63
29	64
29	67
29	69
29	70
29	71
29	72
29	74
29	76
29	77
29	79
29	80
29	83
29	85
29	86
29	88
29	92
29	95
29	98
29	99
29	102
29	104
29	105
29	106
29	107
29	110
29	111
29	112
29	114
29	117
29	119
29	121
29	123
29	124
29	125
29	126
29	128
29	129
29	130
29	131
29	132
29	134
29	136
29	137
29	139
29	140
29	142
30	2
30	3
30	4
30	7
30	8
30	9
30	10
30	13
30	15
30	16
30	17
30	18
30	19
30	20
30	21
30	22
30	23
30	24
30	25
30	26
30	29
30	30
30	32
30	33
30	35
30	36
30	37
30	38
30	39
30	40
30	41
30	42
30	43
30	44
30	46
30	47
30	48
30	52
30	53
30	55
30	57
30	59
30	60
30	61
30	62
30	63
30	64
30	65
30	66
30	67
30	68
30	69
30	70
30	72
30	73
30	74
30	75
30	76
30	79
30	81
30	82
30	83
30	84
30	85
30	86
30	87
30	88
30	89
30	90
30	92
30	95
30	96
30	97
30	98
30	99
30	100
30	103
30	105
30	107
30	109
30	111
30	112
30	114
30	116
30	118
30	119
30	124
30	126
30	127
30	129
30	130
30	131
30	132
30	133
30	134
30	135
30	137
30	138
30	139
30	140
30	142
31	1
31	3
31	4
31	6
31	8
31	9
31	10
31	11
31	13
31	14
31	15
31	18
31	21
31	23
31	24
31	25
31	28
31	29
31	30
31	32
31	33
31	34
31	36
31	38
31	39
31	43
31	44
31	48
31	50
31	52
31	53
31	54
31	57
31	58
31	59
31	61
31	62
31	63
31	64
31	65
31	66
31	67
31	68
31	69
31	70
31	71
31	72
31	73
31	75
31	76
31	77
31	81
31	82
31	84
31	85
31	86
31	88
31	91
31	93
31	94
31	97
31	98
31	100
31	102
31	104
31	110
31	111
31	112
31	113
31	114
31	115
31	117
31	119
31	120
31	123
31	124
31	125
31	128
31	129
31	131
31	132
31	133
31	134
31	135
31	136
31	140
31	141
31	142
32	4
32	5
32	6
32	7
32	9
32	11
32	12
32	13
32	17
32	18
32	19
32	21
32	26
32	27
32	28
32	31
32	33
32	35
32	36
32	37
32	38
32	40
32	41
32	42
32	44
32	49
32	50
32	51
32	55
32	57
32	58
32	59
32	60
32	62
32	64
32	67
32	68
32	69
32	70
32	71
32	72
32	73
32	74
32	75
32	77
32	78
32	79
32	80
32	81
32	82
32	83
32	86
32	87
32	88
32	89
32	91
32	93
32	96
32	99
32	100
32	102
32	103
32	104
32	105
32	106
32	109
32	112
32	114
32	115
32	116
32	117
32	119
32	120
32	124
32	125
32	126
32	127
32	128
32	129
32	130
32	131
32	132
32	133
32	134
32	135
32	136
32	137
32	138
32	140
33	1
33	2
33	3
33	6
33	7
33	9
33	10
33	11
33	15
33	16
33	17
33	18
33	23
33	25
33	26
33	27
33	29
33	30
33	32
33	33
33	34
33	35
33	37
33	38
33	39
33	40
33	41
33	42
33	43
33	44
33	45
33	47
33	50
33	51
33	52
33	58
33	59
33	60
33	61
33	62
33	63
33	65
33	66
33	67
33	68
33	69
33	70
33	72
33	73
33	74
33	76
33	77
33	78
33	80
33	81
33	82
33	83
33	85
33	88
33	91
33	92
33	93
33	94
33	96
33	98
33	99
33	100
33	101
33	102
33	103
33	107
33	109
33	110
33	111
33	112
33	113
33	114
33	115
33	117
33	118
33	119
33	120
33	127
33	129
33	130
33	131
33	132
33	133
33	134
33	136
33	137
33	139
33	141
33	142
34	1
34	2
34	4
34	6
34	9
34	11
34	12
34	13
34	14
34	15
34	16
34	18
34	23
34	24
34	27
34	36
34	37
34	38
34	39
34	40
34	42
34	45
34	48
34	49
34	50
34	51
34	52
34	53
34	55
34	57
34	59
34	60
34	61
34	63
34	65
34	66
34	71
34	73
34	74
34	75
34	76
34	77
34	78
34	79
34	82
34	83
34	84
34	85
34	86
34	88
34	89
34	90
34	91
34	92
34	94
34	95
34	96
34	98
34	99
34	100
34	102
34	104
34	105
34	107
34	110
34	111
34	112
34	115
34	117
34	119
34	120
34	121
34	123
34	124
34	126
34	127
34	128
34	129
34	134
34	135
34	136
34	137
34	139
34	140
34	141
34	142
35	1
35	6
35	7
35	8
35	9
35	10
35	11
35	13
35	14
35	16
35	17
35	18
35	19
35	20
35	22
35	23
35	24
35	25
35	26
35	27
35	32
35	33
35	36
35	40
35	41
35	43
35	45
35	46
35	47
35	49
35	51
35	52
35	54
35	56
35	57
35	61
35	63
35	64
35	65
35	66
35	67
35	68
35	69
35	70
35	73
35	76
35	78
35	79
35	83
35	84
35	85
35	86
35	88
35	89
35	90
35	94
35	96
35	97
35	99
35	101
35	102
35	103
35	105
35	106
35	107
35	109
35	110
35	111
35	113
35	114
35	115
35	116
35	117
35	118
35	119
35	121
35	123
35	127
35	128
35	129
35	130
35	131
35	134
35	136
35	138
35	139
35	140
35	142
36	1
36	2
36	4
36	5
36	6
36	9
36	11
36	12
36	13
36	14
36	15
36	18
36	23
36	24
36	25
36	26
36	27
36	28
36	31
36	32
36	33
36	34
36	36
36	37
36	38
36	39
36	40
36	41
36	42
36	43
36	45
36	46
36	47
36	49
36	56
36	58
36	60
36	61
36	64
36	65
36	66
36	69
36	70
36	73
36	74
36	77
36	78
36	79
36	80
36	81
36	82
36	83
36	85
36	86
36	87
36	88
36	89
36	90
36	91
36	92
36	94
36	95
36	96
36	97
36	100
36	101
36	102
36	104
36	106
36	107
36	108
36	109
36	110
36	111
36	112
36	113
36	114
36	115
36	116
36	117
36	118
36	120
36	122
36	126
36	129
36	130
36	131
36	132
36	136
36	137
36	138
36	139
36	141
36	142
37	1
37	2
37	4
37	6
37	8
37	9
37	12
37	13
37	14
37	15
37	18
37	21
37	23
37	24
37	25
37	26
37	27
37	29
37	32
37	33
37	34
37	35
37	37
37	41
37	42
37	43
37	46
37	48
37	51
37	52
37	53
37	54
37	55
37	56
37	57
37	59
37	60
37	62
37	63
37	64
37	68
37	69
37	70
37	71
37	72
37	73
37	74
37	75
37	77
37	78
37	79
37	82
37	85
37	88
37	89
37	90
37	92
37	94
37	95
37	97
37	99
37	100
37	103
37	104
37	105
37	107
37	109
37	110
37	111
37	112
37	113
37	114
37	115
37	116
37	118
37	119
37	121
37	122
37	123
37	124
37	126
37	128
37	132
37	133
37	134
37	136
37	137
37	138
37	139
37	140
37	142
38	1
38	2
38	3
38	4
38	8
38	10
38	11
38	13
38	14
38	15
38	16
38	17
38	18
38	19
38	20
38	24
38	27
38	29
38	33
38	34
38	35
38	37
38	38
38	39
38	40
38	41
38	42
38	44
38	47
38	48
38	49
38	50
38	52
38	54
38	55
38	57
38	59
38	60
38	61
38	62
38	63
38	69
38	70
38	71
38	72
38	73
38	74
38	76
38	78
38	80
38	81
38	82
38	83
38	86
38	87
38	90
38	91
38	94
38	95
38	98
38	101
38	103
38	105
38	106
38	107
38	111
38	113
38	114
38	115
38	116
38	119
38	121
38	122
38	123
38	125
38	127
38	128
38	131
38	132
38	133
38	134
38	136
38	137
38	138
38	139
38	140
38	142
39	1
39	5
39	7
39	8
39	10
39	13
39	14
39	15
39	18
39	20
39	21
39	22
39	25
39	26
39	28
39	29
39	34
39	36
39	37
39	39
39	40
39	43
39	44
39	45
39	46
39	48
39	51
39	53
39	55
39	58
39	59
39	60
39	61
39	65
39	66
39	68
39	69
39	71
39	75
39	76
39	77
39	78
39	79
39	81
39	82
39	83
39	89
39	90
39	93
39	94
39	95
39	96
39	98
39	100
39	104
39	105
39	109
39	110
39	112
39	113
39	114
39	115
39	116
39	119
39	121
39	122
39	125
39	127
39	130
39	133
39	134
39	135
39	139
39	140
39	142
40	1
40	3
40	7
40	9
40	11
40	12
40	13
40	14
40	15
40	16
40	17
40	18
40	20
40	21
40	26
40	29
40	30
40	33
40	34
40	36
40	37
40	39
40	40
40	41
40	42
40	44
40	45
40	47
40	49
40	50
40	51
40	52
40	54
40	55
40	57
40	58
40	59
40	62
40	63
40	64
40	68
40	69
40	70
40	71
40	72
40	73
40	74
40	76
40	77
40	78
40	80
40	82
40	84
40	85
40	86
40	87
40	88
40	92
40	96
40	100
40	101
40	102
40	104
40	106
40	107
40	108
40	110
40	111
40	112
40	114
40	115
40	116
40	117
40	118
40	120
40	121
40	124
40	125
40	126
40	127
40	129
40	131
40	134
40	135
40	136
40	140
40	141
41	2
41	3
41	4
41	8
41	11
41	12
41	13
41	14
41	16
41	17
41	19
41	21
41	22
41	24
41	26
41	28
41	29
41	30
41	32
41	33
41	35
41	36
41	37
41	38
41	39
41	40
41	43
41	46
41	50
41	51
41	55
41	58
41	60
41	61
41	62
41	64
41	65
41	66
41	69
41	70
41	71
41	74
41	75
41	76
41	77
41	78
41	80
41	83
41	84
41	85
41	86
41	88
41	89
41	90
41	91
41	93
41	94
41	97
41	98
41	99
41	100
41	101
41	103
41	104
41	106
41	108
41	109
41	110
41	112
41	114
41	115
41	116
41	117
41	118
41	120
41	121
41	123
41	126
41	128
41	129
41	131
41	134
41	135
41	136
41	137
41	138
41	139
41	140
41	141
41	142
42	1
42	2
42	4
42	5
42	6
42	8
42	9
42	12
42	13
42	14
42	15
42	16
42	17
42	18
42	22
42	23
42	24
42	25
42	26
42	27
42	30
42	31
42	32
42	33
42	34
42	35
42	36
42	37
42	41
42	43
42	45
42	47
42	48
42	53
42	54
42	55
42	57
42	59
42	62
42	64
42	65
42	67
42	68
42	70
42	71
42	72
42	74
42	77
42	79
42	80
42	85
42	87
42	89
42	90
42	92
42	96
42	97
42	98
42	100
42	101
42	103
42	104
42	105
42	106
42	108
42	109
42	110
42	112
42	115
42	116
42	117
42	118
42	119
42	120
42	121
42	123
42	126
42	127
42	128
42	129
42	130
42	133
42	134
42	135
42	140
42	141
42	142
43	2
43	4
43	5
43	6
43	7
43	8
43	10
43	11
43	12
43	13
43	14
43	16
43	17
43	20
43	21
43	23
43	24
43	25
43	28
43	29
43	32
43	33
43	34
43	38
43	40
43	42
43	44
43	45
43	47
43	48
43	49
43	52
43	53
43	56
43	58
43	59
43	61
43	63
43	64
43	65
43	66
43	68
43	72
43	74
43	75
43	76
43	77
43	78
43	80
43	83
43	84
43	85
43	86
43	87
43	92
43	93
43	94
43	96
43	97
43	101
43	102
43	103
43	104
43	106
43	108
43	109
43	110
43	111
43	112
43	114
43	115
43	117
43	119
43	121
43	124
43	126
43	129
43	131
43	132
43	134
43	135
43	136
43	138
43	139
43	142
44	2
44	3
44	4
44	5
44	9
44	10
44	11
44	12
44	13
44	14
44	16
44	17
44	18
44	20
44	21
44	22
44	23
44	25
44	27
44	29
44	30
44	31
44	32
44	35
44	36
44	38
44	40
44	42
44	43
44	44
44	46
44	47
44	49
44	50
44	51
44	52
44	53
44	54
44	55
44	56
44	57
44	58
44	59
44	60
44	61
44	65
44	66
44	70
44	71
44	72
44	74
44	75
44	77
44	80
44	81
44	82
44	83
44	84
44	86
44	88
44	89
44	90
44	91
44	92
44	93
44	94
44	95
44	96
44	97
44	98
44	99
44	100
44	101
44	103
44	104
44	106
44	107
44	108
44	110
44	111
44	112
44	113
44	114
44	115
44	116
44	117
44	118
44	121
44	125
44	126
44	127
44	128
44	135
44	136
44	138
44	139
44	140
45	4
45	5
45	6
45	9
45	10
45	11
45	13
45	17
45	18
45	19
45	20
45	21
45	22
45	24
45	25
45	26
45	27
45	30
45	31
45	32
45	34
45	36
45	37
45	38
45	39
45	40
45	41
45	42
45	45
45	46
45	49
45	51
45	53
45	54
45	56
45	57
45	58
45	59
45	60
45	62
45	63
45	64
45	67
45	69
45	70
45	71
45	77
45	78
45	80
45	83
45	85
45	86
45	89
45	90
45	91
45	94
45	96
45	97
45	99
45	100
45	101
45	102
45	104
45	105
45	108
45	110
45	111
45	116
45	117
45	118
45	119
45	122
45	123
45	125
45	127
45	128
45	130
45	131
45	134
45	135
45	136
45	137
45	142
46	1
46	2
46	5
46	6
46	8
46	10
46	12
46	13
46	14
46	15
46	16
46	18
46	19
46	20
46	22
46	25
46	26
46	27
46	29
46	30
46	31
46	32
46	33
46	34
46	36
46	38
46	41
46	42
46	44
46	45
46	46
46	47
46	49
46	52
46	54
46	55
46	56
46	58
46	62
46	63
46	64
46	65
46	66
46	67
46	68
46	71
46	74
46	76
46	77
46	78
46	79
46	80
46	81
46	82
46	83
46	84
46	85
46	86
46	87
46	88
46	89
46	91
46	92
46	94
46	96
46	98
46	99
46	102
46	103
46	105
46	108
46	109
46	110
46	111
46	112
46	114
46	115
46	116
46	117
46	118
46	121
46	122
46	125
46	128
46	129
46	130
46	131
46	132
46	133
46	134
46	136
46	137
46	138
46	140
46	141
46	142
47	1
47	2
47	3
47	7
47	9
47	13
47	14
47	15
47	16
47	18
47	20
47	21
47	22
47	23
47	24
47	25
47	27
47	28
47	29
47	31
47	32
47	33
47	34
47	35
47	36
47	37
47	39
47	40
47	41
47	42
47	43
47	45
47	46
47	48
47	49
47	52
47	54
47	55
47	57
47	60
47	63
47	65
47	66
47	67
47	70
47	71
47	73
47	74
47	76
47	77
47	78
47	79
47	80
47	81
47	83
47	84
47	88
47	89
47	91
47	95
47	96
47	97
47	98
47	99
47	100
47	103
47	104
47	105
47	106
47	107
47	108
47	109
47	111
47	112
47	113
47	114
47	117
47	119
47	120
47	121
47	122
47	125
47	126
47	127
47	128
47	130
47	132
47	133
47	134
47	136
47	137
47	138
47	140
47	142
48	1
48	3
48	4
48	6
48	8
48	10
48	11
48	14
48	15
48	16
48	18
48	19
48	20
48	21
48	22
48	23
48	25
48	27
48	29
48	30
48	32
48	33
48	34
48	35
48	38
48	39
48	40
48	41
48	43
48	45
48	46
48	50
48	51
48	53
48	55
48	57
48	59
48	60
48	61
48	62
48	63
48	64
48	65
48	66
48	67
48	68
48	69
48	70
48	73
48	74
48	75
48	76
48	78
48	79
48	80
48	83
48	84
48	85
48	86
48	87
48	88
48	90
48	91
48	92
48	93
48	95
48	100
48	101
48	102
48	103
48	104
48	105
48	106
48	107
48	109
48	110
48	111
48	112
48	113
48	116
48	117
48	119
48	121
48	122
48	123
48	125
48	126
48	127
48	128
48	129
48	132
48	134
48	135
48	136
48	137
48	138
48	141
48	142
49	1
49	2
49	4
49	5
49	6
49	7
49	8
49	11
49	12
49	13
49	15
49	16
49	17
49	19
49	20
49	21
49	25
49	26
49	28
49	29
49	30
49	35
49	36
49	37
49	39
49	44
49	45
49	46
49	47
49	49
49	50
49	53
49	55
49	56
49	57
49	59
49	60
49	61
49	62
49	64
49	66
49	68
49	69
49	70
49	71
49	72
49	73
49	74
49	76
49	78
49	79
49	80
49	82
49	83
49	84
49	86
49	87
49	91
49	92
49	94
49	96
49	97
49	98
49	100
49	101
49	105
49	106
49	107
49	110
49	113
49	114
49	115
49	117
49	119
49	120
49	121
49	122
49	124
49	129
49	130
49	131
49	133
49	134
49	136
49	137
49	139
49	141
49	142
50	1
50	6
50	7
50	8
50	11
50	13
50	15
50	21
50	24
50	25
50	26
50	27
50	28
50	29
50	31
50	32
50	34
50	38
50	39
50	40
50	41
50	42
50	44
50	45
50	47
50	50
50	51
50	55
50	56
50	61
50	63
50	64
50	65
50	66
50	67
50	68
50	74
50	80
50	81
50	82
50	86
50	87
50	88
50	89
50	90
50	91
50	92
50	93
50	94
50	96
50	97
50	98
50	99
50	101
50	103
50	104
50	105
50	106
50	108
50	109
50	110
50	112
50	115
50	116
50	117
50	119
50	121
50	122
50	123
50	125
50	126
50	128
50	129
50	133
50	134
50	138
50	140
50	141
50	142
51	7
51	9
51	10
51	11
51	13
51	14
51	15
51	18
51	23
51	24
51	26
51	28
51	29
51	33
51	34
51	35
51	36
51	37
51	39
51	42
51	43
51	44
51	46
51	47
51	48
51	49
51	51
51	53
51	54
51	59
51	61
51	62
51	63
51	64
51	65
51	66
51	67
51	68
51	69
51	74
51	80
51	81
51	82
51	83
51	85
51	88
51	89
51	90
51	92
51	93
51	95
51	96
51	100
51	101
51	102
51	103
51	104
51	105
51	106
51	107
51	109
51	110
51	111
51	112
51	113
51	114
51	117
51	119
51	120
51	124
51	125
51	128
51	129
51	131
51	132
51	133
51	134
51	135
51	137
51	139
51	141
52	2
52	4
52	5
52	6
52	7
52	9
52	11
52	13
52	14
52	15
52	17
52	18
52	19
52	20
52	24
52	27
52	30
52	31
52	33
52	35
52	36
52	42
52	46
52	49
52	53
52	54
52	55
52	56
52	57
52	59
52	60
52	61
52	62
52	63
52	64
52	68
52	71
52	72
52	74
52	76
52	78
52	80
52	81
52	82
52	84
52	85
52	87
52	88
52	89
52	92
52	93
52	96
52	97
52	98
52	99
52	100
52	102
52	103
52	104
52	106
52	108
52	110
52	112
52	114
52	115
52	116
52	119
52	124
52	125
52	126
52	128
52	129
52	130
52	132
52	133
52	135
52	136
52	138
52	142
53	1
53	2
53	3
53	4
53	6
53	7
53	8
53	10
53	11
53	17
53	20
53	21
53	22
53	23
53	25
53	26
53	27
53	28
53	29
53	31
53	33
53	34
53	36
53	43
53	46
53	48
53	49
53	50
53	51
53	53
53	69
53	70
53	71
53	72
53	73
53	74
53	75
53	76
53	77
53	79
53	80
53	82
53	83
53	86
53	87
53	88
53	90
53	91
53	92
53	93
53	94
53	95
53	97
53	99
53	100
53	101
53	103
53	104
53	106
53	108
53	109
53	111
53	112
53	113
53	115
53	116
53	118
53	119
53	123
53	124
53	125
53	126
53	127
53	128
53	130
53	136
53	137
53	138
53	139
53	140
53	142
54	1
54	2
54	3
54	4
54	7
54	9
54	10
54	11
54	13
54	15
54	16
54	18
54	20
54	23
54	24
54	25
54	26
54	31
54	32
54	33
54	34
54	35
54	36
54	38
54	39
54	41
54	42
54	44
54	45
54	47
54	48
54	49
54	50
54	51
54	52
54	53
54	54
54	55
54	56
54	60
54	61
54	62
54	63
54	64
54	66
54	67
54	68
54	71
54	72
54	75
54	76
54	78
54	80
54	82
54	83
54	84
54	85
54	88
54	90
54	93
54	94
54	95
54	96
54	97
54	98
54	99
54	100
54	101
54	103
54	104
54	105
54	106
54	107
54	108
54	109
54	111
54	114
54	118
54	120
54	122
54	123
54	125
54	126
54	132
54	134
54	135
54	136
54	138
54	139
54	140
55	2
55	3
55	4
55	5
55	6
55	8
55	9
55	10
55	11
55	12
55	14
55	17
55	18
55	19
55	20
55	24
55	25
55	26
55	30
55	31
55	32
55	34
55	36
55	37
55	39
55	40
55	43
55	44
55	46
55	47
55	48
55	49
55	50
55	51
55	53
55	55
55	56
55	58
55	59
55	60
55	66
55	67
55	69
55	71
55	72
55	73
55	74
55	76
55	77
55	78
55	79
55	83
55	84
55	86
55	88
55	89
55	91
55	92
55	93
55	94
55	96
55	97
55	98
55	99
55	100
55	102
55	104
55	107
55	108
55	109
55	111
55	113
55	115
55	116
55	118
55	121
55	122
55	127
55	128
55	129
55	131
55	132
55	134
55	135
55	137
55	138
55	139
55	140
55	141
55	142
56	1
56	2
56	3
56	5
56	6
56	8
56	9
56	10
56	11
56	13
56	15
56	16
56	18
56	19
56	20
56	22
56	23
56	24
56	25
56	26
56	27
56	28
56	30
56	31
56	33
56	36
56	41
56	43
56	47
56	48
56	50
56	52
56	53
56	54
56	55
56	56
56	57
56	58
56	59
56	60
56	61
56	64
56	65
56	67
56	70
56	71
56	72
56	73
56	74
56	79
56	80
56	81
56	82
56	83
56	86
56	89
56	90
56	91
56	94
56	97
56	98
56	99
56	100
56	103
56	104
56	105
56	106
56	107
56	108
56	109
56	110
56	111
56	113
56	114
56	115
56	118
56	119
56	120
56	122
56	123
56	126
56	127
56	131
56	134
56	135
56	138
56	141
56	142
57	2
57	3
57	4
57	6
57	7
57	8
57	9
57	10
57	11
57	12
57	13
57	14
57	16
57	17
57	18
57	19
57	21
57	22
57	23
57	25
57	26
57	28
57	30
57	31
57	33
57	34
57	37
57	39
57	40
57	43
57	45
57	47
57	48
57	49
57	50
57	51
57	53
57	54
57	56
57	57
57	61
57	63
57	64
57	66
57	67
57	71
57	73
57	74
57	75
57	76
57	77
57	78
57	79
57	80
57	82
57	83
57	84
57	85
57	86
57	89
57	90
57	92
57	93
57	96
57	97
57	99
57	100
57	101
57	104
57	105
57	106
57	109
57	110
57	112
57	115
57	116
57	117
57	118
57	119
57	120
57	121
57	122
57	123
57	125
57	126
57	127
57	128
57	129
57	130
57	131
57	132
57	133
57	134
57	135
57	136
57	137
57	138
57	142
58	3
58	6
58	7
58	8
58	9
58	11
58	13
58	14
58	16
58	17
58	19
58	20
58	24
58	26
58	27
58	29
58	30
58	31
58	33
58	34
58	36
58	37
58	38
58	40
58	41
58	45
58	47
58	49
58	50
58	51
58	52
58	54
58	56
58	57
58	58
58	60
58	61
58	62
58	63
58	68
58	72
58	73
58	75
58	77
58	78
58	80
58	81
58	82
58	84
58	86
58	89
58	90
58	91
58	93
58	96
58	98
58	100
58	101
58	102
58	103
58	107
58	110
58	114
58	115
58	116
58	117
58	118
58	119
58	121
58	122
58	123
58	125
58	126
58	127
58	128
58	129
58	130
58	132
58	133
58	134
58	135
58	136
58	137
58	138
58	139
58	141
58	142
59	1
59	3
59	4
59	5
59	7
59	8
59	9
59	11
59	13
59	14
59	16
59	17
59	19
59	22
59	23
59	24
59	27
59	28
59	29
59	30
59	32
59	33
59	35
59	36
59	37
59	38
59	40
59	42
59	44
59	45
59	46
59	48
59	49
59	51
59	54
59	55
59	56
59	57
59	60
59	62
59	65
59	66
59	67
59	69
59	71
59	73
59	74
59	76
59	79
59	80
59	81
59	85
59	86
59	88
59	89
59	90
59	91
59	92
59	93
59	94
59	95
59	97
59	98
59	99
59	101
59	102
59	104
59	105
59	106
59	107
59	108
59	110
59	111
59	112
59	113
59	115
59	116
59	117
59	119
59	120
59	122
59	123
59	127
59	128
59	130
59	131
59	133
59	134
59	135
59	136
59	137
59	139
59	140
59	141
59	142
60	2
60	3
60	4
60	8
60	10
60	12
60	13
60	14
60	15
60	16
60	19
60	20
60	21
60	22
60	23
60	24
60	25
60	26
60	27
60	28
60	31
60	32
60	33
60	34
60	35
60	38
60	40
60	42
60	44
60	45
60	46
60	47
60	48
60	51
60	53
60	55
60	56
60	57
60	58
60	59
60	60
60	62
60	64
60	67
60	69
60	70
60	71
60	73
60	75
60	77
60	79
60	80
60	84
60	85
60	86
60	87
60	88
60	89
60	90
60	93
60	94
60	96
60	97
60	98
60	100
60	101
60	102
60	103
60	104
60	105
60	106
60	107
60	108
60	109
60	112
60	113
60	114
60	116
60	118
60	121
60	122
60	125
60	126
60	127
60	128
60	130
60	131
60	132
60	133
60	134
60	135
60	136
60	137
60	140
60	141
61	1
61	2
61	3
61	4
61	6
61	8
61	9
61	10
61	12
61	13
61	14
61	17
61	18
61	19
61	20
61	21
61	22
61	23
61	25
61	26
61	28
61	29
61	30
61	31
61	34
61	36
61	37
61	38
61	39
61	41
61	42
61	43
61	45
61	46
61	50
61	58
61	59
61	60
61	62
61	64
61	68
61	69
61	70
61	73
61	74
61	75
61	77
61	78
61	79
61	80
61	81
61	82
61	83
61	84
61	85
61	86
61	87
61	88
61	89
61	92
61	93
61	96
61	99
61	100
61	101
61	102
61	104
61	107
61	108
61	109
61	110
61	111
61	112
61	114
61	117
61	119
61	121
61	122
61	124
61	127
61	132
61	135
61	138
61	139
61	140
61	142
62	1
62	3
62	5
62	6
62	7
62	9
62	11
62	14
62	15
62	17
62	18
62	19
62	20
62	21
62	22
62	23
62	25
62	26
62	27
62	28
62	29
62	34
62	35
62	36
62	37
62	39
62	40
62	41
62	43
62	44
62	46
62	47
62	48
62	50
62	51
62	54
62	57
62	58
62	60
62	62
62	63
62	64
62	65
62	67
62	68
62	69
62	70
62	71
62	72
62	75
62	77
62	78
62	80
62	81
62	82
62	83
62	84
62	85
62	86
62	87
62	89
62	90
62	91
62	92
62	94
62	95
62	97
62	98
62	100
62	101
62	103
62	104
62	107
62	108
62	110
62	111
62	113
62	115
62	116
62	117
62	118
62	119
62	120
62	121
62	122
62	123
62	125
62	127
62	128
62	130
62	133
62	134
62	137
62	139
62	140
62	141
62	142
63	1
63	2
63	3
63	6
63	7
63	8
63	9
63	10
63	11
63	13
63	14
63	16
63	18
63	19
63	20
63	21
63	24
63	25
63	26
63	27
63	28
63	29
63	30
63	32
63	33
63	34
63	35
63	36
63	37
63	38
63	39
63	40
63	41
63	42
63	43
63	44
63	47
63	49
63	52
63	53
63	54
63	56
63	58
63	60
63	61
63	63
63	64
63	65
63	66
63	67
63	68
63	69
63	70
63	71
63	73
63	74
63	75
63	76
63	77
63	80
63	82
63	83
63	84
63	85
63	86
63	87
63	88
63	89
63	93
63	95
63	96
63	97
63	98
63	99
63	100
63	102
63	103
63	104
63	110
63	112
63	115
63	116
63	117
63	118
63	119
63	121
63	122
63	123
63	124
63	125
63	127
63	129
63	130
63	133
63	134
63	137
63	139
63	142
64	1
64	2
64	4
64	8
64	10
64	11
64	13
64	16
64	17
64	18
64	19
64	20
64	24
64	26
64	28
64	30
64	32
64	34
64	35
64	36
64	38
64	40
64	41
64	43
64	45
64	46
64	47
64	48
64	49
64	52
64	53
64	54
64	55
64	57
64	58
64	59
64	60
64	61
64	62
64	64
64	65
64	66
64	70
64	72
64	76
64	78
64	81
64	82
64	83
64	84
64	88
64	90
64	92
64	93
64	94
64	95
64	96
64	99
64	101
64	103
64	105
64	107
64	109
64	113
64	114
64	117
64	118
64	119
64	120
64	121
64	122
64	123
64	124
64	125
64	126
64	127
64	128
64	129
64	131
64	133
64	134
64	137
64	139
64	141
64	142
65	1
65	3
65	4
65	5
65	6
65	7
65	8
65	9
65	11
65	12
65	13
65	14
65	15
65	17
65	18
65	19
65	22
65	23
65	24
65	26
65	28
65	29
65	31
65	32
65	35
65	36
65	38
65	41
65	43
65	44
65	46
65	47
65	50
65	51
65	52
65	53
65	54
65	55
65	56
65	58
65	59
65	61
65	62
65	63
65	65
65	66
65	67
65	68
65	69
65	70
65	71
65	73
65	75
65	78
65	79
65	80
65	81
65	82
65	84
65	85
65	86
65	88
65	89
65	91
65	92
65	93
65	94
65	97
65	100
65	101
65	103
65	105
65	107
65	108
65	109
65	110
65	111
65	112
65	114
65	120
65	125
65	126
65	127
65	128
65	130
65	131
65	134
65	135
65	137
65	138
65	139
65	141
66	1
66	2
66	3
66	4
66	5
66	6
66	7
66	8
66	9
66	10
66	11
66	12
66	14
66	15
66	16
66	17
66	18
66	19
66	21
66	22
66	23
66	26
66	28
66	29
66	30
66	32
66	33
66	36
66	38
66	39
66	40
66	41
66	42
66	44
66	45
66	49
66	54
66	55
66	57
66	58
66	59
66	67
66	68
66	69
66	70
66	71
66	72
66	73
66	75
66	77
66	81
66	82
66	84
66	87
66	88
66	89
66	90
66	92
66	93
66	98
66	100
66	104
66	105
66	106
66	108
66	109
66	110
66	111
66	114
66	115
66	116
66	118
66	119
66	121
66	122
66	124
66	127
66	128
66	130
66	131
66	133
66	134
66	136
66	139
66	140
66	141
67	2
67	5
67	7
67	9
67	10
67	13
67	14
67	16
67	17
67	18
67	20
67	21
67	24
67	26
67	27
67	29
67	32
67	37
67	39
67	40
67	41
67	42
67	45
67	48
67	49
67	50
67	51
67	54
67	56
67	59
67	61
67	62
67	64
67	65
67	66
67	67
67	68
67	69
67	72
67	73
67	74
67	75
67	76
67	78
67	79
67	80
67	81
67	82
67	84
67	86
67	88
67	89
67	90
67	91
67	92
67	94
67	95
67	97
67	98
67	99
67	100
67	102
67	103
67	106
67	108
67	110
67	111
67	113
67	115
67	116
67	117
67	118
67	119
67	121
67	122
67	123
67	124
67	125
67	126
67	132
67	134
67	137
67	138
67	139
67	140
67	141
68	1
68	3
68	5
68	6
68	8
68	9
68	10
68	12
68	14
68	17
68	18
68	20
68	23
68	24
68	25
68	26
68	27
68	28
68	31
68	32
68	33
68	34
68	36
68	37
68	39
68	42
68	44
68	45
68	46
68	47
68	48
68	50
68	52
68	53
68	55
68	56
68	57
68	59
68	60
68	63
68	65
68	66
68	67
68	68
68	70
68	71
68	73
68	74
68	77
68	78
68	79
68	80
68	81
68	82
68	83
68	85
68	86
68	87
68	88
68	89
68	90
68	91
68	92
68	93
68	94
68	96
68	97
68	99
68	101
68	102
68	103
68	104
68	105
68	108
68	109
68	110
68	111
68	112
68	114
68	115
68	117
68	119
68	120
68	121
68	122
68	123
68	124
68	126
68	127
68	128
68	130
68	131
68	134
68	135
68	137
68	138
68	139
68	140
69	1
69	2
69	4
69	6
69	10
69	11
69	12
69	14
69	15
69	16
69	18
69	19
69	20
69	21
69	22
69	23
69	24
69	25
69	26
69	27
69	28
69	29
69	30
69	31
69	32
69	33
69	35
69	36
69	37
69	42
69	43
69	44
69	48
69	49
69	50
69	51
69	52
69	53
69	54
69	57
69	58
69	59
69	60
69	61
69	63
69	64
69	65
69	66
69	68
69	69
69	70
69	73
69	74
69	75
69	76
69	79
69	80
69	81
69	82
69	83
69	85
69	86
69	88
69	89
69	90
69	91
69	92
69	93
69	96
69	101
69	102
69	103
69	104
69	107
69	108
69	109
69	110
69	112
69	115
69	116
69	117
69	119
69	120
69	121
69	122
69	123
69	124
69	127
69	128
69	129
69	130
69	133
69	135
69	136
69	137
69	138
69	139
69	141
69	142
70	2
70	3
70	4
70	5
70	6
70	8
70	10
70	12
70	13
70	14
70	16
70	19
70	20
70	21
70	22
70	24
70	25
70	26
70	27
70	29
70	30
70	31
70	35
70	36
70	38
70	39
70	40
70	42
70	43
70	44
70	45
70	46
70	47
70	50
70	51
70	52
70	53
70	55
70	56
70	59
70	63
70	65
70	66
70	67
70	68
70	70
70	71
70	72
70	73
70	74
70	76
70	77
70	78
70	80
70	83
70	86
70	88
70	91
70	93
70	94
70	95
70	96
70	99
70	101
70	102
70	107
70	109
70	112
70	114
70	115
70	117
70	118
70	119
70	121
70	122
70	123
70	125
70	126
70	128
70	130
70	131
70	138
70	140
70	141
71	1
71	2
71	5
71	6
71	7
71	8
71	9
71	12
71	13
71	14
71	15
71	17
71	19
71	21
71	22
71	23
71	24
71	25
71	26
71	28
71	29
71	30
71	32
71	33
71	35
71	37
71	38
71	39
71	42
71	43
71	45
71	46
71	47
71	48
71	49
71	50
71	51
71	55
71	57
71	59
71	60
71	61
71	64
71	65
71	66
71	69
71	70
71	72
71	73
71	74
71	77
71	79
71	80
71	83
71	87
71	88
71	91
71	92
71	93
71	94
71	95
71	98
71	99
71	103
71	104
71	105
71	107
71	108
71	109
71	111
71	112
71	114
71	115
71	117
71	119
71	120
71	124
71	125
71	126
71	127
71	128
71	131
71	132
71	135
71	137
71	138
71	139
71	140
71	142
72	1
72	8
72	10
72	11
72	12
72	13
72	14
72	15
72	17
72	18
72	22
72	24
72	26
72	28
72	29
72	34
72	36
72	37
72	39
72	40
72	42
72	43
72	44
72	46
72	48
72	49
72	51
72	52
72	53
72	54
72	57
72	59
72	64
72	66
72	68
72	70
72	72
72	73
72	75
72	82
72	83
72	84
72	85
72	88
72	91
72	92
72	95
72	97
72	98
72	100
72	102
72	103
72	104
72	107
72	108
72	109
72	111
72	115
72	117
72	118
72	119
72	121
72	122
72	123
72	125
72	126
72	128
72	130
72	132
72	133
72	134
72	135
72	138
72	140
73	1
73	2
73	3
73	4
73	6
73	7
73	9
73	10
73	11
73	13
73	14
73	15
73	16
73	17
73	18
73	19
73	20
73	21
73	23
73	24
73	25
73	26
73	27
73	29
73	30
73	32
73	33
73	34
73	38
73	40
73	41
73	42
73	43
73	45
73	46
73	47
73	48
73	49
73	50
73	53
73	55
73	57
73	58
73	59
73	60
73	61
73	62
73	65
73	67
73	68
73	69
73	72
73	73
73	75
73	77
73	78
73	80
73	81
73	82
73	83
73	84
73	85
73	86
73	88
73	89
73	90
73	91
73	92
73	93
73	94
73	95
73	97
73	98
73	99
73	100
73	104
73	105
73	106
73	107
73	108
73	109
73	115
73	116
73	117
73	118
73	119
73	122
73	123
73	125
73	126
73	127
73	129
73	130
73	131
73	132
73	133
73	136
73	137
73	138
73	142
74	2
74	5
74	6
74	7
74	10
74	13
74	14
74	15
74	16
74	17
74	20
74	21
74	22
74	24
74	25
74	26
74	27
74	29
74	30
74	31
74	32
74	33
74	34
74	35
74	36
74	37
74	38
74	41
74	42
74	43
74	44
74	46
74	47
74	48
74	49
74	51
74	52
74	53
74	55
74	56
74	57
74	58
74	59
74	63
74	66
74	71
74	74
74	75
74	76
74	77
74	80
74	82
74	84
74	86
74	87
74	88
74	89
74	90
74	91
74	95
74	97
74	98
74	99
74	100
74	101
74	102
74	103
74	104
74	107
74	108
74	109
74	111
74	112
74	114
74	117
74	121
74	124
74	125
74	126
74	127
74	128
74	130
74	131
74	132
74	134
74	140
74	141
74	142
75	1
75	5
75	8
75	10
75	14
75	15
75	16
75	17
75	22
75	23
75	24
75	25
75	26
75	27
75	28
75	29
75	30
75	32
75	33
75	34
75	36
75	37
75	39
75	40
75	41
75	44
75	45
75	47
75	48
75	49
75	50
75	53
75	54
75	56
75	57
75	60
75	61
75	62
75	63
75	66
75	69
75	71
75	73
75	79
75	81
75	82
75	83
75	84
75	85
75	86
75	87
75	88
75	90
75	91
75	92
75	93
75	94
75	95
75	98
75	99
75	100
75	101
75	102
75	103
75	104
75	105
75	106
75	107
75	108
75	111
75	112
75	115
75	116
75	117
75	119
75	121
75	123
75	126
75	129
75	130
75	134
75	135
75	136
75	137
75	138
75	139
75	140
75	141
76	1
76	2
76	3
76	4
76	6
76	7
76	8
76	9
76	11
76	12
76	14
76	17
76	19
76	22
76	23
76	25
76	29
76	30
76	31
76	32
76	33
76	34
76	36
76	37
76	38
76	39
76	40
76	41
76	43
76	44
76	45
76	46
76	48
76	52
76	53
76	54
76	56
76	57
76	60
76	61
76	62
76	64
76	65
76	67
76	68
76	69
76	70
76	71
76	73
76	75
76	77
76	78
76	79
76	80
76	83
76	84
76	85
76	86
76	88
76	91
76	94
76	96
76	97
76	98
76	102
76	103
76	106
76	107
76	108
76	109
76	110
76	111
76	114
76	116
76	117
76	118
76	120
76	121
76	122
76	124
76	126
76	127
76	128
76	129
76	130
76	132
76	133
76	135
76	138
76	140
76	142
77	2
77	3
77	4
77	5
77	6
77	7
77	10
77	11
77	13
77	14
77	15
77	16
77	17
77	18
77	19
77	20
77	21
77	23
77	25
77	26
77	27
77	28
77	29
77	31
77	32
77	33
77	35
77	36
77	37
77	38
77	40
77	42
77	44
77	45
77	46
77	48
77	50
77	51
77	52
77	53
77	54
77	56
77	59
77	60
77	62
77	63
77	65
77	66
77	67
77	68
77	69
77	73
77	76
77	77
77	78
77	80
77	81
77	82
77	84
77	90
77	94
77	95
77	98
77	101
77	102
77	103
77	106
77	108
77	109
77	110
77	111
77	113
77	114
77	115
77	118
77	119
77	120
77	121
77	123
77	124
77	125
77	126
77	127
77	128
77	129
77	130
77	133
77	136
77	137
77	138
77	140
77	142
78	4
78	9
78	10
78	12
78	14
78	15
78	18
78	19
78	20
78	23
78	24
78	26
78	27
78	29
78	30
78	32
78	33
78	34
78	35
78	36
78	38
78	39
78	40
78	41
78	42
78	43
78	44
78	45
78	47
78	48
78	50
78	51
78	52
78	54
78	55
78	56
78	61
78	62
78	63
78	64
78	65
78	66
78	67
78	68
78	70
78	71
78	72
78	73
78	75
78	78
78	79
78	81
78	82
78	83
78	84
78	86
78	87
78	89
78	92
78	93
78	94
78	95
78	96
78	97
78	99
78	100
78	101
78	103
78	104
78	105
78	107
78	111
78	113
78	114
78	115
78	119
78	121
78	122
78	123
78	127
78	128
78	130
78	131
78	132
78	133
78	134
78	135
78	139
78	140
78	141
78	142
79	1
79	4
79	7
79	9
79	10
79	12
79	13
79	15
79	16
79	18
79	20
79	21
79	22
79	23
79	24
79	25
79	28
79	29
79	35
79	39
79	40
79	41
79	44
79	45
79	46
79	47
79	48
79	51
79	52
79	53
79	54
79	55
79	56
79	58
79	59
79	61
79	63
79	64
79	66
79	68
79	69
79	70
79	71
79	72
79	73
79	74
79	76
79	77
79	78
79	81
79	82
79	83
79	85
79	86
79	87
79	90
79	92
79	93
79	96
79	97
79	99
79	100
79	101
79	103
79	104
79	105
79	106
79	107
79	109
79	110
79	111
79	113
79	115
79	118
79	119
79	120
79	127
79	128
79	129
79	130
79	132
79	133
79	135
79	136
79	137
79	138
79	139
79	142
80	1
80	2
80	3
80	4
80	5
80	9
80	10
80	11
80	12
80	13
80	15
80	16
80	18
80	20
80	22
80	24
80	26
80	28
80	29
80	33
80	34
80	36
80	40
80	44
80	45
80	47
80	48
80	49
80	50
80	51
80	53
80	54
80	55
80	57
80	59
80	61
80	62
80	64
80	66
80	71
80	73
80	74
80	75
80	78
80	79
80	80
80	84
80	86
80	87
80	88
80	92
80	93
80	94
80	96
80	97
80	99
80	103
80	104
80	105
80	106
80	107
80	109
80	110
80	115
80	116
80	117
80	119
80	121
80	122
80	124
80	125
80	126
80	129
80	131
80	133
80	135
80	136
80	139
80	140
81	4
81	6
81	10
81	12
81	15
81	16
81	17
81	18
81	20
81	21
81	22
81	23
81	24
81	27
81	28
81	30
81	31
81	32
81	35
81	36
81	39
81	40
81	42
81	43
81	45
81	46
81	50
81	51
81	52
81	53
81	54
81	56
81	57
81	60
81	61
81	62
81	63
81	64
81	65
81	66
81	67
81	68
81	73
81	75
81	79
81	80
81	81
81	82
81	83
81	86
81	89
81	90
81	91
81	92
81	95
81	96
81	97
81	98
81	99
81	100
81	101
81	102
81	103
81	104
81	105
81	111
81	112
81	113
81	116
81	118
81	119
81	120
81	121
81	124
81	125
81	127
81	128
81	129
81	131
81	134
81	135
81	136
81	137
81	138
81	139
81	142
82	1
82	4
82	5
82	7
82	9
82	11
82	12
82	13
82	14
82	15
82	16
82	18
82	20
82	21
82	22
82	23
82	27
82	29
82	33
82	36
82	37
82	38
82	40
82	41
82	42
82	43
82	44
82	45
82	47
82	50
82	53
82	54
82	56
82	58
82	61
82	62
82	63
82	64
82	65
82	67
82	68
82	69
82	70
82	71
82	74
82	76
82	77
82	78
82	79
82	81
82	83
82	85
82	86
82	87
82	88
82	89
82	90
82	91
82	94
82	95
82	96
82	98
82	101
82	103
82	105
82	106
82	111
82	112
82	116
82	117
82	118
82	119
82	120
82	122
82	123
82	124
82	125
82	129
82	130
82	131
82	132
82	133
82	134
82	137
82	138
82	139
82	140
82	142
83	2
83	4
83	5
83	6
83	9
83	10
83	12
83	13
83	14
83	15
83	18
83	19
83	20
83	21
83	23
83	24
83	28
83	29
83	30
83	32
83	35
83	38
83	39
83	41
83	43
83	44
83	50
83	51
83	52
83	53
83	56
83	58
83	59
83	60
83	61
83	62
83	63
83	64
83	65
83	66
83	67
83	68
83	69
83	72
83	73
83	74
83	75
83	77
83	78
83	80
83	81
83	82
83	83
83	85
83	86
83	87
83	88
83	90
83	91
83	92
83	93
83	97
83	99
83	101
83	103
83	104
83	105
83	106
83	109
83	111
83	112
83	114
83	115
83	118
83	122
83	124
83	126
83	127
83	128
83	129
83	131
83	132
83	133
83	134
83	136
83	137
83	138
83	140
84	2
84	5
84	6
84	7
84	9
84	11
84	12
84	13
84	14
84	15
84	19
84	21
84	22
84	26
84	27
84	30
84	32
84	33
84	34
84	35
84	36
84	37
84	38
84	39
84	40
84	43
84	44
84	47
84	49
84	50
84	51
84	52
84	53
84	54
84	55
84	56
84	57
84	59
84	60
84	62
84	63
84	64
84	65
84	66
84	67
84	69
84	73
84	74
84	76
84	77
84	79
84	82
84	84
84	86
84	87
84	90
84	91
84	92
84	97
84	98
84	99
84	101
84	104
84	108
84	109
84	110
84	112
84	115
84	117
84	119
84	120
84	121
84	124
84	127
84	128
84	129
84	130
84	131
84	133
84	134
84	135
84	136
84	139
84	140
84	141
84	142
85	1
85	3
85	5
85	6
85	7
85	8
85	9
85	10
85	11
85	13
85	14
85	15
85	21
85	23
85	25
85	26
85	27
85	29
85	31
85	32
85	35
85	36
85	37
85	38
85	39
85	40
85	42
85	47
85	48
85	49
85	52
85	53
85	54
85	55
85	57
85	58
85	59
85	60
85	61
85	64
85	66
85	67
85	68
85	70
85	72
85	74
85	75
85	76
85	81
85	83
85	84
85	85
85	86
85	87
85	88
85	89
85	90
85	92
85	93
85	95
85	96
85	97
85	98
85	101
85	102
85	103
85	104
85	107
85	109
85	110
85	113
85	114
85	118
85	120
85	121
85	122
85	123
85	124
85	125
85	126
85	127
85	128
85	129
85	130
85	131
85	133
85	135
85	136
85	137
85	138
85	141
86	4
86	9
86	11
86	13
86	16
86	18
86	19
86	24
86	30
86	32
86	33
86	34
86	35
86	37
86	39
86	40
86	41
86	43
86	44
86	45
86	46
86	47
86	48
86	50
86	51
86	52
86	54
86	55
86	57
86	60
86	61
86	62
86	66
86	67
86	68
86	69
86	70
86	74
86	75
86	76
86	77
86	78
86	79
86	80
86	81
86	83
86	85
86	89
86	91
86	92
86	94
86	95
86	97
86	98
86	99
86	101
86	105
86	106
86	107
86	108
86	110
86	111
86	112
86	113
86	115
86	117
86	120
86	121
86	122
86	127
86	131
86	133
86	134
86	135
86	136
86	137
86	138
86	139
86	140
86	141
86	142
87	1
87	2
87	4
87	5
87	8
87	9
87	13
87	14
87	15
87	16
87	17
87	19
87	21
87	23
87	24
87	26
87	27
87	28
87	29
87	30
87	31
87	32
87	33
87	34
87	35
87	37
87	38
87	40
87	42
87	43
87	44
87	46
87	48
87	49
87	50
87	51
87	53
87	54
87	55
87	56
87	58
87	59
87	61
87	62
87	63
87	65
87	66
87	68
87	69
87	71
87	72
87	73
87	74
87	75
87	78
87	79
87	81
87	82
87	83
87	84
87	85
87	86
87	87
87	89
87	90
87	92
87	94
87	96
87	97
87	99
87	104
87	105
87	106
87	107
87	108
87	110
87	111
87	112
87	113
87	116
87	117
87	118
87	120
87	121
87	122
87	124
87	127
87	128
87	129
87	131
87	134
87	135
87	137
87	138
87	139
87	140
87	141
87	142
88	1
88	2
88	4
88	5
88	6
88	7
88	9
88	10
88	12
88	16
88	17
88	19
88	24
88	26
88	27
88	28
88	29
88	31
88	32
88	33
88	34
88	36
88	39
88	40
88	41
88	43
88	47
88	48
88	49
88	50
88	54
88	56
88	57
88	58
88	59
88	60
88	62
88	63
88	64
88	66
88	68
88	69
88	70
88	71
88	73
88	74
88	75
88	78
88	79
88	80
88	81
88	82
88	83
88	85
88	86
88	87
88	88
88	89
88	90
88	91
88	92
88	94
88	95
88	96
88	97
88	98
88	99
88	100
88	101
88	102
88	104
88	105
88	106
88	107
88	113
88	115
88	116
88	117
88	118
88	119
88	121
88	123
88	124
88	125
88	126
88	127
88	128
88	129
88	133
88	134
88	135
88	137
88	138
88	139
88	142
89	1
89	2
89	3
89	4
89	5
89	6
89	7
89	8
89	10
89	11
89	15
89	16
89	17
89	23
89	24
89	25
89	27
89	28
89	31
89	32
89	33
89	36
89	37
89	38
89	39
89	41
89	42
89	43
89	45
89	46
89	49
89	50
89	52
89	54
89	57
89	58
89	59
89	63
89	64
89	66
89	67
89	69
89	71
89	72
89	73
89	74
89	75
89	76
89	77
89	78
89	79
89	80
89	81
89	83
89	84
89	85
89	88
89	89
89	90
89	91
89	94
89	95
89	96
89	97
89	98
89	99
89	100
89	102
89	103
89	104
89	105
89	109
89	110
89	111
89	113
89	114
89	116
89	117
89	119
89	121
89	122
89	124
89	125
89	127
89	128
89	130
89	131
89	132
89	133
89	135
89	136
89	139
89	141
89	142
90	1
90	2
90	3
90	4
90	5
90	7
90	8
90	9
90	12
90	13
90	14
90	16
90	17
90	18
90	20
90	22
90	23
90	24
90	25
90	26
90	30
90	35
90	36
90	37
90	38
90	39
90	40
90	46
90	48
90	49
90	50
90	51
90	52
90	53
90	55
90	57
90	61
90	62
90	64
90	69
90	70
90	71
90	72
90	74
90	75
90	76
90	77
90	78
90	79
90	80
90	81
90	84
90	85
90	86
90	87
90	88
90	89
90	91
90	92
90	94
90	96
90	100
90	104
90	105
90	106
90	108
90	110
90	114
90	115
90	116
90	117
90	118
90	121
90	122
90	123
90	126
90	127
90	128
90	129
90	131
90	132
90	134
90	136
90	137
90	139
90	140
90	141
91	1
91	3
91	5
91	6
91	7
91	8
91	9
91	10
91	11
91	12
91	13
91	14
91	16
91	17
91	19
91	20
91	22
91	24
91	25
91	27
91	29
91	30
91	31
91	33
91	34
91	36
91	37
91	38
91	40
91	41
91	42
91	43
91	44
91	45
91	46
91	47
91	48
91	52
91	55
91	56
91	58
91	59
91	60
91	63
91	64
91	65
91	67
91	68
91	69
91	70
91	71
91	77
91	79
91	80
91	82
91	84
91	85
91	86
91	87
91	89
91	91
91	92
91	93
91	94
91	95
91	96
91	98
91	101
91	102
91	103
91	104
91	106
91	107
91	108
91	111
91	112
91	113
91	114
91	116
91	117
91	118
91	119
91	120
91	121
91	122
91	123
91	124
91	126
91	127
91	129
91	130
91	132
91	133
91	134
91	135
91	138
91	139
91	141
92	1
92	2
92	3
92	4
92	5
92	9
92	10
92	11
92	12
92	14
92	15
92	17
92	18
92	19
92	20
92	24
92	25
92	28
92	29
92	31
92	32
92	33
92	34
92	35
92	36
92	37
92	38
92	39
92	40
92	41
92	43
92	44
92	46
92	48
92	49
92	50
92	51
92	52
92	53
92	54
92	58
92	59
92	63
92	64
92	65
92	66
92	67
92	68
92	69
92	70
92	72
92	76
92	78
92	79
92	81
92	83
92	84
92	86
92	87
92	90
92	92
92	93
92	95
92	97
92	99
92	101
92	103
92	104
92	108
92	109
92	110
92	111
92	112
92	114
92	115
92	116
92	118
92	119
92	120
92	121
92	124
92	126
92	127
92	129
92	130
92	131
92	132
92	133
92	135
92	136
92	138
92	139
92	140
92	141
93	1
93	3
93	5
93	7
93	8
93	10
93	12
93	13
93	14
93	16
93	18
93	19
93	20
93	21
93	22
93	23
93	24
93	25
93	26
93	28
93	31
93	34
93	37
93	39
93	42
93	43
93	48
93	49
93	53
93	54
93	55
93	57
93	58
93	59
93	63
93	64
93	65
93	66
93	67
93	70
93	71
93	72
93	73
93	74
93	75
93	76
93	79
93	80
93	82
93	84
93	86
93	87
93	88
93	89
93	91
93	96
93	97
93	100
93	101
93	102
93	104
93	106
93	107
93	108
93	109
93	110
93	111
93	112
93	117
93	121
93	123
93	124
93	125
93	126
93	127
93	129
93	132
93	133
93	134
93	135
93	136
93	138
93	140
93	141
93	142
94	1
94	3
94	4
94	5
94	6
94	7
94	8
94	9
94	10
94	12
94	14
94	17
94	20
94	21
94	23
94	24
94	25
94	27
94	28
94	29
94	30
94	31
94	32
94	33
94	34
94	35
94	36
94	37
94	38
94	41
94	43
94	44
94	45
94	46
94	49
94	51
94	53
94	54
94	56
94	58
94	59
94	60
94	61
94	62
94	63
94	66
94	67
94	68
94	69
94	72
94	73
94	74
94	75
94	76
94	78
94	79
94	80
94	82
94	85
94	86
94	87
94	88
94	89
94	90
94	91
94	94
94	95
94	96
94	97
94	98
94	100
94	101
94	104
94	105
94	109
94	110
94	111
94	112
94	113
94	114
94	116
94	117
94	119
94	120
94	121
94	122
94	123
94	125
94	126
94	127
94	128
94	129
94	131
94	132
94	133
94	134
94	136
94	137
94	138
94	139
94	140
94	142
95	4
95	5
95	6
95	7
95	8
95	12
95	13
95	14
95	15
95	16
95	17
95	19
95	22
95	25
95	27
95	28
95	31
95	32
95	33
95	35
95	39
95	41
95	42
95	43
95	44
95	46
95	47
95	50
95	51
95	52
95	53
95	56
95	57
95	58
95	59
95	60
95	61
95	64
95	65
95	66
95	67
95	68
95	70
95	72
95	73
95	78
95	81
95	82
95	86
95	88
95	89
95	90
95	91
95	92
95	96
95	97
95	99
95	100
95	101
95	103
95	105
95	106
95	107
95	108
95	109
95	110
95	112
95	114
95	115
95	116
95	117
95	118
95	119
95	121
95	122
95	123
95	124
95	125
95	126
95	127
95	129
95	130
95	132
95	134
95	135
95	136
95	138
95	139
95	140
95	141
95	142
96	2
96	3
96	4
96	5
96	6
96	7
96	8
96	10
96	11
96	12
96	14
96	15
96	17
96	19
96	24
96	25
96	28
96	29
96	30
96	31
96	32
96	33
96	35
96	36
96	37
96	38
96	39
96	42
96	43
96	44
96	45
96	46
96	47
96	48
96	49
96	50
96	51
96	52
96	53
96	56
96	57
96	58
96	59
96	60
96	61
96	62
96	63
96	64
96	66
96	68
96	71
96	72
96	73
96	74
96	76
96	77
96	78
96	80
96	82
96	84
96	87
96	88
96	89
96	90
96	93
96	95
96	96
96	97
96	98
96	99
96	100
96	101
96	102
96	104
96	106
96	108
96	109
96	111
96	112
96	113
96	114
96	115
96	116
96	117
96	119
96	122
96	123
96	125
96	126
96	127
96	131
96	132
96	134
96	136
96	137
96	138
96	139
96	140
96	142
97	1
97	4
97	5
97	6
97	7
97	9
97	10
97	12
97	13
97	14
97	15
97	18
97	21
97	24
97	26
97	27
97	29
97	30
97	33
97	34
97	36
97	39
97	40
97	41
97	42
97	43
97	44
97	45
97	46
97	47
97	48
97	50
97	51
97	52
97	54
97	55
97	56
97	57
97	59
97	60
97	61
97	62
97	63
97	64
97	66
97	69
97	71
97	72
97	73
97	74
97	75
97	77
97	79
97	81
97	82
97	85
97	86
97	87
97	89
97	90
97	93
97	95
97	97
97	98
97	99
97	101
97	102
97	104
97	106
97	110
97	111
97	112
97	115
97	116
97	117
97	118
97	119
97	120
97	121
97	124
97	125
97	126
97	129
97	130
97	131
97	132
97	133
97	135
97	136
97	137
97	138
97	139
98	1
98	2
98	3
98	4
98	5
98	7
98	12
98	13
98	14
98	16
98	18
98	19
98	20
98	22
98	24
98	25
98	28
98	30
98	31
98	34
98	35
98	36
98	38
98	39
98	40
98	42
98	47
98	52
98	53
98	54
98	55
98	57
98	58
98	59
98	60
98	61
98	65
98	66
98	67
98	68
98	69
98	70
98	72
98	74
98	75
98	76
98	77
98	78
98	79
98	80
98	82
98	83
98	84
98	85
98	87
98	88
98	89
98	93
98	95
98	96
98	97
98	98
98	99
98	100
98	101
98	102
98	103
98	104
98	105
98	106
98	107
98	110
98	111
98	115
98	116
98	117
98	119
98	120
98	121
98	123
98	126
98	127
98	128
98	130
98	131
98	133
98	135
98	136
98	138
98	140
98	141
98	142
99	1
99	3
99	5
99	6
99	9
99	10
99	11
99	12
99	13
99	14
99	15
99	16
99	19
99	20
99	21
99	22
99	23
99	24
99	25
99	30
99	31
99	32
99	36
99	38
99	39
99	40
99	41
99	42
99	43
99	44
99	46
99	47
99	49
99	50
99	51
99	54
99	55
99	56
99	59
99	60
99	64
99	66
99	68
99	69
99	70
99	71
99	72
99	74
99	76
99	77
99	78
99	79
99	81
99	82
99	83
99	84
99	85
99	86
99	89
99	90
99	92
99	93
99	94
99	95
99	96
99	97
99	99
99	100
99	101
99	102
99	103
99	104
99	106
99	107
99	108
99	110
99	111
99	112
99	114
99	116
99	117
99	118
99	120
99	122
99	123
99	124
99	125
99	126
99	127
99	129
99	132
99	134
99	135
99	136
99	137
99	138
100	1
100	4
100	7
100	8
100	9
100	12
100	13
100	16
100	18
100	19
100	20
100	21
100	25
100	28
100	29
100	35
100	36
100	40
100	41
100	42
100	43
100	45
100	47
100	52
100	57
100	58
100	59
100	60
100	63
100	64
100	65
100	67
100	68
100	69
100	70
100	71
100	73
100	74
100	75
100	80
100	83
100	84
100	86
100	87
100	88
100	89
100	91
100	92
100	93
100	95
100	98
100	99
100	100
100	101
100	103
100	104
100	107
100	108
100	109
100	110
100	111
100	113
100	115
100	118
100	120
100	121
100	122
100	123
100	125
100	126
100	127
100	129
100	130
100	131
100	132
100	134
100	137
100	138
100	139
100	140
100	141
100	142
101	1
101	2
101	5
101	6
101	8
101	9
101	10
101	11
101	12
101	13
101	14
101	15
101	17
101	18
101	19
101	20
101	21
101	23
101	25
101	26
101	27
101	28
101	29
101	31
101	32
101	33
101	35
101	37
101	38
101	39
101	42
101	44
101	45
101	50
101	51
101	52
101	53
101	55
101	56
101	57
101	60
101	62
101	64
101	65
101	66
101	67
101	68
101	70
101	71
101	73
101	74
101	75
101	76
101	77
101	78
101	79
101	80
101	82
101	84
101	85
101	86
101	87
101	88
101	89
101	90
101	95
101	96
101	97
101	98
101	101
101	102
101	103
101	104
101	105
101	106
101	110
101	113
101	114
101	117
101	118
101	120
101	124
101	125
101	129
101	131
101	132
101	133
101	135
101	136
101	137
101	138
101	141
101	142
102	2
102	4
102	5
102	7
102	8
102	12
102	13
102	14
102	15
102	18
102	19
102	20
102	21
102	23
102	28
102	30
102	32
102	33
102	34
102	35
102	37
102	40
102	41
102	42
102	43
102	44
102	45
102	47
102	48
102	49
102	51
102	53
102	54
102	56
102	58
102	59
102	61
102	62
102	63
102	66
102	67
102	68
102	70
102	71
102	72
102	74
102	77
102	80
102	81
102	82
102	84
102	85
102	86
102	87
102	88
102	89
102	91
102	93
102	94
102	95
102	97
102	98
102	99
102	105
102	107
102	110
102	111
102	112
102	114
102	115
102	116
102	117
102	118
102	119
102	121
102	124
102	127
102	128
102	129
102	130
102	132
102	133
102	134
102	135
102	136
102	137
102	139
102	140
103	2
103	4
103	5
103	6
103	7
103	8
103	9
103	12
103	13
103	15
103	16
103	18
103	19
103	21
103	24
103	26
103	28
103	29
103	30
103	31
103	32
103	35
103	37
103	39
103	41
103	42
103	43
103	44
103	47
103	52
103	53
103	55
103	57
103	58
103	59
103	61
103	62
103	63
103	67
103	68
103	70
103	71
103	72
103	73
103	76
103	77
103	78
103	79
103	80
103	82
103	84
103	86
103	87
103	88
103	91
103	92
103	93
103	94
103	95
103	96
103	97
103	100
103	101
103	103
103	104
103	105
103	107
103	108
103	109
103	110
103	111
103	112
103	113
103	116
103	117
103	118
103	119
103	120
103	121
103	123
103	124
103	126
103	128
103	130
103	132
103	137
103	138
103	139
103	140
103	141
104	2
104	4
104	7
104	8
104	9
104	13
104	14
104	16
104	17
104	21
104	24
104	26
104	27
104	32
104	34
104	35
104	38
104	39
104	41
104	42
104	43
104	44
104	45
104	46
104	48
104	49
104	51
104	53
104	55
104	56
104	58
104	59
104	60
104	61
104	67
104	69
104	73
104	74
104	75
104	78
104	79
104	80
104	81
104	85
104	86
104	87
104	90
104	91
104	93
104	94
104	96
104	98
104	100
104	101
104	102
104	104
104	105
104	106
104	109
104	110
104	111
104	115
104	116
104	117
104	118
104	120
104	121
104	123
104	124
104	125
104	126
104	129
104	130
104	131
104	132
104	134
104	136
104	137
104	138
104	141
104	142
105	1
105	2
105	3
105	5
105	6
105	7
105	8
105	10
105	12
105	13
105	14
105	15
105	17
105	18
105	19
105	20
105	21
105	22
105	23
105	24
105	27
105	28
105	29
105	30
105	32
105	34
105	35
105	36
105	37
105	38
105	39
105	41
105	44
105	45
105	46
105	47
105	48
105	49
105	53
105	54
105	57
105	58
105	60
105	61
105	62
105	64
105	65
105	66
105	68
105	69
105	70
105	71
105	72
105	73
105	74
105	77
105	79
105	81
105	82
105	83
105	86
105	88
105	90
105	92
105	93
105	94
105	96
105	98
105	100
105	101
105	102
105	103
105	104
105	106
105	107
105	108
105	109
105	113
105	115
105	116
105	117
105	118
105	120
105	121
105	124
105	126
105	127
105	129
105	131
105	132
105	134
105	136
105	137
105	138
105	140
105	142
106	1
106	2
106	3
106	4
106	5
106	7
106	8
106	10
106	13
106	14
106	15
106	16
106	17
106	18
106	20
106	21
106	23
106	25
106	28
106	29
106	31
106	34
106	35
106	36
106	37
106	38
106	40
106	41
106	42
106	43
106	49
106	50
106	51
106	53
106	55
106	58
106	59
106	61
106	63
106	65
106	66
106	67
106	69
106	70
106	71
106	72
106	73
106	74
106	75
106	77
106	78
106	79
106	80
106	83
106	85
106	87
106	89
106	91
106	92
106	93
106	94
106	97
106	100
106	102
106	103
106	104
106	105
106	106
106	107
106	108
106	109
106	113
106	114
106	115
106	116
106	117
106	120
106	121
106	122
106	123
106	125
106	127
106	131
106	132
106	134
106	135
106	136
106	137
106	138
106	139
106	140
106	142
107	1
107	3
107	8
107	10
107	12
107	15
107	16
107	20
107	21
107	22
107	23
107	25
107	26
107	28
107	31
107	32
107	33
107	37
107	38
107	39
107	41
107	42
107	45
107	46
107	49
107	50
107	52
107	54
107	55
107	56
107	57
107	58
107	59
107	60
107	61
107	63
107	64
107	65
107	66
107	67
107	68
107	70
107	73
107	74
107	75
107	77
107	78
107	80
107	81
107	82
107	83
107	84
107	85
107	88
107	89
107	90
107	91
107	93
107	95
107	96
107	97
107	98
107	99
107	101
107	102
107	107
107	110
107	112
107	114
107	115
107	122
107	123
107	125
107	126
107	127
107	128
107	129
107	130
107	131
107	133
107	134
107	135
107	136
107	137
107	140
108	1
108	2
108	3
108	9
108	10
108	11
108	13
108	14
108	15
108	16
108	17
108	19
108	20
108	21
108	22
108	25
108	26
108	27
108	29
108	30
108	31
108	32
108	33
108	34
108	37
108	38
108	40
108	42
108	43
108	44
108	45
108	46
108	49
108	50
108	51
108	53
108	55
108	56
108	59
108	60
108	61
108	62
108	66
108	70
108	71
108	72
108	74
108	75
108	77
108	79
108	80
108	81
108	83
108	84
108	85
108	86
108	89
108	90
108	91
108	93
108	97
108	98
108	102
108	104
108	105
108	106
108	107
108	108
108	110
108	115
108	116
108	118
108	120
108	122
108	123
108	124
108	126
108	127
108	128
108	129
108	130
108	131
108	132
108	134
108	135
108	137
108	141
108	142
109	2
109	3
109	4
109	5
109	7
109	8
109	9
109	10
109	11
109	13
109	14
109	15
109	17
109	19
109	21
109	23
109	26
109	27
109	29
109	34
109	35
109	36
109	40
109	41
109	42
109	44
109	45
109	48
109	49
109	50
109	51
109	52
109	54
109	55
109	58
109	60
109	62
109	63
109	65
109	66
109	67
109	68
109	70
109	72
109	75
109	76
109	77
109	79
109	80
109	81
109	82
109	84
109	85
109	86
109	88
109	89
109	92
109	94
109	96
109	97
109	98
109	100
109	101
109	102
109	103
109	105
109	107
109	108
109	109
109	110
109	112
109	116
109	119
109	120
109	121
109	122
109	126
109	129
109	130
109	131
109	135
109	136
110	1
110	2
110	4
110	5
110	8
110	10
110	11
110	12
110	13
110	14
110	16
110	21
110	22
110	23
110	25
110	28
110	29
110	30
110	31
110	33
110	37
110	38
110	39
110	40
110	41
110	42
110	43
110	44
110	45
110	46
110	48
110	50
110	51
110	53
110	54
110	55
110	57
110	59
110	61
110	65
110	66
110	67
110	68
110	69
110	71
110	72
110	73
110	79
110	80
110	82
110	83
110	85
110	87
110	89
110	90
110	92
110	95
110	98
110	99
110	100
110	102
110	103
110	105
110	107
110	109
110	110
110	111
110	112
110	113
110	114
110	115
110	116
110	117
110	120
110	121
110	122
110	123
110	124
110	125
110	126
110	127
110	128
110	129
110	131
110	132
110	136
110	137
111	1
111	4
111	5
111	6
111	7
111	8
111	10
111	11
111	12
111	13
111	15
111	16
111	17
111	20
111	21
111	24
111	25
111	26
111	28
111	29
111	30
111	32
111	33
111	36
111	38
111	39
111	40
111	41
111	42
111	44
111	45
111	47
111	49
111	51
111	53
111	54
111	55
111	56
111	58
111	62
111	65
111	69
111	70
111	73
111	74
111	75
111	81
111	82
111	84
111	85
111	88
111	90
111	92
111	94
111	95
111	96
111	97
111	98
111	104
111	105
111	106
111	107
111	111
111	112
111	114
111	115
111	117
111	118
111	119
111	124
111	129
111	130
111	132
111	133
111	135
111	136
111	137
111	138
111	139
111	142
112	1
112	3
112	4
112	5
112	6
112	8
112	10
112	11
112	12
112	17
112	18
112	19
112	20
112	21
112	22
112	25
112	26
112	27
112	28
112	30
112	31
112	32
112	33
112	34
112	35
112	39
112	40
112	43
112	45
112	51
112	53
112	55
112	56
112	57
112	58
112	59
112	60
112	61
112	62
112	65
112	67
112	69
112	70
112	73
112	74
112	77
112	78
112	79
112	80
112	85
112	86
112	87
112	90
112	93
112	94
112	95
112	98
112	99
112	100
112	101
112	102
112	105
112	106
112	107
112	111
112	112
112	113
112	115
112	116
112	118
112	120
112	127
112	128
112	129
112	130
112	131
112	132
112	134
112	135
112	136
112	137
112	138
112	139
112	140
112	141
112	142
113	1
113	3
113	4
113	8
113	13
113	19
113	23
113	24
113	25
113	26
113	28
113	30
113	31
113	32
113	34
113	35
113	37
113	38
113	40
113	43
113	45
113	46
113	50
113	52
113	53
113	55
113	57
113	59
113	62
113	63
113	64
113	66
113	67
113	68
113	69
113	70
113	71
113	72
113	73
113	74
113	76
113	77
113	78
113	79
113	82
113	84
113	85
113	86
113	87
113	88
113	92
113	94
113	95
113	96
113	97
113	99
113	100
113	101
113	104
113	105
113	106
113	108
113	112
113	114
113	115
113	116
113	118
113	119
113	121
113	122
113	124
113	125
113	127
113	128
113	129
113	130
113	132
113	133
113	134
113	135
113	136
113	139
113	142
114	1
114	2
114	3
114	4
114	6
114	7
114	8
114	10
114	11
114	12
114	13
114	15
114	16
114	19
114	20
114	24
114	25
114	26
114	27
114	28
114	29
114	30
114	31
114	35
114	37
114	39
114	43
114	45
114	46
114	48
114	49
114	51
114	52
114	53
114	54
114	55
114	56
114	57
114	60
114	62
114	64
114	65
114	67
114	68
114	69
114	71
114	73
114	74
114	75
114	76
114	77
114	79
114	81
114	82
114	83
114	84
114	85
114	87
114	88
114	91
114	93
114	94
114	97
114	98
114	99
114	100
114	104
114	108
114	109
114	110
114	113
114	114
114	115
114	118
114	119
114	120
114	123
114	125
114	126
114	128
114	129
114	131
114	132
114	133
114	135
114	137
114	140
114	142
115	3
115	4
115	6
115	7
115	8
115	9
115	10
115	11
115	18
115	19
115	20
115	23
115	26
115	27
115	29
115	30
115	31
115	32
115	36
115	38
115	39
115	43
115	44
115	46
115	47
115	48
115	50
115	52
115	54
115	55
115	57
115	58
115	59
115	60
115	61
115	62
115	64
115	65
115	67
115	69
115	70
115	71
115	75
115	76
115	77
115	78
115	79
115	80
115	81
115	82
115	83
115	84
115	86
115	87
115	88
115	89
115	90
115	91
115	95
115	98
115	99
115	100
115	101
115	106
115	107
115	110
115	112
115	114
115	115
115	116
115	119
115	120
115	121
115	122
115	123
115	124
115	126
115	127
115	128
115	129
115	130
115	134
115	135
115	136
115	138
115	139
115	140
115	142
116	2
116	4
116	7
116	8
116	9
116	11
116	12
116	14
116	18
116	20
116	23
116	24
116	26
116	27
116	29
116	30
116	31
116	32
116	34
116	36
116	37
116	41
116	43
116	44
116	47
116	48
116	50
116	53
116	54
116	56
116	61
116	64
116	67
116	68
116	70
116	71
116	72
116	73
116	74
116	76
116	77
116	78
116	80
116	81
116	83
116	84
116	85
116	86
116	88
116	89
116	90
116	92
116	96
116	97
116	98
116	102
116	104
116	107
116	109
116	111
116	112
116	113
116	114
116	115
116	116
116	117
116	118
116	120
116	121
116	122
116	125
116	126
116	130
116	131
116	133
116	134
116	135
116	136
116	139
116	140
116	141
117	1
117	2
117	3
117	4
117	5
117	8
117	10
117	11
117	12
117	13
117	14
117	15
117	16
117	17
117	19
117	20
117	21
117	22
117	23
117	24
117	25
117	29
117	30
117	31
117	34
117	35
117	36
117	37
117	38
117	40
117	41
117	42
117	43
117	44
117	46
117	47
117	48
117	49
117	50
117	51
117	52
117	53
117	54
117	55
117	56
117	57
117	58
117	62
117	64
117	66
117	67
117	68
117	72
117	73
117	74
117	75
117	77
117	78
117	79
117	80
117	81
117	82
117	83
117	84
117	87
117	89
117	90
117	91
117	92
117	93
117	95
117	96
117	97
117	98
117	99
117	100
117	102
117	104
117	106
117	107
117	109
117	110
117	112
117	113
117	120
117	121
117	124
117	125
117	127
117	129
117	132
117	133
117	134
117	135
117	136
117	139
117	141
118	1
118	3
118	4
118	5
118	6
118	10
118	11
118	12
118	14
118	16
118	19
118	20
118	21
118	24
118	26
118	27
118	29
118	30
118	33
118	34
118	36
118	37
118	38
118	39
118	42
118	43
118	44
118	46
118	48
118	49
118	50
118	52
118	53
118	55
118	56
118	57
118	58
118	59
118	61
118	62
118	63
118	65
118	66
118	67
118	69
118	71
118	72
118	74
118	76
118	78
118	79
118	80
118	82
118	83
118	85
118	87
118	88
118	89
118	90
118	91
118	92
118	93
118	94
118	95
118	97
118	101
118	103
118	106
118	107
118	108
118	109
118	110
118	111
118	112
118	117
118	118
118	119
118	120
118	121
118	122
118	123
118	124
118	125
118	126
118	127
118	128
118	135
118	137
118	139
118	142
119	1
119	3
119	4
119	5
119	6
119	7
119	9
119	11
119	12
119	14
119	15
119	18
119	20
119	22
119	23
119	24
119	26
119	27
119	28
119	32
119	36
119	37
119	38
119	39
119	45
119	47
119	48
119	49
119	50
119	51
119	52
119	53
119	54
119	55
119	56
119	57
119	58
119	59
119	60
119	62
119	63
119	64
119	65
119	66
119	67
119	70
119	71
119	74
119	75
119	76
119	77
119	78
119	82
119	84
119	86
119	88
119	89
119	91
119	93
119	96
119	97
119	98
119	99
119	105
119	106
119	110
119	111
119	113
119	114
119	115
119	116
119	118
119	122
119	123
119	125
119	131
119	133
119	134
119	136
119	138
119	139
119	140
120	1
120	3
120	6
120	8
120	11
120	12
120	15
120	17
120	18
120	21
120	22
120	23
120	24
120	25
120	26
120	27
120	28
120	29
120	30
120	31
120	32
120	34
120	37
120	38
120	40
120	41
120	42
120	43
120	44
120	45
120	46
120	47
120	48
120	49
120	50
120	51
120	53
120	54
120	55
120	56
120	58
120	61
120	65
120	67
120	68
120	70
120	71
120	73
120	74
120	76
120	78
120	79
120	80
120	81
120	82
120	83
120	84
120	85
120	86
120	88
120	89
120	90
120	92
120	93
120	94
120	97
120	98
120	99
120	100
120	101
120	103
120	104
120	106
120	107
120	108
120	109
120	110
120	111
120	113
120	115
120	116
120	118
120	120
120	121
120	122
120	123
120	125
120	126
120	127
120	129
120	130
120	132
120	133
120	135
120	136
120	140
120	141
120	142
121	1
121	2
121	3
121	4
121	5
121	8
121	9
121	10
121	11
121	15
121	17
121	18
121	19
121	22
121	24
121	26
121	27
121	29
121	30
121	32
121	35
121	36
121	38
121	39
121	40
121	41
121	44
121	45
121	47
121	48
121	51
121	52
121	54
121	55
121	56
121	60
121	65
121	66
121	67
121	68
121	69
121	70
121	71
121	73
121	76
121	77
121	82
121	83
121	85
121	88
121	91
121	93
121	94
121	95
121	97
121	98
121	100
121	101
121	102
121	105
121	106
121	107
121	109
121	111
121	112
121	113
121	114
121	115
121	116
121	119
121	120
121	124
121	127
121	128
121	129
121	130
121	132
121	133
121	134
121	135
121	136
121	142
122	1
122	4
122	5
122	8
122	10
122	11
122	13
122	14
122	16
122	17
122	18
122	19
122	23
122	24
122	26
122	27
122	31
122	36
122	37
122	38
122	42
122	46
122	47
122	48
122	49
122	50
122	51
122	53
122	55
122	57
122	58
122	59
122	60
122	61
122	62
122	63
122	65
122	66
122	68
122	70
122	71
122	72
122	73
122	74
122	76
122	77
122	79
122	81
122	84
122	86
122	87
122	91
122	94
122	95
122	100
122	101
122	103
122	104
122	105
122	106
122	107
122	111
122	114
122	115
122	116
122	117
122	118
122	120
122	121
122	122
122	123
122	124
122	125
122	127
122	128
122	129
122	130
122	134
122	135
122	139
122	140
122	141
122	142
123	2
123	3
123	4
123	5
123	6
123	7
123	8
123	11
123	13
123	17
123	18
123	19
123	21
123	22
123	23
123	26
123	27
123	28
123	29
123	30
123	33
123	36
123	37
123	40
123	41
123	42
123	43
123	44
123	46
123	47
123	49
123	50
123	51
123	52
123	53
123	54
123	55
123	57
123	58
123	59
123	60
123	61
123	62
123	63
123	65
123	66
123	68
123	69
123	71
123	72
123	73
123	75
123	78
123	79
123	84
123	85
123	86
123	88
123	89
123	90
123	91
123	94
123	95
123	96
123	97
123	98
123	99
123	100
123	101
123	102
123	103
123	105
123	106
123	107
123	109
123	110
123	112
123	113
123	115
123	117
123	118
123	120
123	123
123	124
123	125
123	126
123	128
123	130
123	132
123	135
123	139
123	140
123	141
123	142
124	1
124	2
124	3
124	4
124	6
124	7
124	9
124	10
124	13
124	14
124	16
124	17
124	18
124	20
124	21
124	22
124	23
124	24
124	25
124	26
124	27
124	28
124	29
124	30
124	31
124	32
124	33
124	34
124	36
124	37
124	38
124	39
124	40
124	41
124	42
124	43
124	44
124	48
124	49
124	50
124	51
124	55
124	56
124	60
124	61
124	62
124	63
124	64
124	65
124	66
124	67
124	68
124	69
124	70
124	71
124	72
124	73
124	74
124	75
124	76
124	77
124	79
124	81
124	84
124	85
124	87
124	88
124	89
124	90
124	91
124	92
124	93
124	95
124	97
124	98
124	101
124	102
124	104
124	105
124	108
124	109
124	110
124	111
124	113
124	114
124	120
124	121
124	122
124	123
124	124
124	128
124	129
124	132
124	133
124	134
124	135
124	136
124	137
124	139
124	141
124	142
125	1
125	2
125	5
125	6
125	8
125	9
125	11
125	14
125	15
125	17
125	18
125	19
125	20
125	22
125	25
125	28
125	29
125	30
125	31
125	32
125	34
125	35
125	36
125	37
125	40
125	42
125	45
125	47
125	48
125	49
125	50
125	52
125	53
125	56
125	57
125	58
125	59
125	61
125	63
125	68
125	70
125	71
125	72
125	73
125	75
125	76
125	80
125	82
125	83
125	84
125	87
125	88
125	90
125	91
125	93
125	95
125	96
125	98
125	99
125	100
125	102
125	103
125	104
125	106
125	107
125	108
125	109
125	112
125	113
125	115
125	116
125	117
125	118
125	119
125	120
125	121
125	125
125	126
125	127
125	128
125	129
125	131
125	134
125	135
125	137
125	140
125	141
125	142
126	1
126	3
126	4
126	5
126	6
126	7
126	8
126	9
126	11
126	12
126	13
126	15
126	16
126	17
126	19
126	20
126	21
126	22
126	25
126	26
126	27
126	28
126	29
126	30
126	31
126	33
126	36
126	37
126	38
126	41
126	45
126	46
126	47
126	48
126	49
126	54
126	56
126	57
126	58
126	59
126	61
126	64
126	65
126	66
126	67
126	68
126	70
126	73
126	74
126	76
126	79
126	82
126	83
126	84
126	85
126	88
126	89
126	92
126	93
126	95
126	96
126	97
126	98
126	101
126	102
126	104
126	105
126	107
126	109
126	110
126	114
126	115
126	116
126	117
126	118
126	121
126	123
126	124
126	125
126	126
126	128
126	132
126	134
126	135
126	137
126	138
126	139
126	140
126	141
126	142
127	2
127	3
127	4
127	5
127	6
127	7
127	9
127	10
127	11
127	13
127	14
127	15
127	19
127	21
127	22
127	25
127	26
127	27
127	33
127	34
127	35
127	36
127	37
127	39
127	42
127	45
127	46
127	48
127	49
127	50
127	52
127	54
127	55
127	56
127	57
127	58
127	59
127	62
127	63
127	64
127	65
127	66
127	67
127	68
127	69
127	70
127	71
127	74
127	75
127	77
127	78
127	79
127	82
127	85
127	86
127	88
127	92
127	94
127	98
127	99
127	102
127	103
127	105
127	106
127	109
127	110
127	112
127	113
127	114
127	115
127	117
127	119
127	121
127	122
127	123
127	125
127	126
127	127
127	129
127	130
127	132
127	133
127	134
127	135
127	136
127	137
127	138
127	139
127	140
127	142
128	1
128	2
128	3
128	4
128	5
128	6
128	7
128	8
128	11
128	12
128	14
128	18
128	22
128	23
128	25
128	27
128	29
128	32
128	35
128	38
128	40
128	41
128	42
128	45
128	46
128	47
128	48
128	50
128	51
128	52
128	54
128	56
128	57
128	59
128	63
128	65
128	68
128	69
128	71
128	72
128	73
128	75
128	79
128	80
128	83
128	84
128	85
128	86
128	87
128	89
128	90
128	91
128	92
128	93
128	94
128	95
128	96
128	98
128	99
128	100
128	102
128	103
128	105
128	107
128	108
128	110
128	111
128	114
128	115
128	117
128	118
128	119
128	120
128	121
128	122
128	124
128	125
128	126
128	127
128	129
128	132
128	133
128	136
128	137
128	138
128	140
128	141
128	142
129	1
129	2
129	7
129	9
129	10
129	12
129	13
129	14
129	17
129	18
129	20
129	21
129	22
129	23
129	26
129	27
129	28
129	33
129	34
129	35
129	37
129	38
129	39
129	41
129	44
129	45
129	47
129	51
129	52
129	53
129	55
129	57
129	59
129	61
129	62
129	63
129	64
129	67
129	69
129	71
129	72
129	73
129	74
129	77
129	78
129	79
129	81
129	82
129	84
129	85
129	90
129	91
129	92
129	93
129	94
129	95
129	98
129	99
129	100
129	101
129	102
129	103
129	107
129	109
129	110
129	113
129	116
129	118
129	120
129	121
129	122
129	123
129	124
129	125
129	127
129	129
129	132
129	133
129	134
129	136
129	139
130	2
130	4
130	5
130	6
130	7
130	9
130	10
130	11
130	12
130	13
130	15
130	16
130	18
130	19
130	20
130	21
130	24
130	25
130	27
130	28
130	29
130	30
130	33
130	35
130	37
130	38
130	39
130	40
130	42
130	44
130	45
130	47
130	48
130	49
130	50
130	51
130	52
130	55
130	58
130	59
130	60
130	65
130	66
130	67
130	69
130	70
130	71
130	72
130	76
130	77
130	79
130	80
130	81
130	82
130	84
130	85
130	86
130	87
130	88
130	89
130	90
130	91
130	93
130	94
130	96
130	97
130	98
130	99
130	100
130	102
130	103
130	104
130	105
130	106
130	109
130	112
130	114
130	115
130	116
130	117
130	118
130	120
130	121
130	122
130	123
130	125
130	126
130	129
130	130
130	131
130	134
130	135
130	136
130	137
130	139
130	140
131	3
131	6
131	7
131	8
131	11
131	13
131	14
131	18
131	19
131	20
131	22
131	23
131	24
131	26
131	28
131	29
131	30
131	31
131	32
131	33
131	34
131	35
131	36
131	37
131	41
131	43
131	45
131	46
131	47
131	49
131	50
131	52
131	54
131	55
131	56
131	57
131	58
131	59
131	60
131	61
131	63
131	65
131	68
131	69
131	72
131	73
131	74
131	76
131	77
131	79
131	81
131	83
131	84
131	88
131	89
131	90
131	91
131	93
131	96
131	97
131	98
131	100
131	104
131	106
131	107
131	108
131	109
131	110
131	112
131	113
131	114
131	115
131	116
131	117
131	118
131	121
131	124
131	127
131	129
131	131
131	138
131	140
132	1
132	2
132	3
132	4
132	5
132	7
132	8
132	9
132	11
132	12
132	13
132	15
132	16
132	17
132	18
132	21
132	27
132	29
132	30
132	32
132	33
132	35
132	36
132	37
132	38
132	39
132	42
132	44
132	45
132	46
132	47
132	50
132	51
132	52
132	54
132	55
132	57
132	58
132	59
132	60
132	63
132	64
132	65
132	67
132	69
132	70
132	72
132	74
132	76
132	77
132	78
132	80
132	81
132	86
132	87
132	89
132	90
132	92
132	93
132	94
132	95
132	97
132	98
132	99
132	100
132	105
132	106
132	107
132	108
132	109
132	112
132	114
132	115
132	117
132	119
132	120
132	121
132	122
132	125
132	130
132	131
132	132
132	133
132	134
132	139
132	142
133	4
133	5
133	6
133	7
133	10
133	11
133	12
133	14
133	15
133	16
133	18
133	19
133	20
133	21
133	22
133	23
133	25
133	26
133	27
133	28
133	29
133	30
133	31
133	32
133	33
133	36
133	37
133	39
133	40
133	41
133	42
133	44
133	46
133	47
133	48
133	49
133	51
133	54
133	55
133	56
133	57
133	58
133	67
133	69
133	70
133	71
133	72
133	73
133	75
133	76
133	78
133	79
133	80
133	83
133	85
133	86
133	88
133	89
133	90
133	93
133	94
133	95
133	96
133	97
133	98
133	100
133	101
133	103
133	104
133	105
133	108
133	111
133	115
133	116
133	117
133	118
133	119
133	120
133	124
133	127
133	128
133	129
133	130
133	131
133	132
133	133
133	134
133	137
133	142
134	1
134	4
134	5
134	7
134	9
134	10
134	11
134	12
134	14
134	15
134	17
134	18
134	19
134	21
134	23
134	25
134	26
134	28
134	29
134	30
134	31
134	32
134	33
134	34
134	37
134	40
134	43
134	44
134	46
134	47
134	48
134	49
134	50
134	52
134	53
134	55
134	56
134	57
134	59
134	60
134	61
134	66
134	67
134	68
134	70
134	71
134	74
134	76
134	79
134	80
134	81
134	82
134	84
134	88
134	89
134	90
134	91
134	94
134	95
134	96
134	97
134	98
134	99
134	101
134	102
134	104
134	107
134	108
134	109
134	112
134	113
134	114
134	115
134	116
134	117
134	118
134	119
134	120
134	121
134	122
134	123
134	125
134	126
134	127
134	128
134	129
134	131
134	132
134	133
134	135
134	137
134	139
134	140
134	142
135	2
135	3
135	5
135	6
135	8
135	10
135	11
135	12
135	16
135	17
135	20
135	21
135	22
135	24
135	25
135	26
135	28
135	29
135	30
135	34
135	35
135	37
135	38
135	39
135	43
135	44
135	45
135	46
135	47
135	52
135	55
135	56
135	57
135	59
135	63
135	64
135	67
135	68
135	70
135	71
135	73
135	74
135	75
135	76
135	79
135	81
135	82
135	83
135	85
135	87
135	89
135	90
135	91
135	92
135	93
135	94
135	95
135	98
135	99
135	100
135	101
135	102
135	103
135	105
135	106
135	108
135	109
135	110
135	111
135	113
135	115
135	116
135	117
135	118
135	119
135	120
135	121
135	122
135	123
135	125
135	127
135	130
135	131
135	133
135	135
135	136
135	137
135	140
135	141
136	1
136	2
136	3
136	4
136	6
136	8
136	9
136	12
136	13
136	15
136	16
136	18
136	19
136	21
136	23
136	24
136	25
136	28
136	31
136	33
136	35
136	36
136	37
136	38
136	39
136	40
136	41
136	42
136	45
136	46
136	48
136	49
136	52
136	53
136	54
136	57
136	58
136	59
136	60
136	61
136	62
136	64
136	65
136	68
136	69
136	70
136	72
136	74
136	75
136	76
136	77
136	79
136	80
136	83
136	85
136	87
136	88
136	89
136	90
136	91
136	95
136	96
136	97
136	99
136	101
136	102
136	104
136	106
136	107
136	109
136	111
136	112
136	113
136	114
136	118
136	121
136	122
136	124
136	125
136	128
136	129
136	130
136	132
136	134
136	135
136	136
136	137
136	138
136	139
136	140
136	141
137	1
137	2
137	3
137	4
137	6
137	7
137	8
137	10
137	11
137	12
137	13
137	14
137	17
137	18
137	20
137	22
137	23
137	24
137	25
137	26
137	27
137	29
137	31
137	34
137	35
137	36
137	38
137	39
137	40
137	41
137	42
137	43
137	48
137	49
137	51
137	52
137	54
137	57
137	59
137	61
137	62
137	63
137	66
137	68
137	69
137	72
137	74
137	75
137	77
137	78
137	79
137	80
137	85
137	86
137	87
137	88
137	89
137	90
137	91
137	92
137	93
137	94
137	95
137	96
137	100
137	102
137	103
137	104
137	105
137	106
137	107
137	108
137	110
137	111
137	114
137	116
137	118
137	120
137	121
137	122
137	124
137	125
137	126
137	127
137	129
137	130
137	131
137	132
137	134
137	136
137	137
137	140
138	1
138	3
138	5
138	7
138	8
138	9
138	10
138	11
138	12
138	13
138	16
138	17
138	18
138	20
138	22
138	24
138	25
138	27
138	30
138	31
138	33
138	35
138	37
138	38
138	40
138	42
138	43
138	46
138	47
138	48
138	50
138	51
138	52
138	56
138	57
138	58
138	59
138	61
138	62
138	63
138	64
138	65
138	66
138	69
138	71
138	72
138	74
138	76
138	77
138	78
138	79
138	80
138	81
138	83
138	85
138	86
138	87
138	89
138	90
138	95
138	97
138	100
138	102
138	103
138	104
138	105
138	106
138	107
138	109
138	110
138	111
138	112
138	113
138	115
138	116
138	117
138	118
138	121
138	122
138	123
138	125
138	128
138	130
138	133
138	135
138	136
138	137
138	138
139	1
139	2
139	5
139	6
139	7
139	11
139	12
139	14
139	15
139	22
139	23
139	26
139	27
139	28
139	32
139	33
139	34
139	35
139	36
139	37
139	38
139	41
139	42
139	43
139	46
139	47
139	48
139	50
139	54
139	55
139	60
139	61
139	62
139	63
139	64
139	66
139	67
139	68
139	69
139	70
139	71
139	73
139	77
139	78
139	79
139	81
139	82
139	83
139	84
139	85
139	88
139	93
139	94
139	96
139	98
139	99
139	102
139	105
139	107
139	108
139	109
139	110
139	112
139	113
139	114
139	116
139	117
139	118
139	119
139	121
139	122
139	123
139	125
139	129
139	130
139	131
139	133
139	135
139	136
139	137
139	139
139	141
139	142
140	4
140	5
140	6
140	7
140	8
140	9
140	10
140	11
140	12
140	13
140	15
140	16
140	17
140	18
140	21
140	24
140	25
140	27
140	28
140	29
140	31
140	32
140	34
140	36
140	37
140	45
140	47
140	49
140	55
140	57
140	58
140	59
140	60
140	63
140	65
140	66
140	68
140	71
140	73
140	75
140	76
140	78
140	79
140	82
140	83
140	84
140	85
140	88
140	90
140	91
140	93
140	94
140	95
140	96
140	97
140	98
140	100
140	103
140	108
140	109
140	110
140	111
140	112
140	113
140	115
140	116
140	117
140	118
140	121
140	122
140	123
140	125
140	127
140	130
140	131
140	134
140	135
140	136
140	137
140	140
140	142
141	3
141	4
141	6
141	8
141	9
141	12
141	13
141	16
141	17
141	18
141	22
141	23
141	24
141	25
141	26
141	28
141	29
141	30
141	32
141	33
141	34
141	36
141	37
141	38
141	40
141	41
141	42
141	43
141	47
141	49
141	50
141	51
141	52
141	53
141	55
141	56
141	57
141	58
141	60
141	64
141	65
141	67
141	68
141	72
141	73
141	76
141	79
141	80
141	81
141	83
141	84
141	87
141	88
141	91
141	94
141	97
141	98
141	100
141	102
141	105
141	109
141	113
141	115
141	116
141	118
141	119
141	121
141	123
141	125
141	127
141	128
141	130
141	132
141	137
141	138
141	139
141	141
142	1
142	2
142	3
142	4
142	5
142	6
142	7
142	8
142	9
142	10
142	13
142	14
142	15
142	16
142	18
142	20
142	21
142	22
142	23
142	24
142	28
142	29
142	33
142	37
142	38
142	39
142	40
142	41
142	42
142	43
142	44
142	45
142	46
142	47
142	48
142	49
142	50
142	51
142	52
142	56
142	57
142	58
142	60
142	62
142	63
142	65
142	69
142	72
142	73
142	74
142	75
142	76
142	77
142	78
142	79
142	80
142	82
142	84
142	85
142	87
142	89
142	90
142	91
142	92
142	94
142	102
142	103
142	105
142	106
142	108
142	109
142	110
142	112
142	114
142	115
142	116
142	117
142	118
142	121
142	124
142	125
142	126
142	127
142	128
142	130
142	133
142	134
142	135
142	136
142	138
142	140
142	142
1	143
2	143
3	143
4	143
5	143
6	143
7	143
8	143
9	143
10	143
11	143
12	143
13	143
14	143
15	143
16	143
17	143
18	143
19	143
20	143
21	143
22	143
23	143
24	143
25	143
26	143
27	143
28	143
29	143
30	143
31	143
32	143
33	143
34	143
35	143
36	143
37	143
38	143
39	143
40	143
41	143
42	143
43	143
44	143
45	143
46	143
47	143
48	143
49	143
50	143
51	143
52	143
53	143
54	143
55	143
56	143
57	143
58	143
59	143
60	143
61	143
62	143
63	143
64	143
65	143
66	143
67	143
68	143
69	143
70	143
71	143
72	143
73	143
74	143
75	143
76	143
77	143
78	143
79	143
80	143
81	143
82	143
83	143
84	143
85	143
86	143
87	143
88	143
89	143
90	143
91	143
92	143
93	143
94	143
95	143
96	143
97	143
98	143
99	143
100	143
101	143
102	143
103	143
104	143
105	143
106	143
107	143
108	143
109	143
110	143
111	143
112	143
113	143
114	143
115	143
116	143
117	143
118	143
119	143
120	143
121	143
122	143
123	143
124	143
125	143
126	143
127	143
128	143
129	143
130	143
131	143
132	143
133	143
134	143
135	143
136	143
137	143
138	143
139	143
140	143
141	143
142	143
143	143
