1	2
1	3
1	5
1	8
1	9
1	10
1	12
1	13
1	14
1	15
1	16
1	17
1	20
1	21
1	22
1	23
1	24
1	25
1	27
1	30
1	31
1	32
1	34
1	35
1	37
1	38
1	43
1	46
1	48
1	49
1	50
1	51
1	53
1	54
1	55
1	57
1	58
1	60
1	61
1	62
1	63
1	64
1	65
1	67
1	68
1	70
1	72
1	73
1	74
1	76
1	77
1	79
1	81
1	83
1	84
1	85
2	1
2	2
2	3
2	4
2	6
2	7
2	9
2	11
2	14
2	15
2	21
2	23
2	24
2	26
2	28
2	30
2	32
2	33
2	35
2	36
2	37
2	38
2	39
2	42
2	43
2	45
2	46
2	47
2	50
2	52
2	53
2	54
2	56
2	57
2	58
2	59
2	60
2	62
2	63
2	64
2	65
2	68
2	69
2	70
2	71
2	72
2	74
2	75
2	77
2	81
2	84
2	85
3	2
3	3
3	4
3	5
3	6
3	8
3	9
3	12
3	13
3	17
3	18
3	24
3	25
3	26
3	27
3	30
3	31
3	33
3	34
3	35
3	36
3	37
3	38
3	40
3	41
3	42
3	43
3	44
3	46
3	48
3	49
3	50
3	51
3	52
3	53
3	54
3	55
3	56
3	57
3	59
3	60
3	61
3	62
3	63
3	64
3	66
3	67
3	68
3	70
3	71
3	72
3	73
3	74
3	75
3	78
3	79
3	83
3	84
3	85
4	1
4	2
4	4
4	5
4	6
4	7
4	12
4	13
4	14
4	15
4	16
4	17
4	18
4	19
4	20
4	21
4	22
4	25
4	27
4	28
4	32
4	34
4	35
4	36
4	37
4	38
4	39
4	40
4	42
4	44
4	45
4	46
4	47
4	48
4	51
4	52
4	53
4	55
4	56
4	57
4	59
4	60
4	62
4	63
4	64
4	65
4	66
4	67
4	68
4	69
4	70
4	71
4	73
4	74
4	75
4	77
4	78
4	79
4	80
4	81
4	82
4	83
5	1
5	4
5	7
5	12
5	13
5	16
5	18
5	19
5	20
5	23
5	24
5	25
5	26
5	27
5	28
5	29
5	33
5	34
5	35
5	36
5	38
5	42
5	43
5	46
5	47
5	48
5	49
5	50
5	51
5	53
5	54
5	55
5	56
5	57
5	58
5	59
5	60
5	62
5	64
5	65
5	66
5	67
5	68
5	71
5	72
5	76
5	77
5	79
5	81
5	82
5	83
5	84
5	85
6	2
6	3
6	6
6	7
6	8
6	9
6	10
6	11
6	12
6	15
6	16
6	17
6	18
6	19
6	20
6	23
6	24
6	26
6	27
6	28
6	29
6	30
6	32
6	33
6	36
6	39
6	42
6	43
6	46
6	49
6	50
6	51
6	52
6	54
6	55
6	57
6	58
6	59
6	61
6	63
6	64
6	65
6	67
6	68
6	69
6	70
6	71
6	72
6	73
6	76
6	77
6	80
6	81
6	83
7	2
7	3
7	4
7	8
7	9
7	17
7	20
7	25
7	26
7	29
7	32
7	33
7	34
7	37
7	40
7	41
7	42
7	43
7	44
7	47
7	48
7	51
7	54
7	55
7	58
7	59
7	61
7	63
7	64
7	65
7	67
7	68
7	69
7	70
7	72
7	73
7	74
7	75
7	76
7	78
7	79
7	83
7	84
7	85
8	3
8	4
8	6
8	7
8	11
8	12
8	13
8	16
8	17
8	18
8	20
8	21
8	23
8	24
8	25
8	26
8	28
8	31
8	32
8	34
8	35
8	36
8	37
8	41
8	43
8	44
8	45
8	46
8	49
8	51
8	52
8	53
8	54
8	56
8	57
8	58
8	59
8	60
8	61
8	62
8	64
8	66
8	67
8	68
8	69
8	70
8	75
8	77
8	78
8	83
8	84
8	85
9	3
9	7
9	8
9	9
9	11
9	15
9	16
9	18
9	19
9	20
9	21
9	22
9	23
9	24
9	25
9	27
9	28
9	29
9	31
9	32
9	33
9	39
9	40
9	41
9	42
9	45
9	46
9	47
9	48
9	49
9	50
9	51
9	52
9	53
9	54
9	55
9	57
9	59
9	61
9	63
9	64
9	65
9	67
9	69
9	70
9	71
9	73
9	74
9	75
9	76
9	77
9	78
9	79
9	80
9	81
9	83
9	84
10	2
10	4
10	5
10	7
10	8
10	9
10	13
10	16
10	19
10	20
10	21
10	23
10	24
10	26
10	27
10	28
10	30
10	31
10	32
10	36
10	37
10	40
10	41
10	42
10	43
10	45
10	46
10	48
10	51
10	52
10	56
10	57
10	58
10	60
10	61
10	63
10	64
10	67
10	68
10	69
10	70
10	71
10	72
10	73
10	75
10	76
10	78
10	80
10	81
10	82
10	83
10	85
11	1
11	2
11	3
11	4
11	5
11	7
11	8
11	13
11	14
11	17
11	18
11	21
11	22
11	23
11	24
11	25
11	26
11	27
11	30
11	31
11	32
11	33
11	34
11	35
11	40
11	44
11	45
11	47
11	48
11	49
11	50
11	51
11	52
11	57
11	58
11	59
11	61
11	62
11	65
11	66
11	68
11	69
11	70
11	72
11	76
11	78
11	79
11	83
11	84
12	1
12	2
12	4
12	5
12	6
12	7
12	9
12	11
12	14
12	16
12	17
12	19
12	20
12	22
12	23
12	24
12	25
12	26
12	27
12	28
12	29
12	30
12	31
12	33
12	36
12	37
12	38
12	40
12	41
12	44
12	45
12	46
12	48
12	49
12	50
12	51
12	52
12	55
12	56
12	57
12	58
12	60
12	62
12	64
12	65
12	67
12	69
12	70
12	71
12	75
12	76
12	77
12	78
12	80
12	82
12	84
13	2
13	4
13	6
13	8
13	11
13	12
13	13
13	14
13	15
13	16
13	18
13	19
13	21
13	23
13	24
13	25
13	26
13	27
13	29
13	31
13	33
13	34
13	36
13	37
13	38
13	39
13	40
13	42
13	43
13	44
13	45
13	47
13	49
13	51
13	53
13	54
13	55
13	56
13	59
13	60
13	61
13	62
13	64
13	65
13	66
13	69
13	70
13	74
13	75
13	79
13	82
14	1
14	2
14	3
14	5
14	6
14	8
14	12
14	13
14	14
14	15
14	16
14	17
14	19
14	22
14	23
14	24
14	25
14	26
14	28
14	29
14	30
14	31
14	32
14	35
14	37
14	38
14	39
14	40
14	41
14	42
14	44
14	46
14	47
14	48
14	49
14	51
14	52
14	53
14	54
14	55
14	57
14	59
14	61
14	62
14	64
14	66
14	68
14	69
14	71
14	74
14	75
14	76
14	77
14	79
14	81
14	83
14	84
15	2
15	3
15	4
15	5
15	6
15	8
15	10
15	11
15	12
15	14
15	15
15	16
15	17
15	19
15	20
15	21
15	23
15	25
15	27
15	28
15	30
15	31
15	33
15	35
15	36
15	38
15	39
15	41
15	42
15	43
15	44
15	45
15	46
15	47
15	48
15	50
15	51
15	52
15	53
15	55
15	56
15	57
15	60
15	62
15	64
15	65
15	66
15	67
15	68
15	70
15	71
15	72
15	73
15	74
15	76
15	77
15	78
15	79
15	82
15	83
15	85
16	1
16	3
16	4
16	5
16	6
16	7
16	9
16	12
16	13
16	14
16	16
16	17
16	18
16	20
16	22
16	23
16	25
16	26
16	27
16	28
16	29
16	30
16	33
16	37
16	38
16	39
16	40
16	41
16	42
16	43
16	44
16	46
16	48
16	49
16	54
16	55
16	58
16	65
16	66
16	68
16	70
16	72
16	73
16	74
16	78
16	79
16	80
16	84
17	1
17	2
17	3
17	5
17	7
17	8
17	9
17	10
17	11
17	12
17	14
17	16
17	17
17	18
17	19
17	21
17	22
17	23
17	24
17	25
17	28
17	29
17	30
17	31
17	37
17	39
17	40
17	41
17	42
17	44
17	45
17	47
17	48
17	49
17	50
17	51
17	52
17	54
17	55
17	56
17	57
17	60
17	61
17	63
17	65
17	66
17	67
17	68
17	69
17	70
17	72
17	74
17	76
17	77
17	78
17	80
17	81
17	82
17	83
18	2
18	3
18	4
18	7
18	8
18	10
18	11
18	12
18	13
18	16
18	17
18	18
18	20
18	22
18	25
18	26
18	27
18	28
18	30
18	31
18	32
18	33
18	35
18	36
18	38
18	39
18	40
18	41
18	44
18	47
18	48
18	50
18	51
18	52
18	54
18	56
18	57
18	58
18	59
18	60
18	61
18	67
18	68
18	69
18	71
18	72
18	73
18	74
18	76
18	78
18	79
18	80
18	81
18	84
18	85
19	2
19	3
19	4
19	7
19	8
19	10
19	11
19	12
19	13
19	14
19	15
19	16
19	17
19	20
19	21
19	24
19	26
19	27
19	28
19	30
19	31
19	33
19	35
19	36
19	37
19	38
19	40
19	41
19	43
19	44
19	47
19	48
19	49
19	50
19	54
19	55
19	56
19	57
19	58
19	60
19	64
19	66
19	69
19	71
19	72
19	75
19	76
19	78
19	79
19	80
19	81
19	83
20	1
20	2
20	3
20	4
20	6
20	7
20	9
20	11
20	12
20	14
20	16
20	17
20	19
20	20
20	22
20	24
20	25
20	26
20	27
20	31
20	32
20	33
20	35
20	37
20	40
20	41
20	42
20	47
20	49
20	50
20	51
20	52
20	54
20	55
20	56
20	58
20	59
20	60
20	63
20	64
20	68
20	70
20	75
20	76
20	78
20	79
20	80
20	81
20	82
20	84
21	1
21	6
21	8
21	9
21	10
21	11
21	13
21	14
21	15
21	16
21	18
21	20
21	22
21	23
21	24
21	29
21	30
21	31
21	33
21	34
21	35
21	36
21	37
21	38
21	40
21	41
21	42
21	43
21	44
21	45
21	47
21	48
21	50
21	51
21	52
21	53
21	54
21	56
21	58
21	59
21	60
21	61
21	62
21	63
21	64
21	66
21	69
21	70
21	71
21	72
21	73
21	74
21	76
21	79
21	81
21	82
21	83
21	85
22	1
22	3
22	5
22	7
22	9
22	10
22	11
22	12
22	13
22	14
22	15
22	17
22	19
22	20
22	21
22	22
22	24
22	25
22	27
22	28
22	29
22	30
22	31
22	32
22	36
22	37
22	38
22	41
22	42
22	43
22	44
22	45
22	46
22	48
22	49
22	50
22	51
22	54
22	56
22	57
22	61
22	62
22	63
22	64
22	66
22	67
22	69
22	70
22	71
22	72
22	73
22	74
22	76
22	77
22	78
22	79
22	82
22	83
22	84
23	1
23	2
23	3
23	4
23	5
23	6
23	8
23	12
23	15
23	18
23	19
23	20
23	21
23	22
23	23
23	24
23	25
23	27
23	32
23	33
23	34
23	36
23	38
23	40
23	44
23	46
23	47
23	48
23	51
23	53
23	54
23	55
23	56
23	57
23	58
23	59
23	60
23	61
23	63
23	65
23	66
23	67
23	68
23	69
23	70
23	72
23	73
23	74
23	80
23	81
23	84
23	85
24	2
24	3
24	6
24	7
24	8
24	9
24	11
24	13
24	14
24	16
24	17
24	19
24	20
24	21
24	23
24	24
24	25
24	27
24	29
24	30
24	31
24	32
24	33
24	34
24	35
24	36
24	37
24	38
24	39
24	40
24	41
24	42
24	46
24	48
24	49
24	50
24	51
24	52
24	53
24	57
24	58
24	59
24	60
24	63
24	65
24	66
24	68
24	69
24	70
24	73
24	75
24	76
24	77
24	79
24	80
24	81
24	82
24	83
24	84
24	85
25	1
25	2
25	3
25	4
25	6
25	8
25	10
25	11
25	12
25	15
25	17
25	18
25	20
25	22
25	24
25	25
25	27
25	28
25	29
25	30
25	31
25	32
25	35
25	37
25	38
25	39
25	41
25	42
25	43
25	48
25	49
25	53
25	54
25	56
25	58
25	59
25	60
25	61
25	62
25	63
25	64
25	66
25	67
25	68
25	69
25	70
25	71
25	72
25	74
25	75
25	77
25	79
25	81
25	82
25	83
25	84
25	85
26	1
26	4
26	6
26	7
26	8
26	10
26	11
26	14
26	15
26	18
26	19
26	20
26	21
26	22
26	25
26	27
26	30
26	32
26	33
26	34
26	35
26	36
26	37
26	38
26	40
26	41
26	42
26	44
26	45
26	47
26	48
26	55
26	57
26	58
26	59
26	61
26	64
26	65
26	67
26	69
26	70
26	71
26	73
26	75
26	76
26	77
26	78
26	80
26	81
26	82
26	83
26	84
26	85
27	6
27	7
27	9
27	10
27	11
27	12
27	14
27	15
27	16
27	17
27	20
27	21
27	23
27	24
27	25
27	26
27	27
27	28
27	30
27	32
27	33
27	35
27	36
27	37
27	40
27	42
27	44
27	45
27	47
27	49
27	50
27	51
27	52
27	53
27	54
27	55
27	57
27	58
27	59
27	61
27	62
27	63
27	65
27	66
27	71
27	72
27	73
27	74
27	75
27	76
27	78
27	80
27	81
28	4
28	6
28	7
28	8
28	9
28	10
28	13
28	14
28	15
28	17
28	19
28	21
28	22
28	23
28	24
28	25
28	26
28	27
28	28
28	30
28	31
28	32
28	33
28	35
28	37
28	45
28	47
28	49
28	50
28	52
28	53
28	57
28	58
28	59
28	60
28	61
28	64
28	65
28	66
28	67
28	68
28	69
28	70
28	73
28	75
28	78
28	79
28	80
28	83
28	84
28	85
29	2
29	3
29	4
29	5
29	7
29	8
29	9
29	10
29	12
29	14
29	15
29	16
29	17
29	18
29	19
29	20
29	22
29	23
29	24
29	26
29	28
29	29
29	30
29	31
29	35
29	38
29	41
29	42
29	43
29	47
29	48
29	49
29	50
29	55
29	56
29	57
29	58
29	60
29	61
29	62
29	63
29	64
29	70
29	72
29	75
29	76
29	77
29	81
29	82
29	83
29	84
29	85
30	1
30	2
30	3
30	4
30	6
30	10
30	11
30	12
30	13
30	14
30	16
30	17
30	19
30	20
30	21
30	22
30	23
30	25
30	26
30	27
30	28
30	30
30	32
30	38
30	39
30	41
30	42
30	43
30	45
30	46
30	48
30	49
30	50
30	51
30	53
30	56
30	58
30	59
30	60
30	61
30	63
30	65
30	66
30	67
30	69
30	70
30	73
30	75
30	77
30	78
30	79
30	80
31	2
31	3
31	4
31	5
31	6
31	7
31	9
31	11
31	12
31	14
31	15
31	16
31	17
31	18
31	19
31	22
31	23
31	24
31	27
31	29
31	30
31	33
31	34
31	35
31	37
31	38
31	39
31	40
31	41
31	42
31	43
31	44
31	46
31	50
31	51
31	52
31	54
31	58
31	59
31	60
31	61
31	65
31	66
31	68
31	69
31	70
31	72
31	73
31	74
31	75
31	76
31	77
31	78
31	80
31	81
31	82
31	84
32	2
32	5
32	6
32	7
32	8
32	9
32	10
32	11
32	12
32	13
32	14
32	15
32	16
32	17
32	18
32	19
32	20
32	22
32	24
32	25
32	27
32	28
32	29
32	34
32	35
32	37
32	38
32	40
32	41
32	42
32	43
32	44
32	45
32	46
32	47
32	48
32	49
32	50
32	53
32	54
32	55
32	57
32	58
32	59
32	62
32	64
32	66
32	67
32	68
32	69
32	70
32	71
32	72
32	73
32	79
32	81
32	84
32	85
33	1
33	3
33	5
33	11
33	13
33	15
33	16
33	17
33	18
33	20
33	21
33	22
33	23
33	25
33	26
33	28
33	30
33	31
33	34
33	36
33	40
33	41
33	43
33	44
33	45
33	46
33	47
33	49
33	50
33	51
33	52
33	53
33	54
33	55
33	57
33	58
33	59
33	60
33	61
33	62
33	63
33	65
33	66
33	69
33	70
33	71
33	72
33	73
33	75
33	76
33	77
33	78
33	79
33	80
33	81
33	82
33	83
33	84
33	85
34	2
34	4
34	5
34	6
34	10
34	11
34	13
34	14
34	15
34	18
34	20
34	22
34	23
34	24
34	25
34	26
34	27
34	28
34	30
34	31
34	33
34	35
34	36
34	39
34	40
34	43
34	45
34	46
34	47
34	51
34	52
34	54
34	57
34	58
34	59
34	61
34	62
34	64
34	65
34	66
34	68
34	69
34	70
34	72
34	74
34	76
34	77
34	78
34	79
34	80
34	81
34	82
34	85
35	3
35	4
35	5
35	6
35	7
35	8
35	12
35	14
35	15
35	17
35	18
35	22
35	23
35	24
35	25
35	28
35	32
35	33
35	34
35	35
35	37
35	42
35	43
35	44
35	48
35	49
35	50
35	51
35	56
35	57
35	59
35	60
35	61
35	63
35	64
35	65
35	67
35	68
35	69
35	70
35	71
35	72
35	73
35	74
35	78
35	79
35	80
35	84
35	85
36	2
36	3
36	5
36	6
36	8
36	12
36	13
36	14
36	17
36	18
36	20
36	21
36	22
36	23
36	26
36	30
36	31
36	32
36	33
36	35
36	36
36	37
36	39
36	40
36	41
36	42
36	44
36	45
36	46
36	47
36	48
36	49
36	51
36	52
36	53
36	54
36	55
36	57
36	58
36	59
36	60
36	61
36	63
36	64
36	66
36	68
36	70
36	72
36	74
36	75
36	77
36	79
36	83
36	84
36	85
37	3
37	4
37	6
37	7
37	8
37	9
37	13
37	17
37	19
37	20
37	21
37	23
37	25
37	26
37	27
37	32
37	37
37	39
37	40
37	43
37	45
37	46
37	47
37	49
37	50
37	51
37	52
37	56
37	58
37	59
37	60
37	61
37	62
37	63
37	64
37	65
37	66
37	67
37	69
37	72
37	78
37	79
37	80
37	84
37	85
38	1
38	2
38	4
38	5
38	8
38	9
38	10
38	12
38	14
38	16
38	17
38	18
38	20
38	22
38	23
38	26
38	27
38	28
38	29
38	30
38	31
38	32
38	34
38	36
38	38
38	42
38	44
38	46
38	48
38	49
38	54
38	56
38	57
38	59
38	60
38	61
38	63
38	64
38	65
38	66
38	67
38	68
38	69
38	70
38	71
38	72
38	73
38	75
38	76
38	79
38	80
38	82
38	83
38	84
38	85
39	1
39	5
39	6
39	7
39	8
39	9
39	10
39	11
39	12
39	15
39	17
39	19
39	20
39	21
39	22
39	24
39	25
39	26
39	28
39	34
39	35
39	36
39	37
39	41
39	42
39	43
39	44
39	45
39	47
39	49
39	51
39	52
39	53
39	54
39	57
39	58
39	63
39	65
39	66
39	67
39	68
39	69
39	72
39	73
39	74
39	77
39	79
39	80
39	81
39	82
39	84
39	85
40	2
40	5
40	6
40	7
40	9
40	10
40	11
40	12
40	13
40	14
40	15
40	17
40	18
40	19
40	21
40	22
40	26
40	27
40	28
40	29
40	30
40	32
40	33
40	35
40	36
40	37
40	38
40	39
40	40
40	41
40	42
40	43
40	44
40	45
40	46
40	47
40	48
40	49
40	52
40	56
40	57
40	59
40	60
40	61
40	62
40	63
40	64
40	66
40	67
40	68
40	70
40	71
40	72
40	75
40	76
40	79
40	80
40	82
40	83
40	84
41	1
41	2
41	4
41	7
41	9
41	10
41	12
41	13
41	14
41	15
41	16
41	18
41	19
41	20
41	22
41	24
41	25
41	26
41	27
41	29
41	30
41	31
41	32
41	34
41	35
41	36
41	39
41	41
41	43
41	44
41	46
41	48
41	49
41	51
41	52
41	53
41	56
41	58
41	60
41	62
41	63
41	65
41	66
41	67
41	69
41	70
41	71
41	72
41	74
41	75
41	76
41	78
41	83
41	84
41	85
42	1
42	2
42	4
42	5
42	7
42	8
42	9
42	10
42	12
42	15
42	16
42	20
42	21
42	23
42	24
42	25
42	26
42	29
42	32
42	33
42	36
42	37
42	40
42	41
42	43
42	44
42	45
42	46
42	48
42	49
42	50
42	52
42	53
42	54
42	55
42	57
42	58
42	59
42	61
42	63
42	64
42	65
42	66
42	68
42	69
42	71
42	73
42	74
42	76
42	78
42	79
42	80
42	81
42	85
43	1
43	2
43	3
43	4
43	6
43	8
43	9
43	10
43	11
43	13
43	19
43	20
43	23
43	25
43	26
43	27
43	30
43	32
43	33
43	35
43	38
43	41
43	42
43	43
43	44
43	46
43	47
43	48
43	49
43	50
43	52
43	54
43	55
43	56
43	57
43	58
43	60
43	62
43	63
43	64
43	66
43	67
43	68
43	69
43	70
43	71
43	72
43	73
43	74
43	75
43	76
43	78
43	79
43	80
43	81
43	82
43	84
43	85
44	2
44	4
44	6
44	7
44	8
44	10
44	11
44	14
44	15
44	16
44	17
44	19
44	21
44	24
44	25
44	27
44	28
44	29
44	30
44	31
44	32
44	33
44	34
44	35
44	36
44	37
44	38
44	39
44	43
44	44
44	46
44	47
44	48
44	50
44	52
44	53
44	55
44	56
44	57
44	58
44	59
44	61
44	65
44	66
44	67
44	70
44	73
44	75
44	76
44	79
44	83
45	1
45	2
45	3
45	4
45	7
45	8
45	10
45	11
45	16
45	18
45	19
45	21
45	22
45	23
45	24
45	25
45	27
45	28
45	30
45	32
45	34
45	35
45	37
45	38
45	40
45	42
45	43
45	52
45	54
45	57
45	63
45	64
45	65
45	69
45	73
45	78
45	81
45	84
45	85
46	1
46	2
46	3
46	7
46	8
46	9
46	10
46	13
46	14
46	16
46	17
46	18
46	19
46	25
46	26
46	27
46	30
46	31
46	33
46	34
46	35
46	36
46	39
46	40
46	41
46	42
46	43
46	44
46	45
46	46
46	47
46	49
46	51
46	52
46	53
46	54
46	56
46	57
46	61
46	63
46	64
46	68
46	69
46	70
46	71
46	74
46	75
46	76
46	78
46	80
46	81
46	83
47	1
47	2
47	4
47	7
47	9
47	14
47	16
47	19
47	20
47	21
47	22
47	23
47	29
47	30
47	31
47	33
47	35
47	36
47	39
47	40
47	41
47	42
47	43
47	44
47	45
47	46
47	47
47	48
47	49
47	50
47	51
47	52
47	53
47	55
47	57
47	58
47	59
47	60
47	61
47	64
47	65
47	66
47	68
47	69
47	70
47	71
47	73
47	76
47	78
47	79
47	82
47	83
47	85
48	2
48	4
48	6
48	7
48	9
48	11
48	12
48	13
48	14
48	15
48	17
48	18
48	19
48	20
48	21
48	24
48	25
48	26
48	27
48	28
48	30
48	31
48	32
48	35
48	36
48	37
48	38
48	39
48	40
48	41
48	42
48	44
48	46
48	48
48	50
48	51
48	52
48	53
48	55
48	57
48	59
48	60
48	63
48	65
48	67
48	70
48	71
48	74
48	76
48	79
48	80
48	85
49	1
49	3
49	4
49	5
49	7
49	9
49	10
49	11
49	12
49	13
49	16
49	17
49	19
49	20
49	21
49	22
49	24
49	26
49	31
49	32
49	33
49	34
49	36
49	37
49	41
49	44
49	45
49	46
49	47
49	48
49	49
49	50
49	51
49	52
49	54
49	55
49	57
49	58
49	61
49	63
49	64
49	65
49	66
49	68
49	69
49	70
49	71
49	72
49	73
49	75
49	76
49	77
49	78
49	79
49	80
49	81
49	84
49	85
50	1
50	2
50	4
50	9
50	10
50	12
50	13
50	14
50	15
50	16
50	18
50	20
50	22
50	24
50	25
50	29
50	30
50	31
50	33
50	36
50	37
50	38
50	39
50	41
50	42
50	43
50	44
50	46
50	47
50	49
50	52
50	53
50	56
50	57
50	59
50	60
50	62
50	64
50	65
50	68
50	70
50	71
50	72
50	73
50	74
50	75
50	76
50	78
50	79
50	81
50	82
50	83
50	84
51	1
51	2
51	3
51	4
51	6
51	9
51	10
51	11
51	12
51	13
51	14
51	16
51	18
51	19
51	20
51	22
51	23
51	24
51	25
51	26
51	28
51	29
51	31
51	32
51	33
51	34
51	36
51	38
51	39
51	41
51	42
51	44
51	45
51	47
51	48
51	50
51	51
51	52
51	54
51	55
51	56
51	57
51	59
51	60
51	62
51	64
51	65
51	66
51	67
51	68
51	71
51	72
51	73
51	74
51	75
51	76
51	77
51	78
51	80
51	81
51	84
51	85
52	2
52	3
52	4
52	5
52	6
52	9
52	12
52	16
52	18
52	19
52	20
52	21
52	22
52	23
52	24
52	27
52	28
52	31
52	32
52	33
52	35
52	36
52	38
52	40
52	43
52	44
52	47
52	49
52	50
52	51
52	52
52	53
52	54
52	55
52	56
52	57
52	58
52	59
52	60
52	61
52	63
52	66
52	67
52	68
52	69
52	71
52	72
52	74
52	75
52	76
52	77
52	79
52	80
52	81
52	83
52	84
52	85
53	2
53	3
53	5
53	6
53	7
53	8
53	10
53	11
53	12
53	13
53	14
53	15
53	16
53	21
53	23
53	24
53	25
53	27
53	28
53	32
53	34
53	35
53	36
53	37
53	38
53	42
53	44
53	45
53	46
53	47
53	51
53	52
53	53
53	57
53	58
53	59
53	61
53	63
53	66
53	68
53	71
53	73
53	75
53	76
53	77
53	80
53	81
54	2
54	3
54	5
54	6
54	7
54	8
54	10
54	12
54	18
54	19
54	20
54	21
54	22
54	24
54	25
54	26
54	27
54	32
54	33
54	34
54	35
54	38
54	41
54	43
54	45
54	46
54	47
54	49
54	50
54	51
54	53
54	54
54	56
54	57
54	58
54	59
54	62
54	63
54	65
54	68
54	69
54	70
54	71
54	72
54	75
54	76
54	79
54	81
54	82
54	84
55	1
55	2
55	3
55	4
55	5
55	7
55	8
55	10
55	11
55	12
55	13
55	15
55	18
55	19
55	20
55	21
55	24
55	26
55	29
55	31
55	32
55	33
55	34
55	36
55	37
55	38
55	42
55	45
55	46
55	47
55	50
55	51
55	52
55	53
55	54
55	56
55	57
55	59
55	60
55	61
55	62
55	64
55	65
55	67
55	69
55	70
55	71
55	72
55	75
55	78
55	79
55	80
55	83
55	84
55	85
56	1
56	2
56	3
56	4
56	5
56	6
56	11
56	12
56	13
56	15
56	18
56	19
56	21
56	23
56	24
56	27
56	28
56	29
56	33
56	34
56	35
56	40
56	41
56	42
56	43
56	46
56	47
56	48
56	49
56	50
56	52
56	53
56	54
56	58
56	59
56	60
56	61
56	63
56	64
56	66
56	67
56	69
56	70
56	71
56	72
56	73
56	74
56	75
56	76
56	78
56	79
56	80
56	83
57	1
57	3
57	4
57	7
57	11
57	12
57	13
57	14
57	15
57	16
57	17
57	21
57	24
57	25
57	28
57	29
57	30
57	31
57	32
57	33
57	34
57	35
57	36
57	37
57	39
57	40
57	42
57	43
57	44
57	45
57	46
57	49
57	51
57	52
57	54
57	56
57	57
57	58
57	59
57	60
57	62
57	63
57	66
57	67
57	69
57	70
57	74
57	76
57	77
57	78
57	79
57	80
57	82
57	84
57	85
58	2
58	3
58	4
58	6
58	7
58	8
58	12
58	14
58	15
58	16
58	17
58	18
58	19
58	20
58	23
58	24
58	25
58	26
58	27
58	28
58	30
58	33
58	36
58	37
58	38
58	40
58	42
58	44
58	45
58	46
58	47
58	49
58	50
58	54
58	55
58	58
58	59
58	61
58	62
58	63
58	64
58	65
58	66
58	67
58	72
58	73
58	74
58	75
58	76
58	78
58	81
58	82
58	83
59	1
59	2
59	4
59	5
59	6
59	8
59	12
59	13
59	15
59	17
59	18
59	19
59	22
59	23
59	25
59	26
59	27
59	32
59	34
59	35
59	36
59	37
59	38
59	43
59	44
59	45
59	46
59	47
59	48
59	49
59	50
59	52
59	53
59	55
59	56
59	57
59	59
59	61
59	62
59	63
59	65
59	66
59	68
59	69
59	70
59	71
59	72
59	73
59	75
59	76
59	77
59	78
59	80
59	81
59	82
59	84
60	1
60	7
60	8
60	14
60	16
60	17
60	19
60	20
60	21
60	22
60	23
60	24
60	25
60	26
60	27
60	28
60	32
60	35
60	38
60	41
60	42
60	43
60	46
60	52
60	53
60	54
60	55
60	56
60	58
60	59
60	60
60	62
60	66
60	67
60	71
60	72
60	76
60	78
60	80
60	81
60	82
60	84
61	1
61	2
61	3
61	7
61	8
61	9
61	10
61	11
61	12
61	16
61	17
61	19
61	23
61	24
61	26
61	29
61	30
61	31
61	32
61	35
61	36
61	37
61	38
61	40
61	41
61	43
61	46
61	47
61	48
61	51
61	53
61	54
61	56
61	57
61	61
61	64
61	65
61	66
61	67
61	68
61	71
61	72
61	73
61	77
61	79
61	80
61	83
61	85
62	1
62	2
62	3
62	4
62	6
62	7
62	9
62	10
62	12
62	14
62	15
62	16
62	17
62	22
62	24
62	26
62	31
62	32
62	33
62	35
62	36
62	37
62	39
62	42
62	44
62	46
62	48
62	49
62	50
62	52
62	53
62	55
62	56
62	57
62	58
62	59
62	60
62	62
62	64
62	66
62	67
62	69
62	71
62	72
62	73
62	74
62	75
62	77
62	79
62	80
62	81
62	82
62	83
62	85
63	1
63	3
63	4
63	6
63	7
63	8
63	10
63	11
63	14
63	15
63	17
63	19
63	20
63	21
63	23
63	25
63	26
63	27
63	28
63	29
63	30
63	32
63	33
63	34
63	37
63	38
63	39
63	41
63	43
63	44
63	45
63	46
63	47
63	48
63	49
63	50
63	52
63	55
63	56
63	58
63	59
63	62
63	63
63	65
63	66
63	67
63	68
63	69
63	70
63	72
63	73
63	78
63	80
63	82
63	83
63	84
64	1
64	2
64	7
64	9
64	10
64	11
64	12
64	14
64	15
64	16
64	17
64	18
64	21
64	22
64	25
64	27
64	30
64	31
64	35
64	36
64	37
64	38
64	39
64	40
64	41
64	43
64	45
64	47
64	48
64	49
64	51
64	52
64	53
64	54
64	56
64	59
64	60
64	62
64	63
64	65
64	66
64	67
64	69
64	70
64	71
64	72
64	73
64	75
64	78
64	83
64	85
65	1
65	2
65	3
65	4
65	5
65	8
65	9
65	10
65	11
65	12
65	13
65	14
65	15
65	17
65	18
65	19
65	20
65	22
65	23
65	27
65	28
65	29
65	30
65	31
65	32
65	33
65	34
65	35
65	37
65	38
65	40
65	42
65	44
65	48
65	49
65	50
65	51
65	52
65	54
65	56
65	58
65	59
65	60
65	62
65	64
65	67
65	69
65	70
65	71
65	72
65	73
65	75
65	76
65	77
65	79
65	80
65	81
65	82
66	1
66	3
66	4
66	5
66	6
66	7
66	10
66	12
66	13
66	14
66	16
66	17
66	18
66	19
66	20
66	22
66	23
66	25
66	26
66	28
66	29
66	30
66	31
66	32
66	33
66	34
66	36
66	40
66	41
66	43
66	45
66	46
66	48
66	49
66	50
66	51
66	55
66	56
66	57
66	58
66	59
66	60
66	61
66	62
66	63
66	64
66	65
66	66
66	68
66	71
66	72
66	73
66	74
66	77
66	78
66	79
66	80
66	82
67	1
67	2
67	4
67	5
67	6
67	8
67	9
67	10
67	11
67	12
67	14
67	17
67	19
67	20
67	21
67	22
67	23
67	25
67	26
67	28
67	29
67	30
67	31
67	34
67	37
67	40
67	42
67	43
67	46
67	47
67	49
67	51
67	55
67	60
67	61
67	65
67	66
67	68
67	69
67	70
67	71
67	72
67	73
67	76
67	78
67	79
67	80
67	81
67	83
67	84
68	1
68	2
68	3
68	6
68	7
68	9
68	11
68	12
68	13
68	15
68	16
68	17
68	20
68	21
68	22
68	26
68	27
68	28
68	29
68	32
68	33
68	34
68	36
68	37
68	38
68	39
68	40
68	41
68	43
68	44
68	45
68	46
68	47
68	48
68	49
68	50
68	51
68	58
68	59
68	61
68	63
68	64
68	65
68	68
68	70
68	71
68	72
68	73
68	74
68	75
68	77
68	78
68	79
68	81
68	82
68	83
68	84
69	1
69	5
69	7
69	8
69	9
69	10
69	11
69	12
69	13
69	14
69	17
69	18
69	20
69	22
69	23
69	25
69	26
69	27
69	28
69	32
69	33
69	34
69	35
69	37
69	38
69	39
69	41
69	44
69	46
69	49
69	50
69	51
69	52
69	53
69	55
69	56
69	58
69	59
69	60
69	62
69	63
69	66
69	67
69	68
69	69
69	71
69	73
69	74
69	75
69	77
69	78
69	79
69	81
69	82
69	83
69	84
70	1
70	2
70	4
70	6
70	8
70	9
70	10
70	12
70	13
70	14
70	15
70	17
70	18
70	19
70	20
70	21
70	22
70	24
70	25
70	26
70	27
70	29
70	30
70	31
70	32
70	35
70	36
70	40
70	43
70	44
70	45
70	47
70	48
70	49
70	50
70	53
70	54
70	57
70	58
70	60
70	61
70	62
70	63
70	64
70	66
70	67
70	68
70	69
70	71
70	75
70	78
70	82
71	1
71	2
71	3
71	7
71	8
71	10
71	13
71	14
71	17
71	18
71	19
71	21
71	22
71	23
71	24
71	25
71	26
71	27
71	31
71	32
71	37
71	40
71	41
71	42
71	43
71	45
71	51
71	53
71	55
71	56
71	58
71	59
71	60
71	62
71	63
71	66
71	68
71	69
71	70
71	71
71	73
71	74
71	77
71	78
71	80
71	82
71	84
71	85
72	1
72	5
72	7
72	9
72	10
72	11
72	13
72	15
72	16
72	17
72	18
72	20
72	21
72	22
72	30
72	31
72	32
72	33
72	34
72	37
72	40
72	41
72	44
72	45
72	46
72	47
72	49
72	50
72	51
72	54
72	55
72	56
72	57
72	59
72	61
72	62
72	65
72	67
72	69
72	71
72	73
72	76
72	78
72	81
72	84
73	1
73	2
73	5
73	6
73	8
73	10
73	11
73	12
73	13
73	14
73	15
73	17
73	18
73	19
73	20
73	26
73	27
73	28
73	32
73	34
73	36
73	37
73	39
73	40
73	42
73	46
73	47
73	48
73	49
73	50
73	51
73	52
73	53
73	55
73	56
73	57
73	58
73	59
73	64
73	65
73	66
73	68
73	71
73	72
73	74
73	76
73	77
73	78
73	79
73	80
73	81
73	82
73	84
74	1
74	5
74	6
74	7
74	8
74	9
74	12
74	13
74	14
74	15
74	18
74	19
74	22
74	24
74	25
74	26
74	27
74	29
74	30
74	31
74	33
74	34
74	35
74	37
74	38
74	39
74	43
74	45
74	46
74	47
74	49
74	52
74	55
74	56
74	58
74	59
74	62
74	63
74	64
74	66
74	68
74	69
74	72
74	74
74	75
74	76
74	77
74	78
74	79
74	81
74	83
74	84
74	85
75	3
75	4
75	5
75	6
75	9
75	10
75	11
75	12
75	13
75	17
75	19
75	20
75	21
75	23
75	24
75	28
75	29
75	32
75	33
75	34
75	37
75	38
75	40
75	42
75	43
75	44
75	45
75	48
75	50
75	53
75	54
75	55
75	57
75	59
75	60
75	61
75	64
75	65
75	66
75	67
75	68
75	71
75	72
75	73
75	74
75	76
75	79
75	82
75	83
75	84
75	85
76	3
76	5
76	6
76	7
76	8
76	11
76	16
76	17
76	18
76	20
76	23
76	24
76	27
76	28
76	29
76	30
76	31
76	33
76	39
76	41
76	42
76	43
76	46
76	47
76	48
76	49
76	50
76	51
76	52
76	53
76	57
76	58
76	59
76	60
76	61
76	63
76	64
76	65
76	66
76	68
76	71
76	72
76	76
76	77
76	78
76	79
76	80
76	81
76	83
76	84
77	3
77	4
77	6
77	9
77	10
77	11
77	13
77	15
77	19
77	21
77	23
77	25
77	26
77	28
77	29
77	30
77	31
77	32
77	33
77	35
77	37
77	39
77	41
77	42
77	44
77	45
77	48
77	49
77	51
77	52
77	55
77	56
77	57
77	58
77	59
77	60
77	61
77	64
77	66
77	67
77	68
77	70
77	72
77	73
77	74
77	75
77	76
77	81
77	83
77	84
78	1
78	2
78	3
78	4
78	5
78	8
78	9
78	11
78	14
78	15
78	16
78	17
78	18
78	19
78	20
78	21
78	22
78	25
78	26
78	27
78	28
78	29
78	30
78	31
78	32
78	34
78	35
78	37
78	40
78	42
78	43
78	44
78	47
78	48
78	50
78	51
78	52
78	53
78	54
78	56
78	57
78	58
78	59
78	60
78	61
78	63
78	64
78	65
78	66
78	68
78	70
78	74
78	75
78	77
78	79
78	82
78	83
78	85
79	2
79	3
79	4
79	5
79	8
79	14
79	17
79	18
79	20
79	23
79	24
79	25
79	26
79	28
79	30
79	31
79	32
79	34
79	35
79	36
79	38
79	42
79	44
79	45
79	46
79	47
79	48
79	49
79	51
79	53
79	54
79	56
79	58
79	59
79	63
79	64
79	66
79	68
79	70
79	71
79	72
79	73
79	74
79	75
79	77
79	78
79	79
79	82
79	84
79	85
80	1
80	2
80	3
80	4
80	7
80	8
80	9
80	10
80	11
80	14
80	16
80	18
80	19
80	20
80	21
80	25
80	29
80	36
80	38
80	40
80	43
80	44
80	45
80	48
80	49
80	52
80	53
80	54
80	56
80	61
80	62
80	63
80	65
80	66
80	67
80	69
80	70
80	71
80	72
80	73
80	74
80	75
80	76
80	77
80	81
80	82
80	84
80	85
81	2
81	3
81	4
81	6
81	7
81	8
81	9
81	10
81	11
81	12
81	13
81	14
81	15
81	16
81	17
81	18
81	19
81	20
81	22
81	24
81	26
81	28
81	29
81	30
81	31
81	32
81	33
81	35
81	36
81	38
81	41
81	42
81	43
81	44
81	45
81	46
81	48
81	49
81	50
81	52
81	53
81	55
81	56
81	57
81	58
81	59
81	60
81	61
81	62
81	65
81	66
81	67
81	68
81	72
81	73
81	74
81	76
81	77
81	79
81	81
82	1
82	2
82	3
82	4
82	5
82	6
82	7
82	8
82	9
82	10
82	12
82	14
82	18
82	21
82	22
82	23
82	25
82	26
82	28
82	30
82	31
82	33
82	37
82	38
82	40
82	42
82	44
82	45
82	48
82	51
82	52
82	53
82	54
82	56
82	57
82	59
82	60
82	61
82	62
82	64
82	65
82	66
82	68
82	69
82	70
82	71
82	74
82	77
82	78
82	80
82	81
82	83
83	1
83	6
83	9
83	11
83	13
83	14
83	15
83	16
83	18
83	19
83	21
83	24
83	26
83	27
83	28
83	29
83	30
83	31
83	32
83	35
83	38
83	39
83	40
83	41
83	42
83	43
83	44
83	46
83	47
83	50
83	53
83	55
83	56
83	58
83	59
83	60
83	66
83	67
83	69
83	70
83	72
83	74
83	75
83	76
83	77
83	80
83	81
83	82
83	84
83	85
84	1
84	6
84	8
84	9
84	10
84	11
84	14
84	15
84	16
84	17
84	18
84	20
84	21
84	22
84	24
84	27
84	28
84	30
84	32
84	35
84	36
84	37
84	39
84	44
84	46
84	47
84	48
84	49
84	50
84	52
84	53
84	54
84	55
84	57
84	58
84	59
84	63
84	64
84	66
84	68
84	70
84	71
84	72
84	73
84	74
84	76
84	79
84	82
84	83
84	84
84	85
85	1
85	4
85	5
85	6
85	13
85	14
85	15
85	16
85	17
85	18
85	19
85	21
85	22
85	23
85	26
85	28
85	30
85	34
85	37
85	38
85	39
85	40
85	41
85	42
85	43
85	45
85	47
85	48
85	50
85	53
85	54
85	56
85	58
85	60
85	65
85	67
85	68
85	71
85	72
85	75
85	76
85	78
85	81
85	82
85	83
85	84
85	85
1	86
2	86
3	86
4	86
5	86
6	86
7	86
8	86
9	86
10	86
11	86
12	86
13	86
14	86
15	86
16	86
17	86
18	86
19	86
20	86
21	86
22	86
23	86
24	86
25	86
26	86
27	86
28	86
29	86
30	86
31	86
32	86
33	86
34	86
35	86
36	86
37	86
38	86
39	86
40	86
41	86
42	86
43	86
44	86
45	86
46	86
47	86
48	86
49	86
50	86
51	86
52	86
53	86
54	86
55	86
56	86
57	86
58	86
59	86
60	86
61	86
62	86
63	86
64	86
65	86
66	86
67	86
68	86
69	86
70	86
71	86
72	86
73	86
74	86
75	86
76	86
77	86
78	86
79	86
80	86
81	86
82	86
83	86
84	86
85	86
86	86
