1	1
1	2
1	3
1	4
1	5
1	6
1	7
1	8
1	9
1	10
1	12
1	13
1	14
1	15
1	16
1	19
1	22
1	23
1	24
1	27
1	28
1	29
1	31
1	32
1	39
1	40
1	43
1	44
1	45
1	47
1	48
1	49
1	50
1	51
1	54
1	55
1	57
1	59
1	60
1	61
1	62
1	63
1	64
1	65
1	66
1	67
1	69
1	70
1	72
1	73
1	74
1	75
1	76
1	78
1	80
1	81
1	82
1	83
1	86
1	87
2	1
2	2
2	4
2	6
2	7
2	9
2	14
2	15
2	16
2	20
2	21
2	24
2	26
2	27
2	28
2	29
2	31
2	33
2	34
2	36
2	38
2	42
2	44
2	46
2	47
2	48
2	50
2	52
2	56
2	57
2	60
2	61
2	65
2	67
2	70
2	71
2	72
2	77
2	78
2	79
2	80
2	81
2	83
2	84
3	1
3	2
3	3
3	4
3	5
3	6
3	7
3	8
3	9
3	10
3	11
3	12
3	14
3	16
3	26
3	27
3	28
3	30
3	37
3	38
3	40
3	41
3	42
3	43
3	44
3	45
3	46
3	47
3	49
3	50
3	51
3	52
3	54
3	55
3	56
3	58
3	60
3	61
3	63
3	65
3	66
3	67
3	70
3	71
3	72
3	73
3	74
3	75
3	78
3	84
3	87
4	1
4	2
4	5
4	7
4	8
4	9
4	10
4	13
4	14
4	15
4	16
4	20
4	21
4	22
4	24
4	26
4	28
4	29
4	30
4	31
4	32
4	34
4	35
4	37
4	40
4	42
4	43
4	44
4	46
4	47
4	48
4	51
4	52
4	54
4	55
4	57
4	58
4	59
4	60
4	61
4	64
4	65
4	66
4	68
4	69
4	70
4	71
4	72
4	73
4	74
4	77
4	78
4	79
4	80
4	81
4	82
4	87
5	3
5	4
5	5
5	6
5	8
5	10
5	12
5	13
5	16
5	18
5	19
5	20
5	21
5	22
5	23
5	25
5	27
5	28
5	29
5	31
5	32
5	35
5	36
5	38
5	39
5	42
5	44
5	45
5	46
5	47
5	48
5	50
5	52
5	54
5	55
5	56
5	57
5	58
5	59
5	63
5	64
5	65
5	66
5	67
5	68
5	69
5	70
5	72
5	74
5	75
5	76
5	77
5	78
5	79
5	80
5	83
5	84
5	85
5	87
6	1
6	2
6	3
6	5
6	6
6	7
6	12
6	14
6	15
6	18
6	20
6	22
6	25
6	26
6	28
6	29
6	31
6	34
6	36
6	37
6	38
6	40
6	42
6	43
6	47
6	50
6	51
6	55
6	56
6	59
6	60
6	62
6	64
6	68
6	69
6	71
6	73
6	74
6	77
6	78
6	82
6	83
6	84
6	86
6	87
7	2
7	5
7	6
7	7
7	8
7	9
7	10
7	11
7	13
7	14
7	16
7	18
7	21
7	23
7	26
7	28
7	29
7	30
7	31
7	32
7	33
7	34
7	37
7	39
7	42
7	44
7	45
7	46
7	47
7	48
7	50
7	51
7	52
7	53
7	54
7	56
7	59
7	60
7	62
7	63
7	65
7	68
7	70
7	72
7	73
7	77
7	78
7	79
7	81
7	83
7	85
8	1
8	4
8	6
8	7
8	8
8	9
8	11
8	13
8	14
8	15
8	17
8	18
8	21
8	22
8	23
8	24
8	26
8	27
8	28
8	29
8	35
8	37
8	39
8	40
8	41
8	44
8	45
8	46
8	47
8	49
8	50
8	51
8	53
8	54
8	55
8	56
8	57
8	58
8	59
8	60
8	61
8	63
8	64
8	66
8	68
8	69
8	70
8	72
8	73
8	77
8	78
8	79
8	82
8	83
8	85
8	87
9	5
9	6
9	7
9	8
9	10
9	11
9	14
9	16
9	17
9	18
9	19
9	21
9	22
9	24
9	29
9	30
9	32
9	35
9	36
9	37
9	39
9	40
9	42
9	43
9	44
9	45
9	48
9	49
9	51
9	53
9	54
9	55
9	56
9	58
9	59
9	60
9	62
9	63
9	66
9	67
9	68
9	70
9	71
9	72
9	74
9	75
9	77
9	80
9	83
9	84
9	85
9	86
10	1
10	2
10	3
10	4
10	6
10	8
10	10
10	11
10	12
10	13
10	14
10	15
10	19
10	20
10	23
10	27
10	28
10	29
10	31
10	32
10	33
10	34
10	35
10	37
10	38
10	39
10	40
10	41
10	43
10	45
10	47
10	50
10	52
10	54
10	55
10	56
10	60
10	61
10	62
10	65
10	67
10	68
10	71
10	72
10	73
10	74
10	75
10	76
10	77
10	78
10	80
10	81
10	83
10	84
10	85
10	86
10	87
11	1
11	6
11	7
11	8
11	9
11	11
11	12
11	14
11	18
11	22
11	24
11	25
11	27
11	28
11	32
11	34
11	35
11	36
11	37
11	39
11	40
11	42
11	43
11	45
11	46
11	47
11	48
11	51
11	52
11	54
11	55
11	60
11	61
11	62
11	63
11	64
11	66
11	67
11	68
11	69
11	71
11	73
11	76
11	77
11	80
11	81
11	84
12	1
12	2
12	3
12	5
12	7
12	8
12	14
12	16
12	17
12	18
12	19
12	21
12	22
12	24
12	27
12	30
12	32
12	33
12	35
12	36
12	37
12	39
12	41
12	42
12	44
12	46
12	47
12	50
12	51
12	52
12	53
12	54
12	56
12	58
12	61
12	62
12	63
12	64
12	65
12	66
12	67
12	68
12	70
12	73
12	74
12	76
12	77
12	79
12	80
12	83
12	84
12	85
12	86
12	87
13	1
13	3
13	4
13	5
13	7
13	9
13	14
13	15
13	16
13	17
13	19
13	22
13	23
13	24
13	25
13	28
13	29
13	30
13	31
13	32
13	33
13	34
13	35
13	36
13	37
13	39
13	40
13	41
13	42
13	44
13	46
13	48
13	49
13	51
13	52
13	53
13	54
13	55
13	56
13	59
13	61
13	63
13	65
13	67
13	70
13	71
13	72
13	73
13	74
13	79
13	80
13	81
13	82
13	86
14	1
14	2
14	4
14	6
14	7
14	8
14	9
14	10
14	11
14	14
14	15
14	18
14	19
14	20
14	21
14	22
14	25
14	27
14	28
14	29
14	32
14	34
14	36
14	37
14	38
14	39
14	40
14	43
14	44
14	45
14	46
14	48
14	50
14	51
14	52
14	55
14	56
14	57
14	58
14	59
14	60
14	61
14	63
14	64
14	66
14	67
14	68
14	69
14	70
14	71
14	72
14	74
14	75
14	77
14	80
14	81
14	82
14	83
14	85
14	86
15	1
15	2
15	3
15	4
15	5
15	6
15	9
15	10
15	11
15	13
15	14
15	15
15	17
15	19
15	21
15	22
15	25
15	27
15	28
15	29
15	30
15	31
15	32
15	33
15	34
15	35
15	38
15	39
15	41
15	42
15	43
15	45
15	46
15	48
15	49
15	50
15	53
15	55
15	56
15	57
15	61
15	62
15	63
15	64
15	66
15	67
15	71
15	72
15	73
15	74
15	76
15	79
15	81
15	85
15	86
15	87
16	2
16	3
16	5
16	6
16	8
16	10
16	11
16	12
16	13
16	16
16	17
16	19
16	21
16	23
16	24
16	27
16	28
16	29
16	30
16	31
16	33
16	34
16	35
16	36
16	38
16	39
16	40
16	42
16	44
16	47
16	49
16	51
16	52
16	53
16	57
16	58
16	63
16	64
16	65
16	66
16	67
16	68
16	70
16	72
16	74
16	77
16	78
16	79
16	80
16	82
16	84
16	87
17	2
17	3
17	5
17	6
17	7
17	9
17	10
17	12
17	14
17	16
17	18
17	19
17	20
17	23
17	28
17	29
17	30
17	32
17	33
17	36
17	37
17	38
17	39
17	41
17	43
17	46
17	48
17	50
17	52
17	53
17	54
17	55
17	56
17	57
17	58
17	59
17	60
17	62
17	63
17	64
17	65
17	66
17	69
17	70
17	73
17	74
17	75
17	76
17	77
17	78
17	80
17	81
17	85
17	86
17	87
18	1
18	2
18	3
18	4
18	5
18	6
18	7
18	8
18	10
18	12
18	13
18	14
18	15
18	16
18	17
18	19
18	20
18	22
18	23
18	25
18	26
18	27
18	31
18	33
18	34
18	37
18	38
18	39
18	40
18	41
18	43
18	44
18	45
18	46
18	52
18	54
18	56
18	57
18	59
18	60
18	61
18	62
18	65
18	66
18	69
18	70
18	72
18	74
18	75
18	76
18	77
18	79
18	82
18	84
18	85
18	87
19	2
19	3
19	4
19	5
19	6
19	7
19	8
19	11
19	12
19	13
19	14
19	17
19	18
19	19
19	20
19	21
19	22
19	24
19	26
19	27
19	28
19	31
19	34
19	37
19	38
19	40
19	41
19	43
19	46
19	48
19	50
19	51
19	52
19	53
19	54
19	55
19	56
19	58
19	59
19	60
19	61
19	63
19	64
19	65
19	68
19	69
19	71
19	72
19	75
19	78
19	79
19	80
19	81
19	82
19	83
19	85
19	86
20	3
20	6
20	7
20	8
20	9
20	10
20	12
20	13
20	15
20	17
20	18
20	19
20	20
20	21
20	22
20	23
20	25
20	27
20	28
20	29
20	30
20	33
20	34
20	35
20	36
20	40
20	41
20	43
20	44
20	45
20	47
20	48
20	50
20	53
20	54
20	55
20	56
20	58
20	62
20	63
20	64
20	66
20	68
20	69
20	70
20	71
20	73
20	75
20	76
20	78
20	79
20	82
20	83
20	85
20	87
21	1
21	2
21	4
21	5
21	6
21	8
21	10
21	13
21	16
21	18
21	19
21	20
21	21
21	22
21	23
21	24
21	26
21	28
21	29
21	32
21	33
21	34
21	36
21	41
21	42
21	46
21	49
21	52
21	53
21	55
21	56
21	57
21	60
21	61
21	62
21	65
21	70
21	72
21	74
21	76
21	77
21	79
21	80
21	82
21	85
21	86
21	87
22	2
22	3
22	5
22	8
22	10
22	11
22	12
22	16
22	18
22	21
22	22
22	23
22	24
22	25
22	27
22	28
22	30
22	31
22	32
22	33
22	34
22	35
22	36
22	37
22	40
22	42
22	43
22	44
22	45
22	46
22	48
22	52
22	53
22	56
22	57
22	58
22	59
22	60
22	62
22	64
22	66
22	67
22	68
22	69
22	70
22	72
22	74
22	75
22	76
22	77
22	78
22	79
22	80
22	81
22	85
22	87
23	4
23	5
23	6
23	7
23	8
23	12
23	13
23	16
23	17
23	18
23	19
23	22
23	23
23	27
23	28
23	29
23	30
23	31
23	34
23	35
23	36
23	37
23	38
23	39
23	40
23	41
23	42
23	44
23	45
23	46
23	47
23	48
23	50
23	51
23	52
23	53
23	58
23	59
23	60
23	61
23	62
23	63
23	64
23	66
23	67
23	69
23	70
23	71
23	72
23	74
23	75
23	76
23	79
23	80
23	81
23	82
23	83
23	85
23	86
23	87
24	1
24	2
24	3
24	4
24	6
24	7
24	11
24	13
24	15
24	17
24	19
24	21
24	23
24	24
24	25
24	27
24	28
24	30
24	32
24	33
24	35
24	36
24	38
24	40
24	41
24	42
24	44
24	45
24	46
24	47
24	48
24	49
24	50
24	52
24	53
24	54
24	55
24	56
24	57
24	58
24	62
24	63
24	64
24	65
24	67
24	68
24	70
24	71
24	75
24	76
24	78
24	79
24	81
24	82
24	83
24	84
24	85
24	86
24	87
25	1
25	2
25	3
25	4
25	5
25	12
25	13
25	14
25	16
25	17
25	18
25	19
25	20
25	21
25	25
25	26
25	27
25	28
25	30
25	31
25	32
25	33
25	35
25	36
25	37
25	38
25	40
25	42
25	43
25	45
25	46
25	48
25	49
25	50
25	51
25	52
25	54
25	55
25	60
25	61
25	63
25	64
25	65
25	66
25	69
25	73
25	74
25	75
25	76
25	80
25	81
25	83
25	84
25	86
25	87
26	1
26	5
26	6
26	7
26	10
26	11
26	12
26	13
26	14
26	16
26	18
26	22
26	23
26	24
26	25
26	27
26	28
26	29
26	31
26	32
26	34
26	35
26	36
26	37
26	38
26	40
26	46
26	47
26	48
26	49
26	54
26	55
26	56
26	57
26	59
26	62
26	63
26	65
26	67
26	68
26	70
26	71
26	72
26	75
26	76
26	77
26	78
26	79
26	80
26	81
26	82
26	83
26	84
26	85
26	86
27	1
27	2
27	3
27	4
27	5
27	6
27	7
27	8
27	9
27	11
27	12
27	15
27	16
27	17
27	18
27	19
27	20
27	21
27	22
27	23
27	24
27	25
27	26
27	27
27	29
27	30
27	31
27	32
27	33
27	34
27	36
27	39
27	41
27	43
27	45
27	46
27	47
27	48
27	49
27	52
27	53
27	56
27	57
27	58
27	59
27	60
27	61
27	64
27	66
27	68
27	69
27	72
27	73
27	76
27	77
27	80
27	83
27	85
27	86
27	87
28	1
28	3
28	4
28	5
28	6
28	7
28	8
28	9
28	10
28	11
28	12
28	13
28	14
28	16
28	17
28	19
28	24
28	25
28	27
28	28
28	32
28	33
28	34
28	35
28	37
28	38
28	39
28	41
28	43
28	45
28	46
28	47
28	49
28	50
28	52
28	53
28	54
28	55
28	56
28	57
28	59
28	60
28	61
28	63
28	65
28	66
28	69
28	70
28	71
28	74
28	75
28	79
28	81
28	82
28	84
28	86
29	2
29	3
29	4
29	6
29	7
29	8
29	10
29	11
29	12
29	14
29	17
29	18
29	23
29	24
29	26
29	27
29	28
29	29
29	31
29	33
29	34
29	40
29	42
29	43
29	45
29	46
29	47
29	48
29	49
29	50
29	52
29	53
29	54
29	56
29	57
29	58
29	60
29	63
29	65
29	67
29	69
29	71
29	72
29	75
29	76
29	77
29	78
29	80
29	82
29	83
29	84
29	85
30	1
30	2
30	4
30	6
30	9
30	10
30	11
30	13
30	14
30	16
30	17
30	18
30	21
30	26
30	28
30	29
30	31
30	32
30	33
30	34
30	35
30	36
30	39
30	40
30	41
30	42
30	43
30	44
30	45
30	46
30	49
30	50
30	51
30	52
30	53
30	54
30	55
30	56
30	57
30	58
30	60
30	61
30	64
30	65
30	66
30	70
30	72
30	73
30	77
30	80
30	82
30	86
31	1
31	2
31	3
31	4
31	5
31	6
31	7
31	8
31	9
31	10
31	16
31	17
31	18
31	19
31	20
31	21
31	22
31	23
31	25
31	28
31	29
31	30
31	32
31	35
31	36
31	37
31	38
31	39
31	40
31	41
31	43
31	44
31	46
31	47
31	48
31	49
31	50
31	51
31	54
31	56
31	57
31	58
31	61
31	62
31	64
31	65
31	66
31	67
31	68
31	69
31	71
31	72
31	73
31	75
31	76
31	78
31	79
31	81
31	83
31	86
31	87
32	2
32	3
32	5
32	8
32	9
32	10
32	12
32	13
32	14
32	18
32	19
32	20
32	21
32	22
32	23
32	24
32	25
32	27
32	29
32	30
32	32
32	34
32	35
32	36
32	37
32	40
32	41
32	43
32	45
32	47
32	49
32	50
32	51
32	52
32	53
32	58
32	59
32	60
32	61
32	62
32	64
32	65
32	66
32	67
32	68
32	69
32	74
32	75
32	76
32	78
32	79
32	81
32	82
32	84
32	85
32	86
33	1
33	2
33	4
33	5
33	6
33	8
33	11
33	12
33	13
33	14
33	15
33	16
33	17
33	20
33	21
33	22
33	23
33	25
33	27
33	30
33	32
33	33
33	34
33	36
33	37
33	39
33	40
33	41
33	43
33	44
33	45
33	46
33	47
33	48
33	49
33	51
33	53
33	54
33	55
33	57
33	61
33	62
33	64
33	65
33	69
33	70
33	78
33	80
33	81
33	82
33	83
33	85
33	86
34	1
34	2
34	8
34	10
34	11
34	12
34	13
34	14
34	16
34	17
34	18
34	19
34	22
34	23
34	24
34	26
34	28
34	29
34	31
34	32
34	33
34	35
34	37
34	38
34	40
34	42
34	43
34	45
34	46
34	48
34	50
34	51
34	52
34	53
34	54
34	55
34	56
34	59
34	62
34	64
34	67
34	68
34	71
34	72
34	74
34	75
34	76
34	77
34	78
34	80
34	81
34	84
34	85
34	86
35	1
35	2
35	3
35	4
35	5
35	7
35	8
35	10
35	12
35	14
35	16
35	17
35	20
35	22
35	23
35	24
35	25
35	26
35	27
35	28
35	32
35	33
35	34
35	35
35	36
35	38
35	41
35	42
35	43
35	45
35	46
35	47
35	48
35	55
35	56
35	57
35	58
35	59
35	60
35	62
35	64
35	65
35	66
35	67
35	68
35	69
35	70
35	71
35	72
35	73
35	74
35	75
35	76
35	77
35	79
35	82
35	84
35	85
35	86
35	87
36	1
36	4
36	5
36	7
36	8
36	9
36	11
36	12
36	13
36	16
36	18
36	20
36	26
36	27
36	28
36	29
36	30
36	31
36	32
36	39
36	41
36	43
36	44
36	47
36	48
36	49
36	53
36	54
36	56
36	57
36	58
36	65
36	67
36	70
36	71
36	73
36	74
36	75
36	76
36	78
36	79
36	82
36	83
36	87
37	1
37	2
37	3
37	5
37	10
37	15
37	16
37	17
37	19
37	20
37	24
37	25
37	26
37	27
37	28
37	29
37	30
37	32
37	33
37	34
37	35
37	36
37	39
37	41
37	42
37	43
37	44
37	45
37	46
37	47
37	48
37	49
37	50
37	51
37	52
37	53
37	54
37	57
37	61
37	62
37	63
37	64
37	66
37	67
37	69
37	71
37	72
37	73
37	74
37	75
37	79
37	80
37	81
37	82
37	84
37	85
37	86
37	87
38	1
38	2
38	5
38	7
38	11
38	12
38	15
38	16
38	17
38	18
38	19
38	20
38	21
38	24
38	25
38	27
38	30
38	31
38	32
38	33
38	34
38	36
38	38
38	42
38	43
38	46
38	48
38	50
38	55
38	56
38	57
38	58
38	62
38	64
38	65
38	66
38	67
38	68
38	70
38	72
38	73
38	74
38	76
38	78
38	79
38	80
38	81
38	82
38	86
38	87
39	1
39	2
39	3
39	4
39	5
39	6
39	10
39	12
39	14
39	15
39	18
39	19
39	20
39	22
39	23
39	26
39	27
39	28
39	31
39	32
39	34
39	35
39	36
39	37
39	39
39	40
39	42
39	44
39	45
39	46
39	47
39	48
39	51
39	52
39	53
39	54
39	55
39	56
39	57
39	59
39	61
39	62
39	63
39	68
39	70
39	71
39	75
39	76
39	77
39	79
39	80
39	81
39	83
39	84
39	85
40	1
40	2
40	3
40	4
40	6
40	7
40	9
40	10
40	11
40	12
40	13
40	14
40	16
40	17
40	18
40	20
40	21
40	23
40	24
40	25
40	26
40	27
40	28
40	29
40	30
40	31
40	32
40	33
40	34
40	35
40	36
40	37
40	38
40	40
40	41
40	42
40	44
40	45
40	48
40	49
40	52
40	53
40	55
40	57
40	59
40	60
40	61
40	63
40	64
40	66
40	67
40	71
40	73
40	75
40	78
40	80
40	81
40	82
40	83
40	84
40	85
40	87
41	1
41	2
41	3
41	4
41	5
41	6
41	7
41	8
41	9
41	10
41	11
41	12
41	13
41	15
41	16
41	17
41	18
41	19
41	21
41	22
41	25
41	26
41	27
41	28
41	29
41	32
41	37
41	40
41	41
41	45
41	46
41	49
41	50
41	51
41	53
41	54
41	55
41	57
41	59
41	60
41	61
41	62
41	63
41	66
41	67
41	68
41	70
41	71
41	73
41	75
41	78
41	79
41	80
41	81
41	82
41	83
41	84
41	85
41	86
42	1
42	2
42	4
42	7
42	8
42	10
42	14
42	15
42	17
42	18
42	19
42	20
42	21
42	22
42	23
42	27
42	28
42	30
42	32
42	33
42	35
42	36
42	38
42	39
42	40
42	42
42	43
42	44
42	45
42	46
42	47
42	49
42	50
42	51
42	52
42	53
42	55
42	56
42	57
42	58
42	59
42	60
42	63
42	64
42	66
42	67
42	68
42	69
42	70
42	71
42	72
42	73
42	76
42	77
42	81
42	82
42	83
42	84
42	85
42	86
42	87
43	3
43	4
43	6
43	8
43	9
43	11
43	12
43	14
43	15
43	17
43	19
43	20
43	23
43	24
43	25
43	26
43	28
43	31
43	32
43	34
43	36
43	37
43	38
43	39
43	41
43	43
43	44
43	46
43	47
43	48
43	49
43	50
43	52
43	53
43	55
43	57
43	59
43	60
43	61
43	62
43	65
43	67
43	68
43	69
43	71
43	72
43	73
43	76
43	77
43	78
43	79
43	80
43	82
43	84
44	3
44	5
44	6
44	8
44	9
44	11
44	12
44	13
44	14
44	16
44	18
44	20
44	22
44	24
44	25
44	26
44	27
44	28
44	29
44	30
44	31
44	37
44	41
44	42
44	44
44	45
44	48
44	52
44	53
44	54
44	56
44	57
44	58
44	60
44	61
44	63
44	64
44	65
44	68
44	69
44	70
44	72
44	75
44	77
44	78
44	79
44	80
44	81
44	82
44	83
44	84
44	85
44	86
44	87
45	3
45	4
45	9
45	10
45	11
45	12
45	14
45	19
45	21
45	24
45	25
45	26
45	28
45	29
45	30
45	32
45	33
45	35
45	37
45	38
45	39
45	41
45	42
45	43
45	45
45	46
45	48
45	49
45	50
45	52
45	57
45	58
45	60
45	64
45	65
45	66
45	67
45	68
45	70
45	71
45	72
45	73
45	74
45	75
45	76
45	78
45	79
45	80
45	82
45	83
45	84
45	85
45	86
45	87
46	1
46	4
46	6
46	7
46	8
46	10
46	15
46	17
46	18
46	19
46	21
46	22
46	25
46	26
46	27
46	29
46	30
46	32
46	35
46	36
46	38
46	39
46	41
46	43
46	44
46	46
46	47
46	48
46	49
46	50
46	53
46	55
46	56
46	58
46	60
46	61
46	64
46	67
46	68
46	69
46	70
46	71
46	74
46	75
46	78
46	80
46	81
46	82
46	83
46	84
47	2
47	5
47	6
47	8
47	9
47	10
47	11
47	12
47	15
47	17
47	19
47	20
47	21
47	24
47	25
47	26
47	30
47	31
47	32
47	34
47	35
47	39
47	41
47	42
47	44
47	45
47	46
47	47
47	48
47	50
47	51
47	52
47	53
47	54
47	55
47	56
47	57
47	59
47	60
47	62
47	63
47	65
47	66
47	67
47	68
47	69
47	71
47	72
47	73
47	74
47	76
47	77
47	80
47	81
47	83
47	84
47	85
48	1
48	2
48	3
48	4
48	6
48	7
48	8
48	9
48	13
48	15
48	16
48	17
48	20
48	21
48	22
48	23
48	24
48	25
48	26
48	28
48	31
48	33
48	34
48	35
48	38
48	39
48	41
48	42
48	43
48	44
48	46
48	47
48	48
48	49
48	50
48	53
48	54
48	55
48	56
48	57
48	58
48	59
48	60
48	63
48	64
48	65
48	67
48	68
48	69
48	70
48	71
48	76
48	78
48	79
48	80
48	82
48	85
48	86
48	87
49	4
49	5
49	6
49	7
49	8
49	10
49	11
49	14
49	16
49	19
49	21
49	22
49	24
49	25
49	26
49	27
49	28
49	31
49	32
49	33
49	35
49	36
49	40
49	42
49	43
49	47
49	48
49	49
49	50
49	51
49	52
49	54
49	55
49	56
49	58
49	60
49	61
49	63
49	66
49	69
49	71
49	73
49	74
49	75
49	76
49	80
49	81
49	83
49	84
49	85
49	86
50	1
50	2
50	3
50	5
50	7
50	9
50	10
50	11
50	12
50	14
50	16
50	17
50	18
50	19
50	20
50	22
50	24
50	25
50	26
50	31
50	32
50	33
50	34
50	37
50	38
50	39
50	40
50	42
50	43
50	45
50	46
50	47
50	49
50	50
50	51
50	54
50	56
50	60
50	61
50	62
50	63
50	65
50	66
50	67
50	68
50	72
50	75
50	82
50	83
50	84
50	86
51	1
51	2
51	3
51	6
51	7
51	8
51	11
51	12
51	13
51	16
51	17
51	18
51	19
51	20
51	21
51	23
51	25
51	26
51	27
51	29
51	30
51	32
51	33
51	37
51	38
51	39
51	40
51	41
51	45
51	46
51	47
51	49
51	51
51	52
51	53
51	55
51	57
51	59
51	60
51	64
51	66
51	67
51	70
51	73
51	74
51	75
51	76
51	78
51	79
51	80
51	81
51	82
51	83
51	84
51	85
51	86
51	87
52	1
52	2
52	5
52	6
52	7
52	9
52	10
52	12
52	13
52	14
52	15
52	16
52	17
52	18
52	20
52	21
52	22
52	23
52	25
52	26
52	28
52	29
52	30
52	31
52	33
52	36
52	37
52	40
52	41
52	42
52	44
52	47
52	48
52	49
52	52
52	54
52	56
52	57
52	58
52	60
52	63
52	65
52	67
52	68
52	70
52	74
52	77
52	79
52	81
52	83
52	84
52	86
52	87
53	4
53	6
53	7
53	8
53	9
53	10
53	11
53	12
53	13
53	14
53	15
53	17
53	18
53	20
53	23
53	24
53	25
53	29
53	30
53	31
53	34
53	36
53	37
53	39
53	41
53	42
53	47
53	48
53	50
53	51
53	52
53	53
53	55
53	57
53	58
53	59
53	60
53	61
53	62
53	64
53	65
53	66
53	69
53	71
53	72
53	73
53	74
53	77
53	78
53	79
53	80
53	83
53	84
53	87
54	5
54	7
54	8
54	9
54	10
54	12
54	13
54	14
54	17
54	18
54	19
54	20
54	21
54	23
54	24
54	25
54	26
54	27
54	28
54	29
54	30
54	34
54	36
54	37
54	38
54	40
54	41
54	42
54	44
54	46
54	47
54	49
54	50
54	52
54	53
54	54
54	55
54	56
54	58
54	60
54	61
54	63
54	64
54	65
54	66
54	67
54	69
54	70
54	71
54	74
54	77
54	80
54	82
54	83
54	85
54	86
54	87
55	1
55	2
55	3
55	5
55	6
55	7
55	8
55	11
55	12
55	14
55	15
55	16
55	17
55	19
55	20
55	23
55	25
55	26
55	27
55	29
55	31
55	34
55	35
55	36
55	37
55	41
55	42
55	43
55	45
55	46
55	50
55	51
55	52
55	53
55	54
55	55
55	56
55	57
55	60
55	61
55	64
55	65
55	66
55	67
55	70
55	72
55	73
55	76
55	77
55	78
55	80
55	81
55	84
55	86
56	2
56	3
56	7
56	8
56	10
56	12
56	13
56	16
56	17
56	19
56	20
56	21
56	23
56	24
56	25
56	28
56	29
56	30
56	32
56	33
56	36
56	37
56	38
56	39
56	40
56	41
56	42
56	44
56	45
56	46
56	47
56	48
56	52
56	53
56	54
56	55
56	56
56	57
56	58
56	59
56	60
56	61
56	62
56	65
56	66
56	68
56	69
56	71
56	72
56	73
56	75
56	76
56	77
56	82
56	83
56	84
56	86
56	87
57	1
57	2
57	3
57	4
57	5
57	6
57	7
57	8
57	9
57	10
57	11
57	12
57	14
57	15
57	16
57	20
57	21
57	22
57	23
57	24
57	26
57	27
57	28
57	29
57	31
57	33
57	34
57	35
57	37
57	38
57	39
57	40
57	41
57	43
57	44
57	45
57	47
57	48
57	49
57	51
57	52
57	53
57	54
57	55
57	56
57	57
57	59
57	60
57	62
57	63
57	64
57	65
57	66
57	68
57	69
57	72
57	73
57	74
57	75
57	76
57	78
57	79
57	80
57	85
57	87
58	2
58	5
58	6
58	8
58	11
58	12
58	13
58	15
58	18
58	19
58	20
58	21
58	22
58	23
58	24
58	25
58	27
58	28
58	29
58	30
58	32
58	34
58	35
58	37
58	39
58	40
58	41
58	42
58	43
58	44
58	45
58	46
58	47
58	50
58	51
58	52
58	53
58	54
58	58
58	59
58	60
58	61
58	62
58	65
58	67
58	69
58	70
58	72
58	73
58	74
58	75
58	76
58	77
58	78
58	79
58	84
58	85
58	86
58	87
59	1
59	2
59	5
59	7
59	8
59	9
59	10
59	11
59	12
59	13
59	15
59	16
59	17
59	19
59	20
59	21
59	23
59	24
59	25
59	26
59	27
59	28
59	30
59	32
59	33
59	34
59	35
59	36
59	37
59	39
59	42
59	45
59	47
59	50
59	54
59	55
59	60
59	61
59	62
59	63
59	66
59	67
59	71
59	74
59	75
59	76
59	77
59	78
59	79
59	81
59	82
59	83
59	84
59	85
59	87
60	2
60	3
60	5
60	8
60	10
60	14
60	18
60	19
60	20
60	21
60	24
60	25
60	26
60	28
60	29
60	31
60	32
60	33
60	34
60	38
60	39
60	40
60	44
60	45
60	46
60	47
60	48
60	52
60	54
60	57
60	58
60	59
60	61
60	62
60	64
60	65
60	67
60	70
60	71
60	72
60	73
60	74
60	77
60	78
60	79
60	81
60	82
60	83
60	85
60	86
61	1
61	3
61	4
61	6
61	7
61	8
61	10
61	11
61	13
61	14
61	16
61	18
61	19
61	20
61	22
61	23
61	24
61	27
61	28
61	29
61	31
61	32
61	33
61	34
61	36
61	37
61	38
61	39
61	40
61	41
61	44
61	45
61	46
61	48
61	49
61	50
61	55
61	56
61	58
61	62
61	63
61	64
61	71
61	73
61	74
61	75
61	76
61	77
61	79
61	80
61	82
61	84
61	86
61	87
62	1
62	3
62	4
62	5
62	7
62	9
62	13
62	14
62	16
62	17
62	18
62	19
62	20
62	21
62	22
62	23
62	24
62	25
62	26
62	28
62	29
62	33
62	34
62	35
62	38
62	40
62	41
62	42
62	43
62	44
62	45
62	46
62	48
62	49
62	52
62	53
62	58
62	59
62	60
62	65
62	68
62	70
62	72
62	73
62	76
62	77
62	78
62	79
62	84
62	87
63	3
63	4
63	6
63	10
63	11
63	18
63	20
63	21
63	24
63	25
63	26
63	27
63	29
63	30
63	31
63	32
63	33
63	34
63	35
63	36
63	37
63	38
63	39
63	40
63	42
63	43
63	48
63	50
63	51
63	52
63	55
63	58
63	59
63	61
63	62
63	63
63	68
63	70
63	71
63	72
63	73
63	76
63	78
63	80
63	81
63	84
63	86
63	87
64	1
64	5
64	6
64	8
64	10
64	12
64	13
64	17
64	20
64	21
64	23
64	25
64	26
64	27
64	28
64	30
64	35
64	37
64	38
64	39
64	40
64	42
64	43
64	48
64	50
64	51
64	53
64	55
64	56
64	57
64	58
64	59
64	60
64	61
64	62
64	63
64	64
64	65
64	67
64	68
64	69
64	71
64	73
64	74
64	79
64	80
64	81
64	84
64	86
65	2
65	4
65	5
65	6
65	7
65	10
65	11
65	14
65	15
65	16
65	17
65	19
65	20
65	21
65	22
65	23
65	27
65	29
65	30
65	31
65	34
65	36
65	37
65	38
65	39
65	40
65	41
65	42
65	43
65	44
65	47
65	49
65	50
65	54
65	56
65	58
65	61
65	63
65	64
65	65
65	66
65	67
65	68
65	69
65	70
65	72
65	73
65	75
65	78
65	81
65	82
65	83
65	85
65	86
65	87
66	2
66	3
66	4
66	5
66	6
66	8
66	9
66	10
66	12
66	13
66	15
66	16
66	18
66	19
66	20
66	21
66	23
66	25
66	26
66	27
66	28
66	29
66	30
66	31
66	32
66	37
66	39
66	40
66	41
66	44
66	45
66	46
66	48
66	52
66	54
66	56
66	57
66	58
66	59
66	63
66	65
66	71
66	74
66	76
66	82
66	83
66	85
66	86
66	87
67	1
67	6
67	7
67	8
67	9
67	10
67	15
67	16
67	17
67	20
67	21
67	22
67	23
67	28
67	29
67	30
67	32
67	34
67	35
67	38
67	39
67	40
67	41
67	42
67	43
67	44
67	47
67	48
67	50
67	51
67	52
67	54
67	55
67	56
67	57
67	59
67	60
67	61
67	62
67	63
67	67
67	68
67	69
67	71
67	72
67	73
67	74
67	76
67	77
67	79
67	80
67	81
67	83
67	85
67	86
67	87
68	2
68	4
68	5
68	7
68	11
68	12
68	15
68	16
68	19
68	24
68	25
68	26
68	27
68	28
68	30
68	32
68	33
68	34
68	35
68	38
68	40
68	41
68	42
68	44
68	45
68	47
68	48
68	51
68	52
68	54
68	55
68	56
68	58
68	61
68	62
68	63
68	64
68	65
68	66
68	67
68	68
68	72
68	73
68	74
68	76
68	77
68	78
68	79
68	80
68	81
68	82
68	83
68	84
68	85
68	86
68	87
69	1
69	3
69	4
69	7
69	11
69	12
69	13
69	15
69	18
69	19
69	21
69	22
69	25
69	26
69	27
69	31
69	33
69	35
69	36
69	39
69	40
69	42
69	45
69	46
69	47
69	48
69	49
69	51
69	54
69	55
69	56
69	57
69	58
69	59
69	61
69	63
69	64
69	65
69	66
69	68
69	70
69	72
69	73
69	74
69	75
69	76
69	77
69	78
69	79
69	80
69	81
69	82
69	83
70	2
70	6
70	9
70	12
70	13
70	14
70	15
70	16
70	17
70	20
70	21
70	25
70	26
70	28
70	29
70	32
70	34
70	38
70	39
70	41
70	44
70	45
70	46
70	47
70	48
70	49
70	51
70	53
70	54
70	55
70	56
70	59
70	61
70	62
70	63
70	64
70	65
70	73
70	75
70	77
70	81
70	83
70	84
70	85
70	87
71	3
71	4
71	5
71	6
71	7
71	8
71	9
71	11
71	15
71	19
71	20
71	22
71	23
71	24
71	26
71	28
71	29
71	30
71	32
71	34
71	38
71	42
71	44
71	45
71	46
71	47
71	48
71	49
71	51
71	54
71	55
71	57
71	58
71	60
71	61
71	62
71	63
71	64
71	66
71	69
71	70
71	74
71	77
71	78
71	80
71	81
71	82
71	83
71	85
71	86
71	87
72	1
72	2
72	3
72	5
72	7
72	8
72	10
72	11
72	14
72	15
72	16
72	19
72	20
72	21
72	22
72	23
72	24
72	25
72	26
72	27
72	28
72	29
72	31
72	32
72	33
72	34
72	35
72	37
72	38
72	40
72	41
72	43
72	45
72	46
72	47
72	49
72	52
72	53
72	54
72	55
72	56
72	57
72	58
72	60
72	61
72	63
72	64
72	69
72	70
72	72
72	75
72	77
72	78
72	79
72	81
72	82
72	83
72	84
72	85
72	86
73	1
73	2
73	6
73	7
73	8
73	9
73	11
73	12
73	13
73	14
73	15
73	16
73	17
73	24
73	25
73	27
73	29
73	30
73	31
73	32
73	35
73	36
73	37
73	39
73	41
73	44
73	46
73	47
73	48
73	49
73	50
73	52
73	53
73	55
73	58
73	60
73	61
73	62
73	63
73	65
73	66
73	67
73	68
73	70
73	71
73	72
73	73
73	74
73	76
73	78
73	80
73	82
73	83
73	85
73	86
73	87
74	1
74	2
74	7
74	8
74	10
74	11
74	14
74	16
74	20
74	22
74	24
74	25
74	27
74	30
74	31
74	32
74	34
74	35
74	36
74	37
74	39
74	40
74	41
74	42
74	43
74	46
74	49
74	50
74	52
74	53
74	55
74	56
74	57
74	58
74	60
74	61
74	62
74	63
74	64
74	66
74	68
74	69
74	71
74	72
74	73
74	74
74	76
74	77
74	78
74	79
74	82
74	84
75	1
75	2
75	4
75	5
75	6
75	7
75	8
75	10
75	11
75	12
75	14
75	15
75	16
75	17
75	18
75	19
75	21
75	22
75	25
75	26
75	28
75	29
75	30
75	31
75	35
75	36
75	37
75	38
75	41
75	42
75	46
75	47
75	50
75	51
75	54
75	56
75	57
75	59
75	60
75	61
75	62
75	63
75	66
75	69
75	72
75	73
75	74
75	75
75	76
75	77
75	78
75	83
75	85
76	1
76	2
76	3
76	6
76	7
76	10
76	11
76	15
76	16
76	18
76	19
76	20
76	21
76	22
76	23
76	25
76	26
76	28
76	29
76	30
76	31
76	32
76	34
76	35
76	36
76	37
76	39
76	43
76	45
76	46
76	49
76	50
76	53
76	54
76	55
76	56
76	57
76	58
76	59
76	60
76	61
76	62
76	63
76	64
76	65
76	68
76	69
76	70
76	71
76	73
76	77
76	80
76	84
76	85
76	86
76	87
77	2
77	5
77	6
77	7
77	10
77	11
77	14
77	15
77	16
77	18
77	20
77	21
77	23
77	25
77	26
77	28
77	29
77	32
77	33
77	36
77	37
77	40
77	41
77	42
77	44
77	47
77	48
77	49
77	51
77	53
77	54
77	55
77	56
77	59
77	60
77	64
77	67
77	68
77	70
77	71
77	72
77	73
77	75
77	77
77	78
77	80
77	81
77	82
77	83
77	84
77	85
77	86
77	87
78	2
78	3
78	5
78	6
78	7
78	8
78	9
78	10
78	11
78	13
78	14
78	16
78	17
78	19
78	20
78	21
78	22
78	23
78	24
78	25
78	26
78	27
78	28
78	30
78	31
78	32
78	33
78	34
78	35
78	36
78	37
78	38
78	39
78	41
78	42
78	44
78	47
78	48
78	50
78	51
78	53
78	55
78	56
78	57
78	58
78	59
78	61
78	62
78	64
78	66
78	67
78	68
78	69
78	70
78	71
78	72
78	75
78	76
78	77
78	78
78	79
78	82
78	83
78	86
78	87
79	1
79	3
79	4
79	5
79	6
79	7
79	8
79	9
79	10
79	12
79	15
79	18
79	21
79	22
79	23
79	25
79	26
79	29
79	30
79	31
79	32
79	33
79	34
79	35
79	36
79	37
79	38
79	40
79	41
79	42
79	43
79	45
79	46
79	47
79	48
79	50
79	51
79	52
79	53
79	54
79	55
79	58
79	59
79	60
79	64
79	65
79	66
79	67
79	69
79	71
79	72
79	73
79	74
79	75
79	76
79	77
79	78
79	79
79	80
79	81
79	82
79	84
79	85
79	87
80	1
80	2
80	3
80	6
80	7
80	8
80	10
80	12
80	14
80	17
80	18
80	19
80	20
80	21
80	22
80	24
80	25
80	26
80	27
80	28
80	31
80	32
80	33
80	34
80	35
80	36
80	37
80	38
80	39
80	41
80	42
80	44
80	48
80	49
80	50
80	53
80	56
80	59
80	60
80	61
80	62
80	63
80	64
80	65
80	66
80	67
80	68
80	70
80	71
80	72
80	73
80	74
80	75
80	77
80	78
80	81
80	82
80	83
80	84
80	85
80	86
81	1
81	5
81	7
81	9
81	10
81	11
81	12
81	16
81	17
81	19
81	21
81	24
81	25
81	26
81	27
81	30
81	33
81	35
81	36
81	38
81	39
81	40
81	41
81	42
81	43
81	47
81	48
81	49
81	53
81	56
81	58
81	59
81	62
81	63
81	64
81	69
81	70
81	71
81	73
81	75
81	76
81	77
81	78
81	80
81	81
81	84
81	85
81	86
81	87
82	3
82	4
82	5
82	6
82	8
82	9
82	11
82	14
82	15
82	16
82	18
82	20
82	21
82	22
82	24
82	26
82	28
82	30
82	31
82	34
82	36
82	37
82	38
82	39
82	40
82	41
82	45
82	46
82	48
82	49
82	50
82	51
82	52
82	53
82	54
82	56
82	58
82	60
82	61
82	62
82	64
82	65
82	66
82	67
82	68
82	69
82	72
82	73
82	74
82	75
82	77
82	78
82	79
82	80
82	82
82	83
82	84
82	86
82	87
83	1
83	2
83	5
83	6
83	7
83	8
83	10
83	12
83	14
83	15
83	16
83	17
83	19
83	21
83	22
83	24
83	25
83	27
83	28
83	29
83	30
83	31
83	32
83	33
83	35
83	37
83	38
83	39
83	40
83	43
83	45
83	48
83	53
83	54
83	55
83	57
83	58
83	59
83	60
83	61
83	62
83	63
83	65
83	68
83	69
83	70
83	71
83	72
83	73
83	76
83	77
83	78
83	79
83	80
83	81
83	82
83	83
83	84
83	85
83	86
84	2
84	3
84	4
84	6
84	7
84	11
84	12
84	14
84	16
84	19
84	20
84	21
84	22
84	23
84	24
84	25
84	26
84	29
84	31
84	32
84	34
84	35
84	36
84	37
84	38
84	39
84	41
84	42
84	46
84	47
84	49
84	50
84	52
84	54
84	55
84	56
84	57
84	58
84	61
84	62
84	63
84	64
84	65
84	68
84	70
84	71
84	74
84	76
84	77
84	78
84	79
84	80
84	81
84	83
84	84
84	86
84	87
85	2
85	3
85	5
85	6
85	8
85	9
85	10
85	13
85	14
85	15
85	20
85	21
85	23
85	25
85	26
85	27
85	31
85	32
85	33
85	34
85	36
85	37
85	38
85	39
85	41
85	42
85	43
85	44
85	45
85	47
85	48
85	49
85	50
85	51
85	52
85	53
85	55
85	56
85	58
85	61
85	64
85	66
85	70
85	72
85	74
85	76
85	77
85	79
85	81
85	82
85	83
85	85
86	3
86	4
86	10
86	14
86	16
86	17
86	18
86	19
86	20
86	21
86	22
86	23
86	26
86	27
86	28
86	29
86	32
86	33
86	35
86	36
86	37
86	38
86	39
86	41
86	45
86	46
86	47
86	48
86	50
86	52
86	53
86	59
86	60
86	61
86	62
86	63
86	64
86	67
86	68
86	71
86	72
86	73
86	75
86	76
86	78
86	80
86	81
86	82
86	83
86	84
86	86
87	1
87	2
87	3
87	5
87	6
87	7
87	8
87	9
87	10
87	12
87	14
87	15
87	16
87	17
87	19
87	22
87	23
87	24
87	25
87	26
87	28
87	29
87	30
87	31
87	32
87	33
87	38
87	39
87	40
87	41
87	42
87	43
87	44
87	45
87	46
87	49
87	50
87	51
87	52
87	53
87	54
87	55
87	56
87	57
87	59
87	62
87	63
87	64
87	66
87	67
87	69
87	70
87	72
87	74
87	75
87	77
87	78
87	79
87	82
87	83
87	84
87	85
87	86
1	88
2	88
3	88
4	88
5	88
6	88
7	88
8	88
9	88
10	88
11	88
12	88
13	88
14	88
15	88
16	88
17	88
18	88
19	88
20	88
21	88
22	88
23	88
24	88
25	88
26	88
27	88
28	88
29	88
30	88
31	88
32	88
33	88
34	88
35	88
36	88
37	88
38	88
39	88
40	88
41	88
42	88
43	88
44	88
45	88
46	88
47	88
48	88
49	88
50	88
51	88
52	88
53	88
54	88
55	88
56	88
57	88
58	88
59	88
60	88
61	88
62	88
63	88
64	88
65	88
66	88
67	88
68	88
69	88
70	88
71	88
72	88
73	88
74	88
75	88
76	88
77	88
78	88
79	88
80	88
81	88
82	88
83	88
84	88
85	88
86	88
87	88
88	88
