1	1
1	3
1	4
1	5
1	6
1	7
1	8
1	9
1	10
1	11
1	13
1	14
1	17
1	18
1	20
1	23
1	24
1	25
1	26
1	27
1	30
1	31
1	33
1	34
1	35
1	36
1	37
1	38
1	41
1	43
1	44
1	45
1	47
1	50
1	54
1	55
1	56
1	57
1	58
1	64
1	65
1	68
1	70
1	72
1	73
1	74
1	75
1	76
1	77
1	78
1	80
1	81
1	82
1	85
1	86
1	87
1	88
1	90
2	3
2	4
2	5
2	7
2	9
2	11
2	12
2	14
2	16
2	17
2	18
2	19
2	22
2	23
2	24
2	25
2	29
2	30
2	31
2	35
2	36
2	37
2	38
2	39
2	41
2	43
2	44
2	47
2	48
2	52
2	54
2	55
2	58
2	59
2	60
2	64
2	65
2	68
2	70
2	71
2	72
2	73
2	76
2	77
2	78
2	79
2	80
2	81
2	82
2	87
2	88
2	89
2	90
3	1
3	2
3	4
3	5
3	7
3	8
3	11
3	12
3	13
3	14
3	15
3	17
3	18
3	19
3	20
3	23
3	24
3	25
3	26
3	28
3	30
3	31
3	33
3	34
3	35
3	36
3	37
3	38
3	40
3	41
3	46
3	47
3	48
3	49
3	50
3	51
3	53
3	54
3	58
3	59
3	60
3	61
3	62
3	64
3	67
3	70
3	71
3	72
3	73
3	74
3	75
3	76
3	77
3	78
3	80
3	82
3	83
3	84
3	85
3	87
3	88
3	90
4	2
4	3
4	6
4	7
4	8
4	9
4	10
4	11
4	12
4	13
4	14
4	16
4	18
4	19
4	21
4	22
4	24
4	25
4	26
4	29
4	30
4	31
4	32
4	34
4	35
4	38
4	40
4	41
4	43
4	44
4	45
4	46
4	47
4	48
4	49
4	51
4	52
4	53
4	54
4	55
4	56
4	57
4	58
4	60
4	61
4	62
4	63
4	64
4	65
4	69
4	73
4	74
4	77
4	78
4	79
4	80
4	81
4	82
4	83
4	84
4	86
4	87
5	3
5	4
5	5
5	6
5	8
5	9
5	10
5	11
5	13
5	14
5	15
5	16
5	18
5	19
5	20
5	22
5	23
5	24
5	25
5	28
5	30
5	31
5	35
5	37
5	41
5	42
5	43
5	44
5	47
5	49
5	51
5	53
5	54
5	56
5	57
5	58
5	59
5	60
5	61
5	63
5	65
5	67
5	68
5	69
5	70
5	71
5	72
5	73
5	76
5	77
5	79
5	80
5	81
5	82
5	83
5	84
5	86
5	87
5	90
6	3
6	5
6	7
6	8
6	11
6	12
6	13
6	14
6	17
6	18
6	19
6	20
6	22
6	23
6	24
6	25
6	26
6	27
6	28
6	31
6	32
6	34
6	36
6	37
6	38
6	39
6	40
6	41
6	43
6	44
6	45
6	47
6	48
6	52
6	55
6	56
6	57
6	58
6	59
6	61
6	62
6	64
6	66
6	67
6	69
6	70
6	75
6	77
6	78
6	79
6	81
6	82
6	83
6	85
6	87
6	88
6	89
7	3
7	4
7	5
7	6
7	9
7	10
7	13
7	14
7	16
7	17
7	18
7	19
7	20
7	22
7	23
7	24
7	25
7	28
7	29
7	30
7	32
7	33
7	34
7	35
7	37
7	38
7	40
7	41
7	42
7	44
7	47
7	48
7	49
7	50
7	51
7	52
7	54
7	55
7	57
7	60
7	61
7	62
7	63
7	64
7	66
7	67
7	68
7	69
7	70
7	71
7	72
7	74
7	76
7	77
7	80
7	82
7	83
7	84
7	88
7	90
8	3
8	4
8	6
8	8
8	9
8	10
8	11
8	12
8	13
8	14
8	16
8	17
8	18
8	21
8	22
8	23
8	25
8	26
8	27
8	28
8	29
8	30
8	32
8	34
8	35
8	36
8	39
8	41
8	45
8	46
8	47
8	48
8	49
8	50
8	51
8	53
8	57
8	58
8	59
8	61
8	62
8	63
8	64
8	65
8	66
8	67
8	69
8	70
8	71
8	72
8	74
8	75
8	76
8	77
8	81
8	86
8	87
8	88
8	89
9	2
9	3
9	4
9	9
9	10
9	11
9	14
9	16
9	18
9	19
9	21
9	22
9	25
9	26
9	27
9	29
9	30
9	32
9	34
9	35
9	36
9	37
9	38
9	39
9	40
9	41
9	42
9	43
9	45
9	46
9	47
9	48
9	49
9	51
9	52
9	54
9	55
9	57
9	60
9	62
9	63
9	66
9	68
9	70
9	71
9	72
9	74
9	77
9	81
9	82
9	83
9	84
9	86
9	88
9	89
10	2
10	3
10	4
10	6
10	7
10	8
10	9
10	10
10	13
10	14
10	15
10	16
10	17
10	18
10	19
10	20
10	21
10	22
10	23
10	24
10	25
10	28
10	30
10	32
10	33
10	34
10	35
10	36
10	37
10	38
10	39
10	40
10	41
10	42
10	45
10	46
10	47
10	48
10	49
10	50
10	52
10	54
10	55
10	58
10	59
10	60
10	62
10	63
10	64
10	65
10	66
10	67
10	68
10	70
10	72
10	75
10	76
10	77
10	79
10	80
10	81
10	83
10	84
10	85
10	86
10	87
10	88
10	89
10	90
11	1
11	2
11	7
11	8
11	10
11	13
11	15
11	16
11	17
11	20
11	21
11	22
11	25
11	26
11	27
11	28
11	30
11	31
11	33
11	34
11	40
11	42
11	43
11	45
11	46
11	47
11	48
11	51
11	52
11	53
11	54
11	55
11	56
11	59
11	63
11	65
11	67
11	69
11	70
11	71
11	73
11	74
11	77
11	79
11	80
11	81
11	82
11	83
11	84
11	85
11	87
11	88
11	89
11	90
12	1
12	2
12	3
12	7
12	11
12	12
12	13
12	14
12	17
12	18
12	19
12	20
12	21
12	23
12	24
12	25
12	26
12	27
12	28
12	29
12	31
12	32
12	33
12	34
12	36
12	42
12	44
12	45
12	46
12	49
12	51
12	52
12	53
12	55
12	56
12	57
12	60
12	61
12	64
12	67
12	70
12	71
12	72
12	74
12	76
12	78
12	79
12	83
12	84
12	85
12	89
13	2
13	3
13	5
13	7
13	8
13	10
13	13
13	14
13	19
13	20
13	23
13	25
13	26
13	27
13	28
13	29
13	30
13	32
13	34
13	36
13	39
13	40
13	41
13	44
13	45
13	46
13	47
13	48
13	51
13	52
13	53
13	54
13	55
13	56
13	59
13	60
13	61
13	62
13	63
13	65
13	67
13	69
13	70
13	72
13	73
13	74
13	75
13	77
13	79
13	80
13	82
13	84
13	85
13	86
13	89
13	90
14	1
14	2
14	3
14	4
14	7
14	8
14	9
14	14
14	16
14	17
14	19
14	21
14	26
14	27
14	29
14	30
14	31
14	33
14	34
14	36
14	39
14	42
14	43
14	44
14	47
14	49
14	50
14	52
14	54
14	55
14	56
14	57
14	58
14	62
14	63
14	65
14	66
14	69
14	70
14	71
14	72
14	73
14	76
14	81
14	82
14	83
14	86
14	89
14	90
15	1
15	2
15	5
15	6
15	7
15	8
15	9
15	10
15	11
15	13
15	14
15	15
15	16
15	19
15	21
15	24
15	25
15	26
15	27
15	28
15	29
15	30
15	31
15	32
15	33
15	34
15	35
15	38
15	39
15	40
15	41
15	42
15	43
15	44
15	46
15	47
15	49
15	54
15	56
15	57
15	60
15	62
15	65
15	67
15	68
15	69
15	72
15	74
15	75
15	76
15	79
15	81
15	84
15	85
15	88
15	90
16	1
16	2
16	3
16	4
16	6
16	8
16	11
16	13
16	15
16	16
16	17
16	18
16	19
16	20
16	21
16	22
16	23
16	25
16	26
16	28
16	29
16	30
16	31
16	34
16	35
16	36
16	37
16	41
16	42
16	43
16	44
16	47
16	48
16	50
16	51
16	52
16	54
16	58
16	60
16	61
16	62
16	63
16	65
16	67
16	69
16	70
16	71
16	72
16	74
16	75
16	80
16	81
16	82
16	83
16	84
16	85
16	86
16	87
16	88
16	89
16	90
17	2
17	3
17	6
17	8
17	9
17	10
17	11
17	12
17	13
17	14
17	15
17	16
17	17
17	19
17	20
17	22
17	23
17	24
17	25
17	26
17	27
17	28
17	29
17	31
17	32
17	33
17	34
17	35
17	36
17	37
17	38
17	40
17	41
17	43
17	44
17	45
17	46
17	47
17	49
17	50
17	51
17	52
17	53
17	54
17	55
17	57
17	58
17	59
17	60
17	62
17	63
17	64
17	65
17	66
17	67
17	69
17	70
17	71
17	72
17	74
17	75
17	76
17	77
17	79
17	81
17	82
17	84
17	85
17	86
17	88
17	89
17	90
18	2
18	4
18	5
18	6
18	8
18	9
18	12
18	13
18	15
18	16
18	17
18	18
18	22
18	23
18	24
18	26
18	30
18	31
18	32
18	33
18	34
18	38
18	39
18	40
18	41
18	43
18	44
18	45
18	47
18	48
18	49
18	51
18	52
18	53
18	54
18	55
18	56
18	60
18	61
18	63
18	65
18	66
18	71
18	72
18	73
18	76
18	77
18	78
18	79
18	81
18	84
18	86
18	87
18	88
19	1
19	3
19	4
19	5
19	6
19	9
19	11
19	13
19	14
19	15
19	16
19	17
19	19
19	21
19	22
19	23
19	24
19	26
19	28
19	29
19	31
19	32
19	33
19	34
19	36
19	37
19	38
19	39
19	41
19	42
19	45
19	46
19	48
19	49
19	51
19	52
19	54
19	55
19	59
19	61
19	62
19	64
19	68
19	69
19	70
19	72
19	76
19	77
19	78
19	79
19	80
19	81
19	82
19	83
19	84
19	85
19	87
19	88
19	89
19	90
20	3
20	5
20	6
20	7
20	8
20	11
20	12
20	13
20	15
20	17
20	18
20	19
20	22
20	23
20	24
20	25
20	26
20	30
20	33
20	34
20	36
20	40
20	41
20	45
20	46
20	47
20	49
20	50
20	51
20	54
20	56
20	58
20	59
20	61
20	64
20	65
20	66
20	67
20	68
20	69
20	70
20	73
20	74
20	75
20	76
20	79
20	80
20	81
20	83
20	89
20	90
21	2
21	4
21	6
21	7
21	8
21	9
21	11
21	12
21	14
21	15
21	16
21	19
21	20
21	21
21	22
21	23
21	24
21	27
21	30
21	32
21	33
21	34
21	36
21	39
21	41
21	42
21	44
21	46
21	47
21	51
21	52
21	53
21	54
21	55
21	57
21	58
21	59
21	63
21	64
21	65
21	66
21	67
21	69
21	70
21	71
21	72
21	74
21	75
21	76
21	78
21	80
21	82
21	83
21	84
21	85
21	88
21	89
21	90
22	1
22	3
22	5
22	6
22	7
22	8
22	11
22	12
22	18
22	19
22	20
22	21
22	22
22	23
22	24
22	25
22	26
22	28
22	29
22	30
22	32
22	34
22	35
22	37
22	38
22	39
22	41
22	44
22	45
22	46
22	48
22	49
22	52
22	53
22	54
22	66
22	68
22	70
22	71
22	72
22	73
22	74
22	75
22	76
22	77
22	82
22	83
22	84
22	85
22	86
22	87
22	88
22	90
23	3
23	4
23	7
23	8
23	9
23	10
23	14
23	15
23	17
23	18
23	21
23	25
23	26
23	27
23	28
23	29
23	30
23	32
23	33
23	35
23	36
23	38
23	39
23	40
23	41
23	42
23	44
23	45
23	46
23	48
23	49
23	50
23	52
23	54
23	55
23	56
23	58
23	60
23	61
23	62
23	63
23	64
23	66
23	68
23	71
23	73
23	75
23	76
23	78
23	79
23	80
23	81
23	83
23	88
23	90
24	1
24	3
24	4
24	5
24	10
24	11
24	15
24	18
24	20
24	21
24	22
24	23
24	24
24	26
24	28
24	29
24	33
24	36
24	37
24	38
24	42
24	45
24	48
24	50
24	51
24	54
24	55
24	57
24	59
24	60
24	65
24	66
24	67
24	68
24	69
24	71
24	72
24	73
24	75
24	76
24	77
24	78
24	79
24	80
24	81
24	82
24	83
24	86
24	87
24	88
24	89
24	90
25	2
25	3
25	4
25	6
25	7
25	10
25	11
25	13
25	17
25	18
25	19
25	21
25	24
25	26
25	27
25	31
25	32
25	34
25	35
25	36
25	37
25	42
25	44
25	45
25	46
25	47
25	48
25	52
25	53
25	54
25	57
25	58
25	59
25	60
25	61
25	62
25	64
25	66
25	67
25	68
25	69
25	70
25	73
25	75
25	76
25	77
25	80
25	81
25	82
25	83
25	84
25	85
25	86
25	87
25	88
25	89
25	90
26	1
26	3
26	5
26	6
26	7
26	9
26	11
26	12
26	13
26	14
26	17
26	19
26	20
26	23
26	26
26	29
26	31
26	32
26	33
26	34
26	35
26	37
26	41
26	43
26	45
26	46
26	47
26	48
26	50
26	51
26	52
26	53
26	54
26	55
26	57
26	58
26	59
26	60
26	61
26	63
26	64
26	67
26	68
26	70
26	71
26	73
26	75
26	76
26	78
26	79
26	80
26	81
26	84
26	86
26	87
26	89
26	90
27	2
27	8
27	9
27	10
27	12
27	13
27	14
27	16
27	19
27	20
27	21
27	22
27	23
27	24
27	26
27	27
27	28
27	30
27	32
27	33
27	34
27	37
27	39
27	41
27	42
27	43
27	44
27	45
27	47
27	48
27	49
27	51
27	52
27	53
27	54
27	55
27	56
27	57
27	58
27	59
27	60
27	61
27	66
27	68
27	69
27	71
27	73
27	74
27	75
27	77
27	79
27	81
27	82
27	83
27	84
27	85
27	86
28	2
28	3
28	5
28	6
28	7
28	9
28	12
28	13
28	14
28	15
28	16
28	17
28	19
28	20
28	21
28	22
28	23
28	27
28	28
28	29
28	30
28	31
28	32
28	33
28	34
28	35
28	36
28	40
28	43
28	44
28	47
28	48
28	49
28	52
28	53
28	54
28	55
28	56
28	57
28	63
28	66
28	67
28	68
28	69
28	70
28	71
28	74
28	75
28	77
28	79
28	81
28	82
28	84
28	86
28	87
28	88
28	89
28	90
29	1
29	2
29	3
29	4
29	5
29	6
29	9
29	10
29	12
29	13
29	15
29	20
29	22
29	24
29	25
29	27
29	29
29	31
29	32
29	34
29	35
29	39
29	40
29	41
29	42
29	43
29	44
29	47
29	48
29	49
29	50
29	51
29	52
29	54
29	57
29	59
29	60
29	62
29	64
29	66
29	68
29	71
29	72
29	74
29	77
29	79
29	80
29	82
29	83
29	84
29	85
29	86
29	87
29	88
29	89
30	1
30	3
30	4
30	5
30	6
30	7
30	10
30	11
30	12
30	13
30	14
30	16
30	17
30	18
30	19
30	20
30	23
30	24
30	26
30	30
30	32
30	33
30	34
30	36
30	37
30	39
30	40
30	44
30	46
30	47
30	48
30	49
30	50
30	51
30	52
30	54
30	55
30	59
30	61
30	62
30	63
30	64
30	66
30	67
30	68
30	69
30	70
30	71
30	73
30	74
30	75
30	76
30	78
30	79
30	83
30	84
30	85
30	86
30	87
31	2
31	5
31	6
31	7
31	8
31	9
31	10
31	11
31	12
31	13
31	14
31	15
31	17
31	18
31	21
31	22
31	23
31	24
31	28
31	30
31	32
31	33
31	35
31	36
31	38
31	40
31	44
31	47
31	48
31	52
31	53
31	54
31	55
31	56
31	57
31	59
31	60
31	61
31	63
31	66
31	67
31	69
31	73
31	74
31	75
31	79
31	80
31	82
31	83
31	85
31	86
31	88
31	90
32	1
32	2
32	3
32	5
32	6
32	8
32	10
32	13
32	16
32	17
32	18
32	19
32	20
32	22
32	23
32	24
32	28
32	30
32	31
32	32
32	33
32	34
32	35
32	37
32	39
32	41
32	43
32	45
32	46
32	47
32	48
32	49
32	50
32	51
32	52
32	56
32	57
32	60
32	63
32	64
32	65
32	66
32	67
32	68
32	69
32	73
32	74
32	75
32	78
32	79
32	80
32	83
32	84
32	85
32	87
33	2
33	3
33	4
33	5
33	6
33	10
33	11
33	12
33	16
33	17
33	19
33	20
33	21
33	22
33	23
33	25
33	27
33	29
33	30
33	33
33	35
33	36
33	37
33	39
33	41
33	43
33	45
33	46
33	47
33	51
33	52
33	53
33	54
33	56
33	57
33	58
33	60
33	61
33	62
33	63
33	64
33	65
33	66
33	67
33	69
33	72
33	73
33	74
33	75
33	77
33	79
33	81
33	82
33	83
33	84
33	85
33	86
33	87
33	90
34	2
34	3
34	6
34	7
34	9
34	10
34	11
34	12
34	13
34	15
34	16
34	17
34	18
34	20
34	23
34	25
34	27
34	28
34	29
34	32
34	33
34	36
34	37
34	38
34	39
34	41
34	43
34	45
34	46
34	48
34	52
34	53
34	55
34	57
34	58
34	59
34	60
34	61
34	65
34	66
34	67
34	68
34	71
34	72
34	73
34	75
34	76
34	77
34	78
34	79
34	80
34	81
34	82
34	83
34	84
34	86
34	87
34	88
34	90
35	1
35	6
35	8
35	9
35	10
35	11
35	13
35	14
35	15
35	16
35	19
35	20
35	21
35	22
35	23
35	25
35	28
35	30
35	32
35	34
35	35
35	38
35	40
35	41
35	42
35	43
35	44
35	46
35	47
35	48
35	49
35	51
35	52
35	53
35	54
35	55
35	57
35	58
35	59
35	60
35	61
35	63
35	64
35	66
35	68
35	70
35	71
35	72
35	74
35	76
35	77
35	80
35	82
35	84
35	87
35	88
35	90
36	1
36	2
36	6
36	7
36	10
36	11
36	13
36	14
36	15
36	17
36	18
36	19
36	20
36	22
36	23
36	25
36	26
36	34
36	35
36	36
36	37
36	40
36	42
36	44
36	45
36	46
36	48
36	50
36	53
36	55
36	57
36	58
36	60
36	61
36	62
36	64
36	68
36	72
36	73
36	74
36	75
36	76
36	80
36	81
36	82
36	83
36	85
36	88
36	89
36	90
37	1
37	2
37	6
37	7
37	8
37	10
37	11
37	13
37	14
37	15
37	16
37	18
37	20
37	21
37	22
37	23
37	24
37	25
37	26
37	31
37	32
37	33
37	36
37	37
37	38
37	40
37	42
37	46
37	47
37	48
37	49
37	52
37	53
37	55
37	56
37	57
37	58
37	61
37	65
37	66
37	68
37	70
37	71
37	72
37	74
37	76
37	77
37	79
37	80
37	81
37	82
37	83
37	84
37	85
37	86
37	88
38	2
38	3
38	4
38	6
38	8
38	10
38	11
38	12
38	13
38	14
38	19
38	20
38	21
38	24
38	25
38	29
38	30
38	31
38	32
38	33
38	34
38	35
38	38
38	40
38	43
38	44
38	46
38	47
38	48
38	50
38	53
38	56
38	60
38	61
38	65
38	67
38	69
38	70
38	71
38	73
38	74
38	75
38	76
38	78
38	79
38	80
38	81
38	83
38	87
39	2
39	3
39	5
39	7
39	8
39	12
39	13
39	14
39	16
39	18
39	19
39	20
39	23
39	24
39	26
39	27
39	29
39	30
39	31
39	33
39	34
39	37
39	38
39	41
39	42
39	43
39	44
39	45
39	46
39	47
39	48
39	51
39	52
39	53
39	54
39	56
39	57
39	58
39	59
39	60
39	61
39	62
39	63
39	64
39	65
39	66
39	67
39	69
39	70
39	71
39	73
39	74
39	75
39	77
39	78
39	79
39	82
39	84
39	85
39	86
39	88
39	89
40	1
40	2
40	3
40	4
40	5
40	6
40	7
40	8
40	10
40	11
40	13
40	15
40	17
40	18
40	20
40	23
40	26
40	27
40	28
40	29
40	30
40	31
40	33
40	35
40	39
40	40
40	41
40	42
40	43
40	45
40	46
40	47
40	48
40	49
40	51
40	52
40	54
40	55
40	58
40	59
40	60
40	61
40	64
40	66
40	67
40	68
40	69
40	70
40	71
40	75
40	76
40	77
40	79
40	80
40	83
40	84
40	87
40	88
40	90
41	1
41	4
41	5
41	6
41	8
41	9
41	10
41	11
41	13
41	16
41	17
41	18
41	21
41	23
41	24
41	25
41	27
41	28
41	30
41	31
41	33
41	34
41	36
41	38
41	39
41	40
41	41
41	42
41	44
41	45
41	47
41	48
41	49
41	51
41	52
41	53
41	54
41	56
41	57
41	58
41	62
41	66
41	67
41	69
41	70
41	72
41	73
41	77
41	78
41	81
41	83
41	84
41	85
41	87
41	88
41	89
42	2
42	4
42	5
42	6
42	7
42	9
42	10
42	14
42	15
42	16
42	17
42	18
42	19
42	20
42	27
42	29
42	31
42	32
42	34
42	35
42	36
42	38
42	39
42	40
42	41
42	42
42	45
42	46
42	47
42	48
42	50
42	51
42	52
42	53
42	54
42	55
42	56
42	57
42	59
42	61
42	62
42	64
42	65
42	66
42	67
42	68
42	69
42	70
42	71
42	72
42	74
42	75
42	76
42	79
42	80
42	85
42	87
42	89
42	90
43	1
43	2
43	5
43	6
43	7
43	8
43	9
43	14
43	15
43	16
43	17
43	18
43	19
43	20
43	21
43	23
43	24
43	26
43	27
43	29
43	30
43	31
43	32
43	34
43	35
43	37
43	39
43	42
43	46
43	47
43	49
43	50
43	51
43	52
43	53
43	54
43	56
43	57
43	58
43	59
43	61
43	62
43	64
43	65
43	66
43	70
43	72
43	73
43	74
43	75
43	76
43	77
43	78
43	79
43	80
43	81
43	84
43	87
43	88
43	90
44	2
44	5
44	7
44	9
44	10
44	11
44	12
44	13
44	14
44	17
44	18
44	19
44	22
44	23
44	25
44	26
44	28
44	31
44	32
44	33
44	34
44	35
44	37
44	38
44	40
44	42
44	44
44	48
44	49
44	50
44	52
44	54
44	55
44	56
44	58
44	59
44	60
44	63
44	64
44	65
44	66
44	67
44	68
44	70
44	72
44	74
44	77
44	78
44	79
44	80
44	81
44	82
44	84
44	85
44	86
44	88
44	89
45	1
45	2
45	3
45	4
45	7
45	9
45	10
45	11
45	12
45	15
45	16
45	17
45	18
45	19
45	20
45	21
45	22
45	23
45	24
45	25
45	28
45	29
45	30
45	31
45	32
45	33
45	34
45	37
45	39
45	40
45	41
45	42
45	43
45	44
45	45
45	50
45	52
45	53
45	54
45	56
45	58
45	59
45	62
45	63
45	64
45	65
45	66
45	67
45	68
45	70
45	71
45	72
45	73
45	74
45	75
45	76
45	77
45	78
45	79
45	81
45	83
45	88
45	89
45	90
46	1
46	2
46	4
46	5
46	8
46	9
46	10
46	12
46	15
46	16
46	17
46	20
46	21
46	22
46	24
46	25
46	26
46	29
46	31
46	32
46	33
46	35
46	37
46	38
46	39
46	40
46	44
46	45
46	47
46	48
46	53
46	54
46	58
46	61
46	63
46	67
46	68
46	69
46	70
46	71
46	74
46	78
46	79
46	80
46	81
46	82
46	83
46	84
46	86
46	87
46	88
46	89
46	90
47	3
47	4
47	6
47	8
47	9
47	10
47	13
47	15
47	16
47	19
47	21
47	27
47	28
47	31
47	32
47	33
47	35
47	37
47	39
47	40
47	42
47	43
47	48
47	49
47	50
47	51
47	52
47	54
47	56
47	58
47	59
47	60
47	61
47	62
47	63
47	65
47	66
47	68
47	70
47	71
47	72
47	73
47	74
47	75
47	77
47	78
47	81
47	84
47	85
47	87
47	88
47	90
48	1
48	2
48	3
48	4
48	5
48	7
48	8
48	9
48	10
48	14
48	17
48	18
48	19
48	21
48	23
48	25
48	26
48	27
48	28
48	29
48	30
48	31
48	32
48	33
48	36
48	37
48	40
48	42
48	43
48	44
48	45
48	46
48	47
48	48
48	50
48	51
48	52
48	54
48	55
48	56
48	57
48	58
48	62
48	63
48	66
48	67
48	68
48	69
48	70
48	71
48	72
48	73
48	75
48	77
48	79
48	80
48	81
48	83
48	84
48	86
48	87
48	88
48	89
48	90
49	1
49	5
49	6
49	7
49	8
49	10
49	13
49	14
49	15
49	16
49	18
49	21
49	22
49	23
49	24
49	26
49	29
49	32
49	34
49	35
49	36
49	37
49	38
49	42
49	45
49	46
49	47
49	49
49	50
49	52
49	54
49	55
49	56
49	57
49	59
49	60
49	61
49	62
49	63
49	65
49	66
49	68
49	69
49	72
49	77
49	78
49	79
49	80
49	81
49	84
49	87
49	88
49	89
50	1
50	2
50	3
50	9
50	12
50	13
50	14
50	17
50	20
50	21
50	25
50	26
50	27
50	28
50	29
50	30
50	35
50	36
50	37
50	40
50	41
50	42
50	43
50	44
50	46
50	47
50	48
50	50
50	51
50	53
50	55
50	56
50	57
50	59
50	60
50	63
50	64
50	65
50	67
50	68
50	69
50	70
50	71
50	72
50	73
50	74
50	75
50	77
50	79
50	80
50	81
50	83
50	84
50	87
50	88
50	90
51	2
51	3
51	5
51	7
51	8
51	9
51	10
51	12
51	13
51	15
51	16
51	17
51	18
51	19
51	20
51	21
51	22
51	23
51	24
51	25
51	26
51	28
51	31
51	32
51	33
51	35
51	38
51	39
51	40
51	42
51	43
51	44
51	46
51	48
51	49
51	52
51	53
51	54
51	55
51	57
51	59
51	63
51	65
51	69
51	72
51	74
51	76
51	77
51	78
51	79
51	80
51	82
51	83
51	85
51	86
51	87
51	88
51	89
51	90
52	1
52	2
52	4
52	7
52	8
52	9
52	13
52	14
52	15
52	16
52	19
52	22
52	23
52	24
52	25
52	27
52	29
52	32
52	33
52	34
52	35
52	37
52	39
52	40
52	42
52	43
52	44
52	45
52	46
52	48
52	50
52	51
52	55
52	56
52	57
52	60
52	61
52	62
52	64
52	65
52	67
52	69
52	74
52	75
52	76
52	78
52	79
52	83
52	87
52	88
53	1
53	3
53	6
53	7
53	8
53	9
53	10
53	11
53	12
53	13
53	15
53	16
53	18
53	19
53	21
53	22
53	24
53	26
53	27
53	29
53	30
53	31
53	32
53	33
53	35
53	39
53	40
53	43
53	44
53	47
53	48
53	51
53	52
53	53
53	56
53	57
53	59
53	60
53	61
53	62
53	65
53	67
53	68
53	71
53	73
53	74
53	75
53	76
53	77
53	79
53	82
53	85
53	86
53	87
53	88
53	89
53	90
54	2
54	3
54	4
54	5
54	6
54	7
54	8
54	9
54	10
54	13
54	14
54	15
54	16
54	18
54	21
54	22
54	23
54	25
54	27
54	28
54	29
54	30
54	31
54	34
54	35
54	41
54	43
54	45
54	46
54	48
54	49
54	50
54	54
54	55
54	56
54	57
54	58
54	59
54	61
54	62
54	64
54	65
54	66
54	67
54	69
54	70
54	71
54	72
54	73
54	75
54	80
54	81
54	82
54	83
54	85
54	86
54	88
54	89
55	1
55	5
55	6
55	7
55	8
55	10
55	13
55	14
55	16
55	17
55	19
55	20
55	21
55	22
55	25
55	26
55	27
55	28
55	29
55	31
55	32
55	34
55	35
55	36
55	37
55	38
55	39
55	40
55	46
55	48
55	51
55	52
55	53
55	56
55	58
55	60
55	61
55	63
55	64
55	66
55	67
55	68
55	69
55	71
55	75
55	77
55	78
55	79
55	80
55	81
55	82
55	83
55	84
55	85
55	86
55	87
55	89
55	90
56	2
56	3
56	4
56	9
56	10
56	12
56	14
56	15
56	16
56	17
56	18
56	19
56	21
56	23
56	26
56	27
56	29
56	30
56	33
56	34
56	36
56	38
56	42
56	43
56	45
56	46
56	47
56	48
56	50
56	51
56	53
56	56
56	58
56	60
56	63
56	64
56	67
56	74
56	76
56	77
56	79
56	80
56	81
56	82
56	84
56	90
57	1
57	3
57	4
57	5
57	6
57	7
57	9
57	10
57	12
57	13
57	15
57	18
57	21
57	22
57	23
57	24
57	25
57	26
57	27
57	29
57	30
57	31
57	33
57	34
57	37
57	38
57	39
57	41
57	43
57	44
57	45
57	46
57	48
57	49
57	50
57	51
57	52
57	53
57	54
57	56
57	57
57	58
57	59
57	60
57	61
57	62
57	63
57	66
57	67
57	68
57	69
57	72
57	76
57	78
57	79
57	80
57	81
57	82
57	84
57	85
57	87
57	89
58	2
58	4
58	5
58	6
58	7
58	9
58	13
58	14
58	15
58	17
58	18
58	20
58	21
58	23
58	24
58	25
58	27
58	29
58	31
58	34
58	35
58	37
58	38
58	41
58	44
58	45
58	49
58	50
58	52
58	53
58	54
58	56
58	57
58	58
58	60
58	64
58	67
58	68
58	71
58	72
58	73
58	74
58	75
58	76
58	78
58	80
58	81
58	82
58	83
58	84
58	85
58	86
58	87
58	88
58	89
59	1
59	2
59	5
59	7
59	8
59	12
59	13
59	16
59	18
59	19
59	23
59	24
59	25
59	27
59	29
59	31
59	32
59	34
59	35
59	36
59	39
59	40
59	41
59	43
59	46
59	47
59	49
59	50
59	51
59	52
59	54
59	56
59	57
59	58
59	59
59	60
59	61
59	64
59	65
59	66
59	67
59	69
59	70
59	71
59	75
59	79
59	80
59	81
59	82
59	83
59	84
59	85
59	86
59	88
59	89
60	1
60	4
60	5
60	6
60	7
60	15
60	19
60	20
60	22
60	23
60	25
60	28
60	30
60	31
60	33
60	35
60	36
60	38
60	39
60	40
60	41
60	42
60	43
60	44
60	47
60	48
60	49
60	54
60	55
60	56
60	61
60	62
60	64
60	65
60	68
60	70
60	71
60	74
60	75
60	76
60	78
60	81
60	82
60	83
60	84
60	86
60	88
60	89
61	1
61	3
61	4
61	5
61	7
61	8
61	9
61	11
61	14
61	15
61	16
61	18
61	19
61	20
61	21
61	22
61	23
61	24
61	28
61	29
61	30
61	31
61	32
61	33
61	34
61	35
61	36
61	37
61	39
61	43
61	45
61	46
61	48
61	49
61	50
61	54
61	55
61	56
61	58
61	59
61	63
61	64
61	66
61	67
61	69
61	70
61	75
61	79
61	81
61	82
61	83
61	85
61	88
61	89
61	90
62	1
62	2
62	5
62	7
62	11
62	16
62	18
62	19
62	20
62	21
62	22
62	25
62	29
62	30
62	31
62	32
62	33
62	34
62	36
62	40
62	41
62	42
62	43
62	44
62	45
62	46
62	48
62	49
62	52
62	53
62	54
62	55
62	56
62	58
62	59
62	60
62	65
62	66
62	67
62	71
62	72
62	73
62	74
62	75
62	76
62	78
62	79
62	81
62	83
62	85
62	87
62	88
62	90
63	2
63	3
63	7
63	9
63	11
63	12
63	14
63	15
63	17
63	18
63	19
63	24
63	25
63	27
63	28
63	29
63	30
63	31
63	32
63	33
63	34
63	36
63	39
63	42
63	46
63	49
63	50
63	52
63	54
63	55
63	58
63	59
63	61
63	62
63	64
63	66
63	68
63	69
63	70
63	71
63	72
63	74
63	75
63	76
63	77
63	78
63	81
63	85
63	89
63	90
64	2
64	5
64	6
64	7
64	9
64	10
64	11
64	13
64	14
64	16
64	17
64	18
64	19
64	20
64	21
64	22
64	28
64	29
64	30
64	31
64	32
64	36
64	37
64	40
64	41
64	42
64	44
64	48
64	50
64	51
64	52
64	53
64	54
64	55
64	56
64	57
64	59
64	61
64	62
64	68
64	69
64	73
64	76
64	78
64	81
64	83
64	86
64	87
64	88
64	90
65	2
65	3
65	5
65	8
65	12
65	15
65	16
65	23
65	24
65	26
65	27
65	29
65	30
65	32
65	33
65	34
65	37
65	38
65	39
65	40
65	41
65	43
65	45
65	46
65	47
65	49
65	51
65	52
65	54
65	55
65	56
65	60
65	61
65	62
65	63
65	67
65	68
65	69
65	72
65	78
65	80
65	82
65	84
65	85
65	86
65	87
65	88
66	2
66	4
66	5
66	6
66	9
66	10
66	11
66	12
66	13
66	16
66	17
66	18
66	19
66	20
66	21
66	22
66	23
66	26
66	27
66	31
66	32
66	34
66	35
66	36
66	37
66	39
66	40
66	44
66	46
66	49
66	50
66	51
66	52
66	53
66	55
66	57
66	58
66	59
66	60
66	61
66	62
66	63
66	65
66	67
66	69
66	70
66	72
66	73
66	74
66	76
66	77
66	80
66	81
66	82
66	83
66	84
66	87
67	1
67	2
67	3
67	4
67	5
67	6
67	8
67	12
67	13
67	17
67	18
67	19
67	20
67	21
67	22
67	23
67	26
67	27
67	28
67	30
67	31
67	32
67	34
67	35
67	36
67	37
67	38
67	39
67	41
67	42
67	43
67	46
67	47
67	48
67	50
67	51
67	52
67	53
67	55
67	56
67	57
67	58
67	59
67	60
67	62
67	63
67	64
67	65
67	68
67	71
67	72
67	73
67	78
67	79
67	81
67	82
67	85
67	87
67	89
67	90
68	1
68	2
68	3
68	5
68	6
68	7
68	10
68	12
68	14
68	15
68	21
68	25
68	27
68	28
68	29
68	30
68	32
68	34
68	40
68	41
68	45
68	47
68	49
68	50
68	52
68	55
68	56
68	57
68	58
68	59
68	61
68	63
68	64
68	65
68	66
68	68
68	69
68	70
68	71
68	72
68	73
68	74
68	75
68	76
68	77
68	78
68	79
68	80
68	82
68	84
68	86
68	87
68	88
68	89
69	1
69	2
69	7
69	8
69	9
69	10
69	11
69	12
69	13
69	14
69	15
69	16
69	17
69	19
69	21
69	22
69	23
69	24
69	25
69	27
69	28
69	32
69	34
69	35
69	36
69	37
69	41
69	42
69	43
69	44
69	45
69	46
69	48
69	49
69	50
69	51
69	52
69	53
69	54
69	55
69	56
69	57
69	58
69	59
69	60
69	61
69	62
69	63
69	64
69	66
69	67
69	68
69	69
69	72
69	73
69	75
69	77
69	78
69	80
69	81
69	82
69	83
69	85
69	86
69	87
69	88
69	89
69	90
70	6
70	7
70	10
70	11
70	12
70	14
70	15
70	16
70	17
70	19
70	20
70	21
70	22
70	23
70	24
70	27
70	29
70	30
70	31
70	32
70	34
70	35
70	36
70	37
70	38
70	42
70	44
70	45
70	46
70	47
70	49
70	50
70	51
70	52
70	55
70	56
70	60
70	61
70	65
70	67
70	68
70	70
70	71
70	72
70	74
70	75
70	76
70	77
70	78
70	80
70	83
70	84
70	86
70	87
70	89
70	90
71	1
71	2
71	3
71	4
71	6
71	8
71	9
71	12
71	14
71	15
71	16
71	20
71	22
71	25
71	26
71	27
71	30
71	33
71	34
71	39
71	40
71	41
71	42
71	43
71	45
71	46
71	48
71	49
71	50
71	52
71	54
71	55
71	57
71	59
71	60
71	62
71	64
71	65
71	66
71	67
71	69
71	70
71	71
71	76
71	78
71	80
71	83
71	85
71	87
71	88
71	90
72	1
72	3
72	4
72	5
72	6
72	9
72	10
72	11
72	12
72	16
72	18
72	19
72	23
72	24
72	26
72	27
72	29
72	30
72	31
72	33
72	37
72	38
72	42
72	43
72	44
72	45
72	46
72	49
72	51
72	52
72	53
72	54
72	56
72	58
72	60
72	61
72	62
72	64
72	65
72	68
72	70
72	72
72	73
72	74
72	75
72	76
72	77
72	78
72	79
72	80
72	82
72	83
72	86
72	87
72	88
72	90
73	1
73	2
73	3
73	4
73	5
73	6
73	8
73	9
73	11
73	13
73	14
73	15
73	16
73	17
73	18
73	19
73	20
73	21
73	22
73	25
73	27
73	28
73	29
73	31
73	32
73	34
73	35
73	36
73	37
73	38
73	40
73	41
73	43
73	44
73	46
73	47
73	50
73	54
73	55
73	56
73	58
73	59
73	60
73	63
73	64
73	65
73	66
73	67
73	68
73	70
73	71
73	73
73	75
73	77
73	78
73	80
73	83
73	86
73	88
73	89
74	1
74	2
74	3
74	4
74	6
74	7
74	12
74	14
74	15
74	16
74	18
74	20
74	21
74	22
74	23
74	24
74	30
74	31
74	32
74	33
74	34
74	35
74	36
74	37
74	38
74	39
74	40
74	41
74	43
74	44
74	45
74	46
74	48
74	50
74	51
74	52
74	54
74	55
74	56
74	57
74	58
74	60
74	61
74	62
74	63
74	64
74	66
74	67
74	68
74	71
74	72
74	73
74	74
74	76
74	77
74	78
74	80
74	82
74	84
74	85
74	86
74	87
74	88
74	89
74	90
75	2
75	3
75	5
75	8
75	10
75	12
75	13
75	14
75	18
75	20
75	24
75	25
75	26
75	27
75	28
75	32
75	33
75	36
75	37
75	38
75	39
75	40
75	41
75	43
75	44
75	47
75	49
75	50
75	51
75	54
75	55
75	56
75	58
75	59
75	60
75	62
75	63
75	64
75	65
75	66
75	68
75	69
75	70
75	71
75	72
75	73
75	75
75	76
75	78
75	79
75	80
75	81
75	82
75	84
75	85
75	86
75	90
76	1
76	2
76	3
76	4
76	5
76	6
76	8
76	9
76	13
76	14
76	15
76	16
76	17
76	18
76	23
76	24
76	25
76	26
76	27
76	28
76	33
76	36
76	39
76	41
76	43
76	44
76	45
76	47
76	49
76	50
76	51
76	52
76	54
76	55
76	56
76	57
76	59
76	60
76	62
76	63
76	64
76	65
76	66
76	67
76	68
76	70
76	71
76	72
76	74
76	75
76	77
76	79
76	80
76	81
76	82
76	84
76	86
76	88
76	89
77	2
77	4
77	5
77	7
77	8
77	10
77	11
77	12
77	13
77	15
77	17
77	18
77	21
77	22
77	25
77	26
77	27
77	28
77	29
77	30
77	31
77	33
77	34
77	37
77	39
77	40
77	41
77	43
77	44
77	45
77	47
77	48
77	49
77	50
77	52
77	54
77	55
77	59
77	60
77	62
77	64
77	68
77	71
77	72
77	73
77	74
77	76
77	77
77	79
77	80
77	81
77	82
77	83
77	84
77	85
77	88
77	90
78	1
78	2
78	3
78	4
78	5
78	6
78	7
78	10
78	12
78	13
78	14
78	15
78	17
78	18
78	20
78	21
78	22
78	24
78	25
78	27
78	29
78	30
78	32
78	34
78	37
78	38
78	39
78	40
78	41
78	42
78	43
78	44
78	46
78	47
78	49
78	51
78	52
78	54
78	56
78	57
78	60
78	61
78	63
78	64
78	66
78	69
78	72
78	73
78	77
78	78
78	79
78	80
78	81
78	82
78	83
78	86
78	88
78	89
78	90
79	4
79	7
79	8
79	10
79	14
79	16
79	19
79	22
79	23
79	24
79	25
79	26
79	27
79	28
79	30
79	35
79	38
79	39
79	40
79	41
79	43
79	44
79	48
79	49
79	50
79	51
79	52
79	53
79	56
79	57
79	59
79	60
79	67
79	68
79	70
79	71
79	73
79	74
79	75
79	76
79	78
79	79
79	81
79	84
79	85
79	86
79	88
80	2
80	5
80	7
80	8
80	9
80	10
80	11
80	13
80	14
80	15
80	17
80	18
80	19
80	20
80	22
80	23
80	25
80	26
80	27
80	28
80	31
80	32
80	33
80	34
80	36
80	37
80	39
80	42
80	44
80	45
80	47
80	48
80	49
80	50
80	51
80	56
80	57
80	58
80	59
80	63
80	64
80	65
80	66
80	67
80	69
80	70
80	71
80	72
80	73
80	77
80	78
80	79
80	80
80	81
80	82
80	83
80	84
80	85
80	87
80	88
80	89
81	2
81	3
81	7
81	8
81	9
81	11
81	12
81	13
81	14
81	15
81	16
81	17
81	18
81	20
81	21
81	22
81	23
81	24
81	25
81	28
81	29
81	31
81	34
81	36
81	37
81	38
81	39
81	40
81	41
81	43
81	45
81	46
81	48
81	49
81	50
81	51
81	52
81	53
81	54
81	55
81	56
81	57
81	60
81	61
81	62
81	63
81	65
81	66
81	68
81	69
81	70
81	71
81	73
81	74
81	75
81	76
81	78
81	81
81	82
81	83
81	84
81	86
81	88
81	89
82	1
82	2
82	3
82	4
82	5
82	6
82	8
82	10
82	11
82	16
82	17
82	18
82	19
82	20
82	21
82	22
82	26
82	27
82	29
82	33
82	35
82	36
82	37
82	38
82	40
82	41
82	42
82	44
82	45
82	46
82	47
82	49
82	50
82	51
82	52
82	53
82	54
82	56
82	57
82	58
82	59
82	60
82	61
82	64
82	66
82	68
82	69
82	70
82	73
82	75
82	76
82	77
82	78
82	79
82	80
82	82
82	83
82	84
82	86
82	89
82	90
83	3
83	5
83	7
83	9
83	10
83	12
83	13
83	15
83	16
83	17
83	19
83	20
83	21
83	23
83	25
83	29
83	31
83	32
83	34
83	35
83	36
83	37
83	38
83	40
83	41
83	42
83	44
83	45
83	46
83	47
83	48
83	49
83	50
83	51
83	53
83	54
83	56
83	57
83	58
83	59
83	60
83	61
83	62
83	64
83	65
83	66
83	70
83	72
83	73
83	74
83	75
83	76
83	77
83	78
83	79
83	84
83	88
83	89
83	90
84	2
84	3
84	4
84	7
84	8
84	9
84	10
84	12
84	14
84	16
84	17
84	18
84	20
84	21
84	22
84	25
84	26
84	30
84	31
84	32
84	35
84	36
84	37
84	38
84	39
84	42
84	47
84	51
84	52
84	53
84	56
84	58
84	59
84	60
84	64
84	67
84	69
84	71
84	73
84	74
84	75
84	76
84	79
84	80
84	81
84	83
84	86
84	87
84	88
84	90
85	3
85	5
85	7
85	12
85	13
85	15
85	17
85	18
85	19
85	21
85	23
85	24
85	28
85	30
85	31
85	32
85	33
85	35
85	36
85	37
85	38
85	39
85	41
85	43
85	44
85	45
85	46
85	47
85	52
85	53
85	54
85	56
85	57
85	58
85	59
85	60
85	61
85	63
85	64
85	65
85	66
85	67
85	70
85	73
85	75
85	76
85	80
85	82
85	83
85	85
85	86
85	87
85	88
85	90
86	8
86	9
86	12
86	14
86	16
86	18
86	19
86	21
86	22
86	23
86	25
86	26
86	27
86	28
86	31
86	32
86	33
86	34
86	35
86	39
86	40
86	41
86	42
86	43
86	44
86	46
86	47
86	51
86	52
86	53
86	54
86	55
86	56
86	57
86	58
86	63
86	64
86	65
86	66
86	69
86	70
86	72
86	73
86	74
86	77
86	78
86	79
86	80
86	81
86	82
86	83
86	84
86	87
86	88
87	1
87	2
87	5
87	6
87	7
87	8
87	11
87	13
87	14
87	15
87	16
87	18
87	19
87	21
87	23
87	24
87	26
87	30
87	33
87	34
87	37
87	38
87	40
87	41
87	45
87	49
87	51
87	53
87	54
87	58
87	60
87	61
87	64
87	65
87	67
87	68
87	69
87	70
87	72
87	73
87	74
87	75
87	76
87	77
87	79
87	81
87	82
87	83
87	84
87	85
87	86
87	90
88	1
88	2
88	4
88	5
88	7
88	11
88	12
88	13
88	14
88	15
88	16
88	17
88	19
88	22
88	24
88	27
88	28
88	29
88	30
88	33
88	34
88	35
88	36
88	37
88	38
88	39
88	40
88	41
88	44
88	45
88	46
88	49
88	50
88	51
88	53
88	59
88	61
88	62
88	63
88	64
88	65
88	67
88	68
88	69
88	72
88	73
88	75
88	76
88	77
88	78
88	79
88	80
88	81
88	82
88	83
88	84
88	85
88	88
88	89
89	1
89	3
89	4
89	5
89	8
89	9
89	10
89	11
89	12
89	13
89	15
89	16
89	17
89	19
89	20
89	21
89	22
89	23
89	24
89	25
89	26
89	27
89	31
89	32
89	35
89	36
89	37
89	38
89	40
89	43
89	44
89	46
89	50
89	51
89	52
89	53
89	54
89	57
89	58
89	60
89	61
89	64
89	66
89	69
89	70
89	71
89	72
89	74
89	75
89	76
89	77
89	79
89	83
89	84
89	88
89	90
90	1
90	3
90	4
90	5
90	6
90	7
90	10
90	11
90	14
90	15
90	19
90	20
90	21
90	22
90	24
90	25
90	26
90	27
90	28
90	29
90	30
90	33
90	34
90	35
90	36
90	37
90	38
90	39
90	40
90	41
90	43
90	45
90	46
90	47
90	48
90	49
90	51
90	53
90	54
90	55
90	56
90	57
90	59
90	60
90	61
90	62
90	63
90	64
90	65
90	66
90	67
90	68
90	70
90	72
90	73
90	74
90	75
90	76
90	77
90	78
90	79
90	80
90	81
90	82
90	84
90	85
90	86
90	88
90	89
1	91
2	91
3	91
4	91
5	91
6	91
7	91
8	91
9	91
10	91
11	91
12	91
13	91
14	91
15	91
16	91
17	91
18	91
19	91
20	91
21	91
22	91
23	91
24	91
25	91
26	91
27	91
28	91
29	91
30	91
31	91
32	91
33	91
34	91
35	91
36	91
37	91
38	91
39	91
40	91
41	91
42	91
43	91
44	91
45	91
46	91
47	91
48	91
49	91
50	91
51	91
52	91
53	91
54	91
55	91
56	91
57	91
58	91
59	91
60	91
61	91
62	91
63	91
64	91
65	91
66	91
67	91
68	91
69	91
70	91
71	91
72	91
73	91
74	91
75	91
76	91
77	91
78	91
79	91
80	91
81	91
82	91
83	91
84	91
85	91
86	91
87	91
88	91
89	91
90	91
91	91
