1	3
1	4
1	6
1	8
1	9
1	10
1	12
1	13
1	14
1	15
1	16
1	17
1	18
1	23
1	24
1	27
1	29
1	31
1	32
1	33
1	36
1	37
1	38
1	39
1	40
1	41
1	42
1	44
1	47
1	48
1	49
1	50
1	52
1	53
1	55
1	56
1	57
1	58
1	59
1	62
1	64
1	65
1	67
1	68
1	69
1	70
1	71
1	72
1	73
1	74
1	75
1	76
1	77
1	78
1	82
1	83
1	84
1	86
1	87
1	92
1	93
2	1
2	2
2	4
2	5
2	6
2	7
2	8
2	9
2	11
2	13
2	14
2	15
2	18
2	20
2	21
2	25
2	26
2	28
2	29
2	30
2	31
2	32
2	33
2	36
2	37
2	38
2	41
2	42
2	43
2	44
2	45
2	46
2	47
2	48
2	49
2	51
2	52
2	53
2	55
2	57
2	59
2	60
2	61
2	62
2	63
2	64
2	66
2	67
2	68
2	69
2	70
2	73
2	74
2	77
2	78
2	80
2	82
2	83
2	84
2	86
2	87
2	88
2	89
2	93
2	95
3	1
3	2
3	3
3	4
3	6
3	7
3	8
3	9
3	10
3	11
3	12
3	15
3	16
3	17
3	19
3	20
3	21
3	25
3	27
3	28
3	29
3	30
3	31
3	32
3	36
3	37
3	38
3	39
3	40
3	42
3	45
3	46
3	47
3	48
3	49
3	50
3	51
3	52
3	55
3	58
3	59
3	60
3	61
3	63
3	65
3	66
3	67
3	70
3	71
3	72
3	76
3	78
3	79
3	80
3	81
3	82
3	83
3	84
3	85
3	86
3	87
3	88
3	90
3	91
3	94
4	1
4	2
4	4
4	8
4	10
4	11
4	14
4	15
4	17
4	18
4	19
4	20
4	21
4	22
4	24
4	27
4	29
4	30
4	31
4	35
4	37
4	41
4	42
4	43
4	48
4	50
4	51
4	52
4	54
4	55
4	56
4	60
4	62
4	63
4	64
4	65
4	68
4	69
4	71
4	73
4	74
4	75
4	77
4	79
4	80
4	81
4	83
4	84
4	86
4	87
4	88
4	90
4	91
4	92
4	94
4	95
5	3
5	4
5	6
5	8
5	9
5	11
5	17
5	19
5	21
5	22
5	25
5	26
5	27
5	28
5	31
5	32
5	33
5	34
5	35
5	36
5	37
5	40
5	41
5	43
5	44
5	45
5	48
5	49
5	50
5	53
5	54
5	55
5	58
5	59
5	60
5	61
5	62
5	63
5	64
5	66
5	67
5	69
5	70
5	72
5	73
5	74
5	75
5	76
5	77
5	79
5	80
5	81
5	83
5	85
5	86
5	87
5	88
5	91
5	92
5	93
5	94
5	95
6	2
6	3
6	4
6	5
6	7
6	9
6	11
6	13
6	14
6	15
6	16
6	17
6	18
6	20
6	21
6	22
6	24
6	25
6	27
6	28
6	31
6	32
6	34
6	35
6	38
6	39
6	40
6	41
6	42
6	44
6	45
6	46
6	47
6	48
6	49
6	50
6	51
6	53
6	54
6	58
6	60
6	61
6	62
6	63
6	64
6	65
6	66
6	67
6	69
6	71
6	73
6	75
6	77
6	78
6	81
6	82
6	83
6	84
6	85
6	86
6	89
6	90
7	1
7	2
7	4
7	6
7	7
7	8
7	9
7	10
7	13
7	16
7	18
7	19
7	20
7	21
7	23
7	26
7	27
7	28
7	29
7	30
7	32
7	33
7	36
7	39
7	40
7	41
7	42
7	43
7	44
7	45
7	47
7	50
7	52
7	53
7	54
7	55
7	57
7	59
7	60
7	62
7	64
7	65
7	66
7	67
7	70
7	73
7	74
7	75
7	76
7	77
7	78
7	79
7	81
7	82
7	83
7	85
7	86
7	87
7	88
7	89
7	90
7	93
8	1
8	2
8	4
8	5
8	6
8	7
8	8
8	11
8	13
8	14
8	15
8	17
8	18
8	19
8	20
8	22
8	23
8	24
8	26
8	27
8	29
8	30
8	31
8	34
8	35
8	36
8	37
8	39
8	40
8	41
8	44
8	45
8	46
8	47
8	48
8	49
8	50
8	51
8	52
8	53
8	54
8	57
8	59
8	60
8	61
8	62
8	63
8	64
8	65
8	66
8	67
8	69
8	70
8	71
8	72
8	75
8	76
8	77
8	78
8	80
8	81
8	82
8	83
8	86
8	89
8	90
8	93
8	94
8	95
9	1
9	2
9	4
9	5
9	6
9	7
9	10
9	11
9	12
9	15
9	16
9	17
9	18
9	19
9	22
9	24
9	26
9	27
9	29
9	30
9	31
9	32
9	33
9	35
9	37
9	38
9	39
9	42
9	45
9	48
9	49
9	50
9	51
9	52
9	54
9	55
9	58
9	59
9	60
9	62
9	63
9	64
9	65
9	66
9	67
9	69
9	70
9	71
9	72
9	73
9	74
9	76
9	79
9	80
9	81
9	82
9	83
9	84
9	86
9	87
9	88
9	89
9	90
9	92
9	93
9	94
9	95
10	3
10	4
10	5
10	8
10	9
10	11
10	13
10	14
10	15
10	17
10	18
10	19
10	20
10	21
10	22
10	23
10	24
10	25
10	26
10	28
10	29
10	31
10	33
10	34
10	35
10	36
10	37
10	38
10	40
10	41
10	44
10	45
10	47
10	48
10	51
10	53
10	54
10	58
10	59
10	61
10	62
10	63
10	64
10	65
10	69
10	70
10	71
10	72
10	77
10	78
10	80
10	81
10	82
10	83
10	84
10	86
10	87
10	88
10	89
10	92
10	95
11	2
11	3
11	4
11	5
11	9
11	10
11	12
11	13
11	14
11	15
11	16
11	17
11	19
11	20
11	21
11	22
11	23
11	25
11	26
11	27
11	30
11	31
11	32
11	33
11	34
11	35
11	36
11	37
11	40
11	41
11	43
11	45
11	46
11	47
11	49
11	51
11	52
11	53
11	55
11	56
11	60
11	61
11	62
11	63
11	64
11	65
11	68
11	69
11	70
11	71
11	73
11	74
11	75
11	76
11	77
11	78
11	80
11	81
11	82
11	83
11	84
11	85
11	87
11	91
11	92
11	93
11	94
11	95
12	3
12	4
12	7
12	10
12	11
12	14
12	15
12	19
12	23
12	24
12	25
12	27
12	28
12	30
12	34
12	36
12	37
12	38
12	40
12	41
12	42
12	43
12	45
12	46
12	50
12	53
12	54
12	56
12	57
12	58
12	61
12	64
12	65
12	66
12	68
12	70
12	71
12	72
12	73
12	76
12	77
12	78
12	79
12	81
12	82
12	84
12	85
12	87
12	88
12	90
12	92
12	93
12	95
13	2
13	5
13	6
13	8
13	9
13	10
13	11
13	12
13	13
13	17
13	19
13	20
13	22
13	23
13	24
13	27
13	28
13	30
13	31
13	32
13	34
13	38
13	39
13	40
13	41
13	42
13	43
13	44
13	45
13	46
13	47
13	48
13	50
13	51
13	53
13	54
13	55
13	57
13	58
13	62
13	64
13	67
13	68
13	69
13	70
13	72
13	73
13	74
13	75
13	76
13	77
13	79
13	80
13	82
13	83
13	87
13	88
13	89
13	91
13	92
13	94
14	1
14	2
14	3
14	4
14	5
14	6
14	7
14	8
14	9
14	10
14	11
14	12
14	14
14	16
14	17
14	20
14	23
14	24
14	25
14	27
14	28
14	30
14	31
14	34
14	35
14	38
14	41
14	42
14	44
14	45
14	46
14	47
14	48
14	49
14	50
14	53
14	54
14	57
14	58
14	62
14	63
14	65
14	66
14	68
14	69
14	70
14	71
14	73
14	77
14	78
14	79
14	81
14	82
14	83
14	84
14	85
14	86
14	89
14	90
14	91
14	93
15	2
15	7
15	8
15	10
15	11
15	12
15	13
15	14
15	16
15	18
15	19
15	21
15	22
15	23
15	25
15	26
15	27
15	29
15	31
15	33
15	34
15	37
15	38
15	40
15	41
15	42
15	43
15	44
15	49
15	50
15	51
15	52
15	53
15	55
15	57
15	58
15	61
15	64
15	65
15	67
15	68
15	69
15	70
15	71
15	72
15	73
15	76
15	78
15	79
15	80
15	81
15	82
15	83
15	84
15	85
15	86
15	87
15	89
15	90
15	91
15	92
16	2
16	4
16	5
16	6
16	7
16	8
16	10
16	13
16	14
16	15
16	16
16	17
16	21
16	22
16	23
16	25
16	26
16	28
16	29
16	30
16	31
16	32
16	34
16	37
16	40
16	43
16	45
16	47
16	48
16	50
16	51
16	55
16	57
16	58
16	62
16	63
16	65
16	66
16	68
16	69
16	71
16	73
16	75
16	77
16	78
16	80
16	81
16	82
16	83
16	85
16	86
16	88
16	89
16	91
16	92
16	95
17	2
17	3
17	4
17	5
17	6
17	8
17	12
17	13
17	15
17	17
17	19
17	20
17	21
17	22
17	26
17	29
17	30
17	34
17	35
17	36
17	37
17	39
17	40
17	42
17	43
17	44
17	46
17	50
17	51
17	52
17	54
17	55
17	56
17	57
17	58
17	60
17	61
17	64
17	65
17	66
17	70
17	72
17	73
17	75
17	76
17	79
17	81
17	82
17	83
17	85
17	86
17	87
17	88
17	91
17	92
17	93
17	94
17	95
18	4
18	6
18	10
18	12
18	14
18	17
18	18
18	21
18	22
18	25
18	28
18	29
18	30
18	32
18	33
18	36
18	38
18	42
18	43
18	45
18	46
18	48
18	49
18	51
18	53
18	56
18	57
18	58
18	59
18	61
18	62
18	63
18	64
18	66
18	67
18	72
18	73
18	74
18	75
18	77
18	78
18	80
18	81
18	83
18	84
18	86
18	87
18	90
18	91
18	93
18	95
19	1
19	3
19	5
19	8
19	10
19	11
19	12
19	13
19	14
19	15
19	18
19	21
19	22
19	23
19	24
19	25
19	26
19	27
19	28
19	30
19	31
19	32
19	33
19	37
19	39
19	40
19	41
19	43
19	44
19	45
19	46
19	48
19	49
19	53
19	57
19	58
19	59
19	64
19	65
19	66
19	68
19	70
19	71
19	72
19	73
19	74
19	77
19	80
19	84
19	85
19	86
19	87
19	88
19	90
19	92
19	94
19	95
20	1
20	2
20	4
20	5
20	6
20	7
20	8
20	9
20	13
20	18
20	19
20	20
20	22
20	23
20	26
20	28
20	29
20	31
20	32
20	35
20	37
20	40
20	43
20	44
20	45
20	46
20	47
20	48
20	49
20	51
20	52
20	56
20	58
20	59
20	63
20	64
20	65
20	67
20	68
20	69
20	74
20	77
20	78
20	82
20	84
20	85
20	86
20	88
20	89
20	90
20	91
20	92
20	93
20	94
21	1
21	2
21	3
21	4
21	5
21	6
21	7
21	8
21	9
21	10
21	11
21	12
21	14
21	16
21	18
21	19
21	21
21	22
21	23
21	24
21	25
21	26
21	28
21	29
21	30
21	31
21	32
21	33
21	36
21	38
21	39
21	40
21	41
21	42
21	44
21	45
21	48
21	50
21	51
21	52
21	54
21	56
21	58
21	60
21	61
21	68
21	69
21	72
21	75
21	77
21	80
21	82
21	83
21	84
21	87
21	89
21	90
21	93
21	94
21	95
22	2
22	5
22	9
22	11
22	12
22	14
22	15
22	18
22	21
22	22
22	23
22	26
22	27
22	29
22	31
22	32
22	34
22	35
22	36
22	37
22	42
22	43
22	44
22	45
22	48
22	49
22	52
22	54
22	56
22	57
22	59
22	61
22	62
22	66
22	68
22	69
22	75
22	76
22	77
22	78
22	79
22	80
22	81
22	82
22	83
22	85
22	88
22	89
22	93
22	94
22	95
23	1
23	2
23	5
23	6
23	8
23	10
23	13
23	14
23	15
23	16
23	17
23	19
23	22
23	23
23	24
23	25
23	26
23	28
23	29
23	30
23	31
23	33
23	36
23	39
23	40
23	42
23	44
23	45
23	46
23	48
23	52
23	53
23	54
23	56
23	58
23	61
23	62
23	65
23	66
23	67
23	68
23	69
23	70
23	72
23	73
23	74
23	75
23	76
23	78
23	80
23	82
23	83
23	84
23	85
23	86
23	88
23	92
23	93
23	95
24	1
24	2
24	3
24	4
24	5
24	6
24	8
24	10
24	12
24	15
24	18
24	21
24	22
24	23
24	24
24	27
24	28
24	30
24	31
24	32
24	34
24	37
24	38
24	42
24	44
24	45
24	46
24	47
24	48
24	49
24	50
24	51
24	52
24	53
24	54
24	55
24	56
24	57
24	58
24	62
24	63
24	65
24	66
24	68
24	69
24	70
24	71
24	74
24	75
24	76
24	77
24	79
24	83
24	86
24	87
24	88
24	89
24	90
24	91
24	93
24	94
24	95
25	2
25	5
25	7
25	8
25	9
25	10
25	11
25	12
25	15
25	16
25	18
25	19
25	20
25	21
25	22
25	23
25	25
25	27
25	29
25	31
25	32
25	34
25	35
25	36
25	38
25	39
25	40
25	41
25	43
25	44
25	48
25	49
25	55
25	56
25	57
25	60
25	63
25	64
25	65
25	66
25	67
25	69
25	70
25	71
25	72
25	73
25	75
25	77
25	78
25	79
25	83
25	87
25	88
25	89
25	91
25	93
26	1
26	2
26	4
26	5
26	6
26	8
26	11
26	12
26	13
26	14
26	16
26	18
26	23
26	30
26	31
26	32
26	35
26	36
26	37
26	38
26	39
26	41
26	43
26	44
26	45
26	46
26	48
26	49
26	51
26	52
26	53
26	57
26	59
26	60
26	61
26	65
26	66
26	67
26	68
26	70
26	71
26	73
26	74
26	75
26	76
26	77
26	78
26	79
26	80
26	81
26	82
26	83
26	84
26	86
26	87
26	90
26	91
26	92
26	93
26	94
26	95
27	1
27	3
27	4
27	5
27	7
27	9
27	10
27	11
27	13
27	15
27	16
27	17
27	18
27	19
27	20
27	21
27	22
27	23
27	26
27	29
27	31
27	33
27	37
27	40
27	42
27	43
27	44
27	46
27	47
27	48
27	49
27	51
27	52
27	54
27	56
27	57
27	58
27	60
27	61
27	63
27	64
27	65
27	66
27	68
27	69
27	71
27	74
27	75
27	76
27	77
27	80
27	84
27	85
27	86
27	87
27	88
27	89
27	92
27	94
27	95
28	1
28	3
28	4
28	6
28	7
28	8
28	9
28	11
28	12
28	13
28	15
28	18
28	20
28	23
28	24
28	28
28	31
28	34
28	36
28	37
28	39
28	40
28	41
28	42
28	43
28	46
28	49
28	50
28	52
28	53
28	59
28	61
28	62
28	63
28	65
28	66
28	67
28	71
28	72
28	73
28	75
28	77
28	78
28	80
28	84
28	85
28	86
28	87
28	89
28	90
28	91
28	92
28	94
28	95
29	1
29	2
29	3
29	4
29	6
29	9
29	11
29	17
29	18
29	20
29	21
29	22
29	23
29	25
29	26
29	28
29	29
29	31
29	33
29	34
29	36
29	39
29	40
29	43
29	44
29	45
29	46
29	50
29	51
29	53
29	55
29	56
29	58
29	59
29	60
29	62
29	63
29	65
29	67
29	68
29	69
29	73
29	74
29	76
29	79
29	82
29	83
29	84
29	85
29	87
29	88
29	89
29	90
29	91
29	92
29	93
29	94
29	95
30	1
30	3
30	6
30	9
30	10
30	11
30	12
30	13
30	15
30	16
30	20
30	22
30	23
30	27
30	29
30	30
30	32
30	34
30	35
30	36
30	37
30	38
30	39
30	40
30	41
30	43
30	44
30	46
30	47
30	48
30	51
30	52
30	53
30	55
30	56
30	58
30	59
30	61
30	64
30	65
30	66
30	67
30	68
30	69
30	70
30	71
30	72
30	73
30	76
30	78
30	79
30	81
30	82
30	83
30	84
30	85
30	86
30	87
30	89
30	90
30	92
30	93
30	94
30	95
31	1
31	3
31	5
31	10
31	11
31	13
31	14
31	15
31	16
31	18
31	19
31	20
31	22
31	23
31	24
31	25
31	26
31	27
31	28
31	30
31	31
31	33
31	35
31	37
31	38
31	39
31	40
31	41
31	42
31	43
31	44
31	45
31	47
31	50
31	52
31	53
31	54
31	55
31	57
31	58
31	60
31	61
31	62
31	63
31	64
31	65
31	66
31	67
31	68
31	69
31	71
31	72
31	75
31	76
31	77
31	79
31	80
31	82
31	85
31	86
31	87
31	88
31	89
31	90
31	91
32	1
32	3
32	6
32	8
32	9
32	13
32	20
32	21
32	22
32	24
32	26
32	27
32	31
32	32
32	33
32	35
32	36
32	38
32	39
32	40
32	41
32	43
32	44
32	46
32	47
32	50
32	51
32	52
32	54
32	56
32	57
32	60
32	61
32	62
32	64
32	65
32	66
32	67
32	68
32	71
32	72
32	75
32	77
32	78
32	79
32	80
32	81
32	83
32	85
32	86
32	87
32	88
32	91
32	92
32	93
32	94
32	95
33	1
33	2
33	4
33	5
33	6
33	7
33	9
33	12
33	14
33	15
33	16
33	18
33	19
33	23
33	24
33	25
33	26
33	28
33	29
33	31
33	33
33	35
33	36
33	37
33	38
33	39
33	40
33	42
33	45
33	46
33	47
33	48
33	51
33	52
33	53
33	54
33	56
33	57
33	61
33	63
33	64
33	65
33	66
33	68
33	70
33	72
33	73
33	74
33	78
33	80
33	81
33	82
33	83
33	85
33	86
33	87
33	90
33	91
33	92
33	95
34	1
34	2
34	4
34	5
34	8
34	9
34	10
34	14
34	15
34	20
34	21
34	22
34	23
34	24
34	25
34	27
34	28
34	30
34	31
34	32
34	33
34	34
34	35
34	36
34	38
34	39
34	41
34	42
34	46
34	47
34	48
34	49
34	50
34	52
34	54
34	55
34	56
34	58
34	63
34	64
34	66
34	67
34	69
34	70
34	71
34	73
34	78
34	79
34	80
34	81
34	82
34	84
34	86
34	88
34	89
34	90
34	93
34	94
34	95
35	3
35	5
35	6
35	7
35	8
35	10
35	11
35	14
35	17
35	18
35	19
35	23
35	24
35	28
35	29
35	30
35	31
35	33
35	34
35	38
35	41
35	42
35	44
35	46
35	47
35	50
35	51
35	59
35	60
35	64
35	68
35	69
35	71
35	72
35	74
35	75
35	77
35	79
35	80
35	81
35	82
35	83
35	84
35	88
35	89
35	90
35	91
35	92
35	95
36	1
36	5
36	7
36	8
36	9
36	11
36	12
36	13
36	15
36	17
36	18
36	20
36	21
36	22
36	23
36	25
36	26
36	28
36	30
36	31
36	32
36	33
36	35
36	36
36	37
36	38
36	39
36	41
36	42
36	44
36	45
36	48
36	50
36	52
36	53
36	54
36	55
36	56
36	57
36	58
36	60
36	62
36	63
36	64
36	65
36	66
36	67
36	68
36	69
36	71
36	72
36	74
36	75
36	76
36	78
36	80
36	83
36	85
36	86
36	87
36	88
36	89
36	91
36	92
36	93
36	94
37	1
37	4
37	7
37	8
37	9
37	11
37	12
37	14
37	15
37	16
37	17
37	18
37	19
37	23
37	25
37	26
37	27
37	28
37	31
37	32
37	33
37	34
37	38
37	39
37	40
37	42
37	43
37	44
37	47
37	48
37	50
37	51
37	52
37	53
37	54
37	55
37	56
37	57
37	59
37	60
37	61
37	62
37	64
37	66
37	67
37	68
37	70
37	71
37	76
37	77
37	78
37	80
37	81
37	82
37	83
37	85
37	86
37	88
37	89
37	90
37	91
37	92
38	2
38	3
38	4
38	7
38	9
38	12
38	13
38	14
38	15
38	16
38	18
38	20
38	21
38	22
38	23
38	24
38	26
38	27
38	28
38	29
38	31
38	32
38	33
38	35
38	37
38	39
38	40
38	42
38	43
38	44
38	45
38	46
38	48
38	50
38	53
38	54
38	56
38	58
38	59
38	60
38	61
38	62
38	63
38	64
38	66
38	67
38	69
38	70
38	71
38	72
38	73
38	75
38	77
38	80
38	81
38	82
38	85
38	89
38	90
38	91
38	92
38	93
39	1
39	2
39	4
39	5
39	6
39	9
39	10
39	15
39	16
39	17
39	18
39	20
39	21
39	22
39	24
39	28
39	29
39	30
39	31
39	34
39	36
39	38
39	39
39	41
39	42
39	43
39	45
39	46
39	48
39	50
39	54
39	56
39	57
39	58
39	59
39	60
39	62
39	63
39	65
39	66
39	67
39	68
39	69
39	70
39	73
39	75
39	76
39	77
39	78
39	80
39	81
39	84
39	85
39	86
39	89
39	91
39	93
39	94
40	2
40	3
40	4
40	7
40	8
40	14
40	16
40	18
40	19
40	20
40	21
40	22
40	25
40	29
40	30
40	31
40	33
40	34
40	35
40	36
40	37
40	38
40	40
40	41
40	42
40	43
40	44
40	45
40	47
40	49
40	50
40	51
40	52
40	53
40	54
40	55
40	56
40	57
40	60
40	61
40	63
40	64
40	65
40	67
40	68
40	69
40	71
40	73
40	76
40	78
40	79
40	80
40	81
40	83
40	86
40	89
40	91
40	93
40	94
40	95
41	2
41	3
41	4
41	5
41	8
41	13
41	14
41	16
41	17
41	18
41	19
41	20
41	21
41	25
41	27
41	31
41	33
41	35
41	37
41	38
41	40
41	41
41	42
41	43
41	44
41	46
41	48
41	49
41	50
41	52
41	55
41	56
41	58
41	59
41	60
41	61
41	62
41	63
41	64
41	70
41	71
41	80
41	83
41	84
41	85
41	87
41	88
41	89
41	90
41	91
41	92
41	93
41	94
41	95
42	1
42	2
42	4
42	5
42	8
42	9
42	11
42	13
42	14
42	15
42	16
42	19
42	22
42	24
42	25
42	27
42	28
42	29
42	31
42	32
42	33
42	34
42	36
42	37
42	38
42	40
42	41
42	42
42	43
42	44
42	47
42	48
42	49
42	50
42	51
42	52
42	53
42	54
42	55
42	56
42	58
42	59
42	62
42	63
42	64
42	65
42	67
42	68
42	69
42	71
42	73
42	74
42	75
42	76
42	77
42	78
42	79
42	82
42	83
42	86
42	87
42	88
42	89
42	93
42	94
42	95
43	1
43	2
43	3
43	4
43	5
43	7
43	8
43	9
43	12
43	13
43	14
43	15
43	16
43	17
43	18
43	19
43	20
43	21
43	22
43	23
43	24
43	25
43	26
43	27
43	28
43	29
43	30
43	32
43	33
43	34
43	35
43	36
43	42
43	43
43	45
43	48
43	49
43	50
43	51
43	52
43	54
43	55
43	56
43	57
43	58
43	59
43	63
43	64
43	65
43	66
43	67
43	68
43	70
43	71
43	73
43	75
43	76
43	78
43	79
43	80
43	81
43	82
43	84
43	85
43	88
43	90
43	91
43	92
43	94
44	1
44	2
44	3
44	5
44	6
44	8
44	9
44	10
44	12
44	15
44	16
44	17
44	20
44	21
44	23
44	24
44	25
44	26
44	29
44	30
44	31
44	32
44	33
44	34
44	35
44	36
44	37
44	40
44	43
44	44
44	45
44	46
44	49
44	50
44	52
44	57
44	59
44	64
44	68
44	69
44	70
44	71
44	72
44	73
44	76
44	77
44	78
44	83
44	84
44	85
44	87
44	88
44	90
44	94
45	1
45	2
45	3
45	5
45	8
45	9
45	10
45	11
45	12
45	14
45	15
45	16
45	17
45	18
45	19
45	20
45	21
45	22
45	23
45	26
45	27
45	28
45	30
45	32
45	35
45	38
45	39
45	40
45	43
45	45
45	46
45	51
45	53
45	55
45	56
45	57
45	58
45	60
45	61
45	62
45	63
45	64
45	65
45	70
45	71
45	73
45	74
45	76
45	77
45	78
45	79
45	81
45	83
45	85
45	86
45	88
45	90
45	92
45	93
45	94
45	95
46	1
46	3
46	7
46	8
46	12
46	14
46	15
46	16
46	17
46	18
46	19
46	21
46	22
46	23
46	24
46	25
46	27
46	28
46	29
46	30
46	31
46	32
46	34
46	37
46	40
46	42
46	44
46	45
46	46
46	49
46	54
46	55
46	56
46	58
46	60
46	61
46	62
46	64
46	67
46	72
46	73
46	76
46	77
46	78
46	79
46	80
46	81
46	83
46	86
46	89
46	91
46	92
46	94
46	95
47	1
47	2
47	4
47	5
47	7
47	8
47	9
47	10
47	11
47	12
47	13
47	14
47	15
47	16
47	17
47	18
47	19
47	20
47	21
47	22
47	23
47	28
47	29
47	30
47	31
47	35
47	37
47	38
47	39
47	40
47	43
47	45
47	46
47	47
47	48
47	49
47	50
47	51
47	53
47	54
47	55
47	60
47	62
47	63
47	65
47	67
47	69
47	70
47	72
47	75
47	76
47	77
47	78
47	79
47	80
47	81
47	82
47	87
47	89
47	92
47	94
47	95
48	1
48	3
48	5
48	6
48	7
48	8
48	9
48	13
48	14
48	16
48	17
48	19
48	21
48	24
48	25
48	29
48	30
48	31
48	32
48	36
48	37
48	38
48	39
48	47
48	48
48	49
48	51
48	52
48	53
48	54
48	55
48	59
48	60
48	62
48	63
48	64
48	65
48	67
48	68
48	69
48	70
48	71
48	72
48	73
48	74
48	76
48	77
48	79
48	81
48	83
48	84
48	85
48	86
48	88
48	89
48	91
48	92
48	93
49	1
49	4
49	5
49	8
49	9
49	10
49	12
49	13
49	14
49	15
49	16
49	18
49	22
49	26
49	29
49	30
49	31
49	32
49	33
49	34
49	35
49	36
49	38
49	39
49	40
49	42
49	43
49	53
49	54
49	57
49	59
49	60
49	61
49	63
49	64
49	66
49	70
49	72
49	73
49	74
49	75
49	78
49	79
49	80
49	81
49	84
49	85
49	86
49	87
49	90
49	91
49	94
49	95
50	1
50	2
50	5
50	6
50	7
50	8
50	9
50	10
50	11
50	12
50	15
50	18
50	19
50	20
50	21
50	23
50	25
50	26
50	27
50	29
50	30
50	31
50	32
50	33
50	35
50	36
50	37
50	38
50	39
50	40
50	41
50	42
50	43
50	46
50	50
50	52
50	53
50	54
50	58
50	59
50	60
50	62
50	63
50	66
50	67
50	70
50	73
50	74
50	76
50	77
50	78
50	80
50	83
50	84
50	85
50	86
50	87
50	88
50	90
50	91
50	93
50	94
50	95
51	1
51	2
51	4
51	6
51	7
51	8
51	10
51	11
51	12
51	15
51	16
51	19
51	20
51	21
51	22
51	23
51	25
51	26
51	27
51	32
51	33
51	35
51	37
51	38
51	41
51	42
51	45
51	46
51	47
51	48
51	50
51	53
51	56
51	57
51	60
51	63
51	64
51	65
51	66
51	67
51	69
51	72
51	73
51	74
51	75
51	76
51	77
51	79
51	80
51	81
51	82
51	83
51	85
51	87
51	89
51	90
51	91
51	93
51	94
51	95
52	5
52	6
52	8
52	9
52	10
52	13
52	14
52	15
52	16
52	17
52	18
52	23
52	27
52	28
52	29
52	32
52	34
52	35
52	36
52	37
52	43
52	44
52	46
52	48
52	50
52	53
52	54
52	55
52	56
52	57
52	58
52	59
52	60
52	61
52	62
52	63
52	64
52	65
52	67
52	69
52	71
52	72
52	73
52	74
52	75
52	76
52	78
52	80
52	81
52	83
52	84
52	85
52	86
52	87
52	89
52	90
52	91
52	94
53	2
53	4
53	5
53	7
53	9
53	10
53	11
53	12
53	14
53	15
53	16
53	18
53	19
53	21
53	23
53	24
53	28
53	29
53	33
53	35
53	36
53	39
53	40
53	41
53	44
53	46
53	47
53	49
53	51
53	53
53	58
53	59
53	60
53	63
53	64
53	65
53	66
53	68
53	71
53	76
53	79
53	81
53	82
53	83
53	84
53	87
53	88
53	90
53	91
53	92
53	93
54	1
54	5
54	6
54	7
54	10
54	14
54	15
54	16
54	19
54	23
54	24
54	25
54	26
54	27
54	28
54	29
54	31
54	32
54	33
54	36
54	38
54	39
54	42
54	43
54	44
54	45
54	46
54	49
54	50
54	51
54	52
54	53
54	54
54	57
54	59
54	60
54	61
54	62
54	63
54	64
54	65
54	66
54	67
54	68
54	70
54	72
54	73
54	74
54	75
54	76
54	79
54	81
54	82
54	83
54	84
54	85
54	86
54	87
54	88
54	89
54	90
54	91
54	94
55	3
55	6
55	7
55	8
55	10
55	11
55	13
55	14
55	15
55	16
55	18
55	20
55	22
55	24
55	26
55	27
55	28
55	29
55	30
55	32
55	34
55	36
55	37
55	38
55	41
55	42
55	44
55	45
55	46
55	48
55	50
55	51
55	53
55	54
55	55
55	56
55	57
55	58
55	61
55	63
55	64
55	65
55	66
55	70
55	72
55	73
55	74
55	77
55	78
55	79
55	80
55	81
55	83
55	85
55	89
56	4
56	5
56	7
56	11
56	12
56	13
56	14
56	15
56	16
56	17
56	19
56	20
56	22
56	23
56	25
56	27
56	28
56	29
56	30
56	31
56	32
56	34
56	35
56	37
56	38
56	41
56	45
56	47
56	48
56	49
56	50
56	51
56	52
56	53
56	54
56	56
56	58
56	59
56	62
56	63
56	65
56	66
56	67
56	68
56	69
56	70
56	71
56	72
56	75
56	77
56	80
56	81
56	82
56	83
56	86
56	87
56	88
56	89
56	90
56	91
56	94
56	95
57	2
57	6
57	8
57	9
57	11
57	12
57	15
57	16
57	17
57	18
57	19
57	21
57	25
57	27
57	29
57	32
57	33
57	34
57	35
57	37
57	39
57	40
57	41
57	42
57	43
57	45
57	47
57	48
57	50
57	52
57	54
57	60
57	62
57	64
57	65
57	67
57	70
57	72
57	74
57	76
57	78
57	80
57	82
57	83
57	84
57	86
57	89
57	90
57	93
57	95
58	2
58	4
58	5
58	6
58	7
58	10
58	13
58	18
58	19
58	20
58	21
58	23
58	26
58	27
58	29
58	30
58	31
58	34
58	37
58	39
58	40
58	43
58	45
58	46
58	48
58	49
58	51
58	52
58	53
58	54
58	55
58	56
58	57
58	60
58	61
58	62
58	63
58	64
58	65
58	66
58	67
58	69
58	70
58	71
58	73
58	75
58	77
58	78
58	79
58	80
58	82
58	83
58	84
58	86
58	87
58	89
58	90
58	91
58	92
58	93
58	94
59	1
59	2
59	3
59	4
59	5
59	9
59	10
59	12
59	13
59	14
59	15
59	17
59	18
59	20
59	21
59	22
59	24
59	25
59	28
59	29
59	30
59	31
59	32
59	34
59	36
59	37
59	38
59	39
59	40
59	43
59	44
59	47
59	49
59	51
59	53
59	56
59	59
59	62
59	64
59	65
59	66
59	70
59	71
59	73
59	74
59	76
59	77
59	80
59	82
59	83
59	84
59	85
59	86
59	87
59	88
59	91
59	92
59	93
59	95
60	1
60	2
60	8
60	10
60	11
60	12
60	13
60	15
60	18
60	20
60	22
60	23
60	24
60	25
60	26
60	29
60	30
60	31
60	32
60	33
60	34
60	35
60	36
60	37
60	45
60	46
60	47
60	49
60	51
60	52
60	53
60	59
60	60
60	61
60	62
60	64
60	65
60	66
60	68
60	69
60	70
60	73
60	74
60	75
60	76
60	78
60	84
60	86
60	87
60	89
60	90
60	92
60	93
60	95
61	1
61	3
61	4
61	6
61	7
61	8
61	9
61	10
61	11
61	13
61	14
61	15
61	16
61	17
61	18
61	19
61	21
61	23
61	26
61	28
61	29
61	30
61	31
61	36
61	38
61	40
61	41
61	42
61	43
61	46
61	48
61	49
61	50
61	51
61	52
61	55
61	56
61	57
61	58
61	60
61	63
61	66
61	68
61	69
61	70
61	73
61	74
61	76
61	77
61	79
61	81
61	82
61	83
61	84
61	85
61	86
61	87
61	88
61	90
61	91
61	92
61	93
61	94
62	1
62	3
62	5
62	7
62	9
62	10
62	11
62	12
62	15
62	16
62	17
62	21
62	23
62	24
62	26
62	27
62	28
62	29
62	31
62	32
62	33
62	34
62	36
62	38
62	39
62	41
62	42
62	44
62	46
62	49
62	50
62	51
62	52
62	53
62	57
62	58
62	59
62	62
62	64
62	66
62	67
62	68
62	70
62	72
62	73
62	74
62	77
62	78
62	79
62	80
62	81
62	82
62	83
62	84
62	85
62	87
62	88
62	89
62	90
62	91
62	92
62	93
62	94
62	95
63	1
63	2
63	3
63	4
63	6
63	7
63	10
63	14
63	16
63	17
63	20
63	21
63	22
63	25
63	27
63	29
63	30
63	31
63	32
63	35
63	36
63	37
63	38
63	39
63	40
63	41
63	44
63	45
63	46
63	47
63	49
63	50
63	52
63	54
63	56
63	58
63	61
63	63
63	64
63	65
63	66
63	70
63	71
63	72
63	73
63	75
63	77
63	78
63	79
63	82
63	83
63	84
63	86
63	87
63	89
63	91
63	92
63	93
63	94
63	95
64	2
64	4
64	5
64	6
64	7
64	8
64	13
64	14
64	16
64	17
64	20
64	21
64	23
64	24
64	28
64	29
64	30
64	31
64	33
64	34
64	35
64	37
64	38
64	39
64	41
64	42
64	43
64	44
64	45
64	48
64	50
64	51
64	52
64	53
64	54
64	56
64	58
64	61
64	62
64	63
64	65
64	67
64	68
64	69
64	72
64	73
64	76
64	77
64	78
64	79
64	80
64	81
64	82
64	84
64	87
64	88
64	90
64	95
65	2
65	3
65	4
65	7
65	8
65	10
65	12
65	13
65	14
65	15
65	16
65	17
65	18
65	20
65	21
65	23
65	24
65	25
65	26
65	27
65	28
65	30
65	32
65	34
65	35
65	37
65	38
65	39
65	40
65	41
65	42
65	43
65	44
65	45
65	46
65	48
65	50
65	51
65	52
65	53
65	54
65	55
65	56
65	58
65	59
65	60
65	61
65	65
65	66
65	67
65	68
65	69
65	70
65	72
65	73
65	74
65	75
65	76
65	78
65	79
65	81
65	82
65	84
65	85
65	86
65	87
65	89
65	90
65	91
65	92
65	93
65	94
65	95
66	3
66	4
66	5
66	6
66	7
66	9
66	10
66	11
66	12
66	14
66	15
66	16
66	18
66	21
66	22
66	24
66	25
66	27
66	28
66	29
66	32
66	33
66	34
66	35
66	36
66	38
66	39
66	41
66	42
66	43
66	45
66	53
66	54
66	55
66	57
66	58
66	60
66	62
66	64
66	66
66	67
66	68
66	70
66	71
66	72
66	73
66	74
66	75
66	77
66	78
66	79
66	80
66	81
66	82
66	83
66	85
66	86
66	87
66	88
66	90
66	92
66	93
66	94
67	1
67	5
67	6
67	7
67	12
67	13
67	16
67	19
67	20
67	21
67	22
67	23
67	26
67	28
67	29
67	30
67	31
67	33
67	35
67	36
67	38
67	39
67	40
67	42
67	43
67	44
67	45
67	46
67	47
67	48
67	49
67	50
67	51
67	53
67	56
67	57
67	60
67	61
67	62
67	63
67	65
67	66
67	68
67	69
67	70
67	71
67	72
67	75
67	77
67	79
67	80
67	81
67	83
67	84
67	86
67	88
67	89
67	90
67	91
67	93
67	94
67	95
68	1
68	2
68	3
68	4
68	5
68	7
68	8
68	9
68	10
68	14
68	15
68	16
68	18
68	19
68	21
68	23
68	24
68	25
68	26
68	27
68	28
68	29
68	30
68	31
68	33
68	34
68	35
68	37
68	40
68	42
68	43
68	44
68	48
68	49
68	50
68	52
68	55
68	56
68	57
68	59
68	63
68	64
68	65
68	66
68	68
68	69
68	70
68	71
68	72
68	73
68	74
68	75
68	76
68	77
68	78
68	79
68	81
68	83
68	86
68	88
68	89
68	90
68	93
69	1
69	2
69	3
69	6
69	7
69	8
69	9
69	10
69	12
69	14
69	15
69	17
69	18
69	19
69	20
69	27
69	28
69	29
69	30
69	32
69	33
69	34
69	35
69	37
69	38
69	39
69	40
69	42
69	44
69	46
69	48
69	49
69	50
69	51
69	53
69	54
69	57
69	58
69	59
69	60
69	62
69	64
69	65
69	66
69	67
69	68
69	70
69	72
69	73
69	76
69	78
69	80
69	81
69	82
69	86
69	88
69	89
69	90
69	91
69	94
70	2
70	3
70	4
70	5
70	6
70	7
70	8
70	9
70	10
70	12
70	15
70	16
70	17
70	19
70	20
70	22
70	24
70	25
70	26
70	30
70	31
70	32
70	34
70	35
70	37
70	38
70	40
70	41
70	42
70	44
70	45
70	46
70	47
70	48
70	52
70	53
70	54
70	56
70	58
70	59
70	61
70	63
70	66
70	67
70	68
70	69
70	70
70	71
70	72
70	73
70	74
70	75
70	80
70	81
70	82
70	84
70	88
70	89
70	90
70	91
70	92
70	93
70	95
71	1
71	2
71	3
71	4
71	5
71	6
71	9
71	10
71	12
71	16
71	19
71	20
71	21
71	24
71	25
71	29
71	30
71	31
71	32
71	33
71	34
71	37
71	39
71	41
71	42
71	43
71	45
71	46
71	48
71	49
71	50
71	53
71	55
71	56
71	57
71	58
71	60
71	61
71	63
71	64
71	67
71	68
71	69
71	71
71	72
71	76
71	77
71	78
71	80
71	81
71	82
71	83
71	86
71	87
71	88
71	89
71	90
71	92
71	94
71	95
72	1
72	3
72	5
72	6
72	7
72	10
72	12
72	13
72	14
72	16
72	17
72	18
72	19
72	20
72	21
72	23
72	24
72	25
72	26
72	27
72	28
72	29
72	31
72	32
72	33
72	34
72	35
72	36
72	37
72	38
72	41
72	42
72	43
72	45
72	46
72	48
72	49
72	50
72	51
72	53
72	55
72	57
72	58
72	59
72	60
72	62
72	63
72	64
72	65
72	70
72	71
72	72
72	73
72	75
72	76
72	78
72	79
72	82
72	83
72	86
72	87
72	90
72	91
72	94
72	95
73	1
73	2
73	4
73	6
73	7
73	9
73	12
73	13
73	14
73	15
73	17
73	18
73	19
73	22
73	26
73	27
73	29
73	30
73	31
73	33
73	34
73	35
73	36
73	37
73	39
73	40
73	41
73	42
73	43
73	44
73	47
73	48
73	49
73	50
73	52
73	53
73	55
73	57
73	65
73	66
73	67
73	68
73	69
73	70
73	71
73	73
73	75
73	76
73	77
73	79
73	80
73	81
73	82
73	83
73	86
73	87
73	88
73	90
73	91
73	94
73	95
74	1
74	2
74	3
74	4
74	7
74	8
74	9
74	12
74	13
74	17
74	21
74	24
74	25
74	26
74	27
74	29
74	30
74	33
74	36
74	40
74	42
74	46
74	47
74	48
74	50
74	51
74	52
74	53
74	54
74	57
74	59
74	60
74	62
74	64
74	66
74	67
74	68
74	69
74	73
74	74
74	76
74	77
74	78
74	79
74	80
74	83
74	84
74	86
74	87
74	88
74	90
74	91
74	93
75	4
75	5
75	6
75	7
75	10
75	12
75	13
75	14
75	16
75	18
75	19
75	21
75	22
75	23
75	26
75	27
75	29
75	30
75	31
75	32
75	33
75	35
75	36
75	37
75	38
75	39
75	40
75	41
75	42
75	43
75	44
75	45
75	46
75	47
75	48
75	54
75	55
75	57
75	58
75	63
75	64
75	66
75	67
75	68
75	70
75	71
75	72
75	74
75	77
75	78
75	79
75	81
75	82
75	84
75	86
75	87
75	89
75	90
75	92
75	93
75	94
75	95
76	2
76	3
76	5
76	6
76	8
76	10
76	12
76	13
76	16
76	18
76	24
76	27
76	28
76	29
76	30
76	33
76	34
76	35
76	36
76	39
76	41
76	50
76	53
76	56
76	57
76	58
76	59
76	60
76	61
76	62
76	64
76	65
76	67
76	68
76	70
76	72
76	74
76	75
76	76
76	77
76	81
76	84
76	87
76	88
76	89
76	93
76	94
76	95
77	2
77	3
77	7
77	8
77	10
77	12
77	15
77	16
77	17
77	18
77	19
77	20
77	21
77	22
77	23
77	25
77	26
77	27
77	30
77	31
77	32
77	33
77	34
77	35
77	36
77	37
77	38
77	39
77	40
77	41
77	42
77	44
77	46
77	47
77	48
77	49
77	50
77	51
77	52
77	55
77	56
77	57
77	58
77	60
77	61
77	62
77	63
77	66
77	67
77	70
77	72
77	73
77	75
77	77
77	78
77	79
77	80
77	81
77	82
77	83
77	84
77	88
77	89
77	90
77	92
77	93
77	94
77	95
78	1
78	2
78	4
78	7
78	8
78	9
78	11
78	12
78	14
78	16
78	20
78	21
78	22
78	23
78	25
78	27
78	28
78	29
78	30
78	31
78	33
78	34
78	35
78	36
78	37
78	38
78	41
78	42
78	43
78	44
78	46
78	47
78	50
78	51
78	52
78	57
78	58
78	62
78	63
78	64
78	65
78	69
78	71
78	72
78	74
78	75
78	76
78	78
78	80
78	81
78	82
78	83
78	87
78	91
78	92
78	93
79	3
79	4
79	5
79	6
79	9
79	10
79	11
79	12
79	13
79	16
79	18
79	19
79	20
79	22
79	24
79	25
79	26
79	28
79	29
79	30
79	31
79	33
79	35
79	38
79	40
79	42
79	43
79	44
79	47
79	48
79	49
79	50
79	52
79	53
79	54
79	56
79	57
79	58
79	60
79	61
79	62
79	63
79	64
79	65
79	66
79	68
79	70
79	72
79	73
79	74
79	78
79	83
79	84
79	85
79	86
79	87
79	88
79	89
79	90
79	92
79	94
79	95
80	1
80	2
80	3
80	4
80	5
80	6
80	7
80	8
80	9
80	11
80	13
80	14
80	16
80	18
80	19
80	20
80	22
80	24
80	25
80	26
80	27
80	28
80	29
80	30
80	32
80	33
80	36
80	37
80	38
80	39
80	41
80	42
80	44
80	45
80	46
80	47
80	48
80	51
80	52
80	53
80	55
80	56
80	59
80	62
80	64
80	65
80	68
80	71
80	74
80	79
80	80
80	81
80	83
80	84
80	85
80	86
80	90
80	92
80	93
80	95
81	2
81	4
81	5
81	6
81	7
81	9
81	10
81	11
81	13
81	14
81	15
81	16
81	19
81	21
81	24
81	25
81	27
81	28
81	29
81	30
81	31
81	32
81	33
81	35
81	38
81	40
81	41
81	42
81	45
81	46
81	47
81	49
81	50
81	51
81	53
81	54
81	55
81	58
81	61
81	62
81	63
81	64
81	65
81	66
81	67
81	68
81	71
81	72
81	73
81	74
81	75
81	76
81	77
81	80
81	81
81	82
81	83
81	84
81	85
81	86
81	87
81	89
81	90
81	93
81	94
81	95
82	1
82	3
82	4
82	5
82	6
82	9
82	10
82	12
82	14
82	15
82	16
82	17
82	19
82	20
82	21
82	22
82	23
82	27
82	28
82	30
82	31
82	32
82	33
82	35
82	36
82	37
82	38
82	39
82	40
82	41
82	42
82	44
82	45
82	46
82	47
82	48
82	52
82	56
82	57
82	60
82	64
82	65
82	66
82	68
82	72
82	74
82	75
82	76
82	79
82	80
82	82
82	83
82	86
82	88
82	90
82	92
82	93
82	95
83	2
83	4
83	5
83	6
83	8
83	9
83	10
83	11
83	12
83	13
83	14
83	15
83	17
83	18
83	19
83	21
83	23
83	24
83	25
83	28
83	29
83	30
83	32
83	33
83	34
83	37
83	38
83	39
83	41
83	42
83	44
83	47
83	50
83	51
83	52
83	54
83	55
83	57
83	59
83	62
83	63
83	64
83	67
83	70
83	72
83	73
83	74
83	76
83	77
83	79
83	81
83	83
83	84
83	85
83	86
83	87
83	89
83	90
83	91
83	92
83	95
84	2
84	3
84	4
84	8
84	9
84	10
84	12
84	13
84	14
84	15
84	17
84	20
84	21
84	22
84	24
84	25
84	26
84	30
84	32
84	33
84	34
84	35
84	36
84	37
84	38
84	39
84	40
84	41
84	42
84	43
84	44
84	46
84	47
84	48
84	49
84	51
84	52
84	53
84	55
84	56
84	57
84	59
84	61
84	62
84	64
84	66
84	67
84	70
84	71
84	72
84	76
84	77
84	78
84	79
84	81
84	82
84	83
84	84
84	85
84	86
84	87
84	88
84	92
84	93
84	95
85	2
85	3
85	4
85	6
85	10
85	11
85	12
85	14
85	15
85	19
85	23
85	24
85	26
85	27
85	29
85	32
85	33
85	35
85	38
85	39
85	40
85	41
85	43
85	45
85	47
85	49
85	51
85	52
85	54
85	56
85	57
85	58
85	59
85	60
85	63
85	64
85	65
85	66
85	68
85	69
85	71
85	72
85	74
85	75
85	76
85	77
85	78
85	79
85	80
85	82
85	83
85	84
85	85
85	86
85	87
85	88
85	90
85	92
85	94
85	95
86	1
86	2
86	3
86	10
86	11
86	12
86	13
86	17
86	18
86	20
86	23
86	24
86	26
86	27
86	30
86	34
86	35
86	36
86	37
86	38
86	39
86	42
86	44
86	46
86	47
86	50
86	51
86	52
86	53
86	54
86	55
86	56
86	58
86	59
86	63
86	64
86	65
86	66
86	67
86	68
86	72
86	73
86	74
86	75
86	79
86	81
86	82
86	83
86	84
86	85
86	86
86	89
86	90
86	92
86	93
86	94
86	95
87	2
87	3
87	4
87	5
87	6
87	7
87	8
87	12
87	13
87	15
87	17
87	18
87	19
87	20
87	23
87	24
87	25
87	26
87	29
87	30
87	31
87	33
87	34
87	36
87	38
87	39
87	41
87	42
87	44
87	45
87	46
87	47
87	49
87	50
87	51
87	52
87	53
87	57
87	58
87	60
87	64
87	65
87	71
87	74
87	78
87	79
87	80
87	84
87	85
87	88
87	89
87	91
87	92
87	94
87	95
88	1
88	3
88	5
88	6
88	7
88	8
88	9
88	12
88	13
88	14
88	16
88	18
88	19
88	20
88	21
88	23
88	24
88	25
88	27
88	28
88	30
88	31
88	32
88	35
88	36
88	37
88	38
88	39
88	41
88	45
88	46
88	47
88	48
88	49
88	51
88	52
88	53
88	54
88	55
88	56
88	57
88	59
88	62
88	63
88	64
88	66
88	69
88	72
88	74
88	75
88	76
88	78
88	79
88	80
88	81
88	83
88	84
88	85
88	87
88	88
88	91
88	92
88	93
88	94
88	95
89	1
89	3
89	4
89	7
89	9
89	10
89	11
89	12
89	13
89	14
89	15
89	16
89	18
89	19
89	21
89	22
89	26
89	27
89	28
89	29
89	30
89	31
89	32
89	33
89	35
89	36
89	39
89	40
89	43
89	44
89	46
89	47
89	49
89	50
89	51
89	54
89	56
89	57
89	59
89	63
89	65
89	66
89	69
89	70
89	71
89	73
89	74
89	75
89	77
89	79
89	80
89	81
89	83
89	85
89	86
89	88
89	94
90	1
90	2
90	3
90	4
90	5
90	7
90	8
90	11
90	12
90	17
90	21
90	23
90	25
90	26
90	27
90	30
90	31
90	32
90	35
90	36
90	37
90	38
90	39
90	40
90	41
90	42
90	43
90	44
90	45
90	48
90	51
90	52
90	54
90	58
90	60
90	63
90	64
90	66
90	68
90	69
90	72
90	73
90	74
90	75
90	76
90	77
90	79
90	80
90	81
90	82
90	84
90	85
90	88
90	91
90	92
90	93
90	94
90	95
91	1
91	2
91	3
91	5
91	6
91	9
91	11
91	13
91	14
91	16
91	18
91	19
91	20
91	22
91	27
91	29
91	30
91	33
91	35
91	37
91	39
91	40
91	41
91	42
91	43
91	44
91	45
91	47
91	48
91	49
91	50
91	51
91	53
91	57
91	59
91	60
91	62
91	63
91	64
91	66
91	67
91	69
91	71
91	72
91	76
91	77
91	79
91	80
91	84
91	85
91	87
91	88
91	89
91	90
91	91
91	92
91	93
92	1
92	4
92	5
92	6
92	9
92	11
92	12
92	13
92	14
92	15
92	16
92	17
92	18
92	19
92	20
92	21
92	23
92	27
92	28
92	29
92	30
92	33
92	35
92	36
92	37
92	38
92	42
92	43
92	44
92	45
92	46
92	48
92	50
92	51
92	53
92	56
92	57
92	58
92	59
92	60
92	61
92	63
92	66
92	68
92	69
92	70
92	71
92	72
92	73
92	79
92	81
92	82
92	85
92	86
92	87
92	88
92	89
92	90
92	91
92	93
92	94
92	95
93	2
93	3
93	4
93	6
93	10
93	15
93	16
93	17
93	19
93	20
93	21
93	22
93	23
93	24
93	25
93	26
93	27
93	30
93	31
93	32
93	34
93	35
93	37
93	38
93	39
93	41
93	42
93	46
93	47
93	49
93	50
93	51
93	53
93	58
93	59
93	60
93	61
93	62
93	63
93	68
93	70
93	71
93	72
93	73
93	75
93	76
93	78
93	81
93	82
93	84
93	85
93	87
93	88
93	89
93	90
93	91
93	92
93	94
93	95
94	2
94	4
94	6
94	7
94	8
94	9
94	10
94	12
94	13
94	16
94	17
94	18
94	21
94	23
94	26
94	27
94	28
94	30
94	31
94	32
94	33
94	34
94	35
94	36
94	37
94	41
94	42
94	43
94	44
94	45
94	46
94	47
94	48
94	50
94	53
94	56
94	57
94	58
94	59
94	60
94	62
94	71
94	72
94	73
94	74
94	75
94	77
94	78
94	79
94	81
94	82
94	86
94	87
94	88
94	89
94	90
94	91
94	92
94	94
95	1
95	2
95	6
95	7
95	8
95	9
95	10
95	12
95	14
95	15
95	16
95	17
95	19
95	21
95	23
95	24
95	28
95	29
95	30
95	31
95	32
95	33
95	34
95	35
95	38
95	39
95	42
95	43
95	47
95	48
95	49
95	50
95	51
95	53
95	55
95	56
95	58
95	59
95	60
95	61
95	63
95	64
95	65
95	66
95	67
95	68
95	69
95	70
95	71
95	72
95	73
95	74
95	76
95	77
95	79
95	82
95	83
95	84
95	85
95	87
95	89
95	90
95	93
95	94
95	95
1	96
2	96
3	96
4	96
5	96
6	96
7	96
8	96
9	96
10	96
11	96
12	96
13	96
14	96
15	96
16	96
17	96
18	96
19	96
20	96
21	96
22	96
23	96
24	96
25	96
26	96
27	96
28	96
29	96
30	96
31	96
32	96
33	96
34	96
35	96
36	96
37	96
38	96
39	96
40	96
41	96
42	96
43	96
44	96
45	96
46	96
47	96
48	96
49	96
50	96
51	96
52	96
53	96
54	96
55	96
56	96
57	96
58	96
59	96
60	96
61	96
62	96
63	96
64	96
65	96
66	96
67	96
68	96
69	96
70	96
71	96
72	96
73	96
74	96
75	96
76	96
77	96
78	96
79	96
80	96
81	96
82	96
83	96
84	96
85	96
86	96
87	96
88	96
89	96
90	96
91	96
92	96
93	96
94	96
95	96
96	96
