1	3
1	5
1	6
1	9
1	10
1	11
1	12
1	13
1	14
1	16
1	18
1	19
1	21
1	22
1	23
1	24
1	25
1	26
1	28
1	29
1	30
1	31
1	32
1	33
1	35
1	36
1	37
1	39
1	40
1	41
1	43
1	44
1	45
1	49
1	50
1	51
1	53
1	56
1	57
1	58
1	59
1	62
1	63
1	66
1	67
1	69
1	70
1	71
1	73
1	74
1	75
1	78
1	79
1	80
1	81
1	82
1	83
1	84
1	85
1	86
1	87
1	88
1	90
1	93
1	94
1	96
1	97
2	2
2	4
2	8
2	9
2	10
2	11
2	14
2	15
2	16
2	17
2	19
2	20
2	22
2	24
2	26
2	27
2	30
2	31
2	33
2	34
2	35
2	37
2	38
2	39
2	40
2	42
2	43
2	44
2	45
2	46
2	47
2	48
2	49
2	51
2	52
2	53
2	54
2	55
2	56
2	59
2	60
2	62
2	63
2	64
2	65
2	68
2	69
2	71
2	72
2	73
2	74
2	76
2	77
2	78
2	79
2	80
2	82
2	83
2	86
2	91
2	93
2	94
2	95
3	1
3	2
3	3
3	4
3	5
3	6
3	9
3	11
3	12
3	13
3	15
3	17
3	19
3	21
3	25
3	26
3	28
3	29
3	30
3	32
3	33
3	34
3	35
3	36
3	37
3	40
3	41
3	42
3	43
3	44
3	45
3	47
3	48
3	49
3	52
3	54
3	55
3	56
3	60
3	62
3	63
3	64
3	65
3	68
3	69
3	70
3	74
3	75
3	76
3	77
3	81
3	82
3	83
3	84
3	85
3	87
3	88
3	89
3	90
3	91
3	96
3	97
4	1
4	3
4	4
4	10
4	12
4	13
4	14
4	15
4	16
4	18
4	19
4	20
4	21
4	23
4	24
4	25
4	26
4	27
4	29
4	30
4	32
4	38
4	41
4	45
4	49
4	50
4	51
4	52
4	53
4	54
4	56
4	57
4	58
4	59
4	61
4	63
4	64
4	65
4	67
4	68
4	71
4	72
4	73
4	74
4	75
4	76
4	78
4	80
4	81
4	82
4	83
4	88
4	89
4	90
4	91
4	94
4	95
5	3
5	4
5	5
5	6
5	8
5	9
5	10
5	11
5	12
5	14
5	15
5	17
5	20
5	21
5	22
5	28
5	29
5	30
5	31
5	34
5	36
5	41
5	42
5	43
5	44
5	45
5	47
5	50
5	52
5	57
5	59
5	60
5	61
5	62
5	65
5	66
5	67
5	68
5	69
5	70
5	71
5	72
5	74
5	78
5	79
5	81
5	82
5	84
5	85
5	88
5	89
5	91
5	92
5	94
5	95
5	96
5	97
6	1
6	2
6	3
6	5
6	6
6	7
6	11
6	13
6	16
6	17
6	19
6	20
6	21
6	22
6	24
6	27
6	28
6	29
6	31
6	33
6	34
6	35
6	36
6	37
6	38
6	39
6	42
6	43
6	44
6	46
6	47
6	48
6	49
6	51
6	52
6	53
6	54
6	55
6	58
6	59
6	60
6	61
6	63
6	66
6	67
6	68
6	71
6	72
6	73
6	74
6	75
6	76
6	80
6	81
6	83
6	84
6	85
6	87
6	88
6	89
6	90
6	91
6	92
6	93
6	94
6	95
6	96
7	2
7	3
7	5
7	6
7	8
7	10
7	13
7	14
7	16
7	18
7	19
7	20
7	21
7	22
7	23
7	24
7	25
7	26
7	27
7	29
7	31
7	32
7	35
7	38
7	39
7	40
7	42
7	43
7	47
7	50
7	53
7	55
7	56
7	57
7	58
7	59
7	60
7	61
7	62
7	63
7	67
7	69
7	70
7	71
7	73
7	74
7	75
7	76
7	79
7	80
7	84
7	85
7	86
7	87
7	89
7	91
7	92
7	95
8	1
8	2
8	3
8	4
8	6
8	7
8	8
8	10
8	11
8	12
8	13
8	14
8	15
8	16
8	17
8	19
8	20
8	21
8	22
8	23
8	26
8	28
8	29
8	30
8	34
8	35
8	36
8	37
8	38
8	39
8	42
8	43
8	45
8	46
8	50
8	53
8	54
8	56
8	57
8	58
8	59
8	60
8	61
8	63
8	65
8	66
8	67
8	68
8	69
8	71
8	73
8	74
8	75
8	76
8	77
8	78
8	79
8	80
8	82
8	84
8	85
8	86
8	87
8	88
8	90
8	91
8	92
8	94
8	95
8	96
9	2
9	3
9	7
9	8
9	9
9	10
9	12
9	14
9	16
9	17
9	18
9	19
9	20
9	21
9	22
9	23
9	25
9	26
9	27
9	30
9	32
9	34
9	35
9	36
9	37
9	38
9	41
9	42
9	43
9	44
9	45
9	46
9	48
9	49
9	51
9	52
9	53
9	54
9	55
9	57
9	58
9	59
9	60
9	61
9	62
9	64
9	67
9	70
9	71
9	73
9	75
9	79
9	80
9	82
9	84
9	85
9	86
9	87
9	88
9	89
9	90
9	93
9	94
10	4
10	8
10	9
10	10
10	11
10	13
10	16
10	18
10	19
10	21
10	22
10	23
10	25
10	26
10	28
10	29
10	30
10	31
10	32
10	33
10	36
10	37
10	39
10	43
10	44
10	48
10	50
10	51
10	52
10	55
10	58
10	60
10	61
10	62
10	63
10	65
10	66
10	67
10	68
10	69
10	70
10	72
10	74
10	75
10	76
10	79
10	80
10	81
10	82
10	83
10	84
10	86
10	87
10	88
10	91
10	94
10	95
10	96
11	2
11	3
11	4
11	5
11	7
11	8
11	10
11	11
11	13
11	16
11	18
11	21
11	24
11	25
11	27
11	28
11	32
11	33
11	35
11	36
11	37
11	38
11	40
11	41
11	42
11	43
11	45
11	46
11	51
11	53
11	57
11	60
11	61
11	62
11	63
11	64
11	65
11	66
11	69
11	70
11	71
11	72
11	73
11	77
11	80
11	82
11	84
11	85
11	87
11	90
11	91
11	92
11	94
11	95
11	97
12	1
12	2
12	3
12	4
12	6
12	7
12	8
12	10
12	11
12	14
12	15
12	16
12	18
12	19
12	20
12	21
12	22
12	23
12	24
12	25
12	27
12	29
12	30
12	31
12	33
12	38
12	39
12	40
12	41
12	43
12	44
12	45
12	46
12	47
12	50
12	52
12	55
12	56
12	57
12	62
12	63
12	66
12	67
12	68
12	69
12	70
12	76
12	77
12	78
12	79
12	80
12	81
12	82
12	84
12	85
12	86
12	87
12	89
12	93
12	94
12	96
12	97
13	4
13	6
13	7
13	8
13	11
13	12
13	16
13	17
13	19
13	22
13	23
13	24
13	25
13	26
13	31
13	32
13	33
13	34
13	35
13	36
13	38
13	39
13	40
13	43
13	44
13	46
13	47
13	49
13	50
13	51
13	52
13	53
13	54
13	56
13	57
13	58
13	62
13	63
13	64
13	69
13	70
13	71
13	72
13	74
13	75
13	76
13	77
13	79
13	80
13	81
13	82
13	83
13	86
13	87
13	89
13	90
13	91
13	93
13	94
13	95
13	96
14	2
14	4
14	6
14	8
14	9
14	10
14	11
14	12
14	14
14	15
14	17
14	18
14	24
14	25
14	26
14	27
14	28
14	29
14	30
14	34
14	35
14	36
14	38
14	39
14	40
14	41
14	42
14	43
14	44
14	45
14	46
14	47
14	48
14	52
14	54
14	55
14	56
14	57
14	58
14	59
14	60
14	61
14	63
14	65
14	66
14	67
14	68
14	69
14	70
14	71
14	73
14	77
14	78
14	79
14	81
14	82
14	83
14	85
14	87
14	90
14	91
14	92
14	93
14	96
15	1
15	2
15	3
15	4
15	5
15	6
15	7
15	8
15	9
15	10
15	12
15	13
15	16
15	17
15	19
15	21
15	22
15	23
15	24
15	25
15	27
15	29
15	30
15	31
15	32
15	33
15	34
15	35
15	36
15	37
15	39
15	41
15	44
15	45
15	46
15	47
15	52
15	55
15	57
15	59
15	63
15	67
15	68
15	69
15	71
15	72
15	73
15	74
15	77
15	79
15	80
15	81
15	82
15	84
15	85
15	86
15	87
15	90
15	91
15	92
15	93
15	94
15	95
15	97
16	1
16	2
16	3
16	7
16	8
16	9
16	11
16	13
16	17
16	18
16	19
16	21
16	24
16	25
16	26
16	28
16	29
16	30
16	32
16	34
16	35
16	37
16	38
16	39
16	41
16	43
16	44
16	45
16	47
16	48
16	49
16	51
16	53
16	58
16	59
16	60
16	61
16	62
16	63
16	64
16	67
16	68
16	69
16	70
16	71
16	72
16	73
16	74
16	75
16	76
16	78
16	80
16	81
16	82
16	84
16	85
16	86
16	88
16	91
16	95
16	96
17	2
17	3
17	4
17	5
17	6
17	7
17	9
17	10
17	12
17	13
17	14
17	15
17	16
17	21
17	24
17	25
17	26
17	27
17	30
17	31
17	32
17	33
17	34
17	35
17	36
17	37
17	38
17	42
17	43
17	45
17	47
17	48
17	51
17	52
17	53
17	54
17	55
17	58
17	60
17	62
17	63
17	65
17	70
17	71
17	72
17	73
17	74
17	76
17	77
17	78
17	79
17	81
17	82
17	85
17	86
17	87
17	88
17	90
17	91
17	92
17	94
17	95
17	97
18	1
18	3
18	4
18	5
18	6
18	7
18	8
18	9
18	11
18	12
18	13
18	15
18	17
18	18
18	20
18	21
18	23
18	24
18	25
18	26
18	28
18	31
18	32
18	33
18	37
18	38
18	39
18	40
18	42
18	44
18	45
18	46
18	47
18	48
18	49
18	50
18	51
18	52
18	53
18	54
18	55
18	57
18	59
18	60
18	63
18	64
18	68
18	69
18	70
18	71
18	72
18	73
18	75
18	76
18	77
18	78
18	79
18	81
18	84
18	85
18	86
18	87
18	89
18	92
18	93
18	95
18	97
19	1
19	2
19	5
19	6
19	8
19	9
19	10
19	12
19	13
19	16
19	17
19	18
19	19
19	20
19	22
19	24
19	25
19	26
19	27
19	28
19	31
19	33
19	36
19	37
19	38
19	39
19	40
19	41
19	42
19	44
19	45
19	49
19	54
19	55
19	56
19	57
19	58
19	59
19	60
19	61
19	62
19	63
19	64
19	65
19	66
19	67
19	68
19	72
19	74
19	76
19	77
19	78
19	79
19	80
19	81
19	89
19	90
19	91
19	93
19	94
19	96
19	97
20	2
20	3
20	4
20	5
20	7
20	8
20	9
20	10
20	12
20	14
20	15
20	16
20	18
20	20
20	21
20	22
20	24
20	25
20	27
20	28
20	29
20	31
20	32
20	33
20	34
20	35
20	37
20	39
20	40
20	41
20	42
20	43
20	45
20	46
20	47
20	48
20	49
20	50
20	52
20	53
20	54
20	56
20	58
20	59
20	61
20	62
20	63
20	69
20	74
20	76
20	77
20	79
20	80
20	81
20	82
20	83
20	84
20	85
20	87
20	91
20	94
20	95
21	2
21	3
21	4
21	5
21	6
21	7
21	8
21	9
21	10
21	11
21	12
21	14
21	16
21	17
21	19
21	20
21	22
21	24
21	26
21	27
21	28
21	30
21	31
21	32
21	35
21	36
21	37
21	39
21	40
21	41
21	45
21	46
21	49
21	50
21	51
21	53
21	54
21	57
21	60
21	63
21	64
21	65
21	66
21	70
21	74
21	75
21	77
21	78
21	79
21	80
21	81
21	84
21	85
21	88
21	90
21	92
21	93
21	94
21	96
21	97
22	2
22	3
22	4
22	5
22	9
22	10
22	11
22	13
22	14
22	18
22	22
22	23
22	24
22	25
22	26
22	27
22	28
22	30
22	33
22	35
22	37
22	40
22	45
22	46
22	47
22	49
22	50
22	51
22	53
22	54
22	55
22	56
22	57
22	59
22	60
22	63
22	64
22	67
22	70
22	72
22	74
22	76
22	77
22	79
22	82
22	84
22	85
22	86
22	89
22	90
22	91
22	96
22	97
23	2
23	3
23	4
23	5
23	6
23	7
23	8
23	9
23	11
23	12
23	13
23	14
23	15
23	16
23	17
23	20
23	21
23	27
23	29
23	30
23	33
23	35
23	36
23	37
23	39
23	40
23	44
23	45
23	46
23	49
23	50
23	51
23	52
23	53
23	55
23	56
23	59
23	60
23	61
23	63
23	65
23	66
23	68
23	69
23	70
23	71
23	72
23	73
23	74
23	75
23	76
23	78
23	79
23	80
23	83
23	85
23	87
23	89
23	91
23	94
23	95
23	96
24	1
24	4
24	6
24	7
24	8
24	10
24	11
24	12
24	14
24	17
24	18
24	19
24	20
24	21
24	23
24	26
24	29
24	30
24	31
24	32
24	34
24	35
24	36
24	37
24	38
24	40
24	41
24	42
24	43
24	45
24	46
24	47
24	49
24	50
24	53
24	55
24	56
24	57
24	58
24	59
24	61
24	65
24	66
24	67
24	69
24	72
24	73
24	74
24	75
24	76
24	77
24	78
24	79
24	80
24	83
24	84
24	85
24	86
24	87
24	89
24	93
24	94
24	95
24	97
25	1
25	2
25	3
25	7
25	8
25	10
25	11
25	12
25	13
25	14
25	15
25	16
25	17
25	20
25	23
25	26
25	27
25	30
25	32
25	33
25	34
25	35
25	36
25	37
25	38
25	39
25	40
25	44
25	45
25	46
25	47
25	48
25	49
25	50
25	51
25	52
25	53
25	57
25	61
25	62
25	63
25	64
25	66
25	67
25	70
25	71
25	72
25	73
25	77
25	79
25	80
25	81
25	83
25	84
25	86
25	89
25	91
25	93
25	95
25	96
25	97
26	2
26	3
26	4
26	5
26	9
26	10
26	11
26	12
26	15
26	16
26	21
26	22
26	23
26	24
26	25
26	26
26	28
26	29
26	30
26	31
26	32
26	33
26	34
26	35
26	36
26	39
26	40
26	42
26	47
26	50
26	51
26	57
26	58
26	59
26	60
26	62
26	63
26	64
26	68
26	69
26	71
26	72
26	73
26	74
26	75
26	77
26	78
26	81
26	82
26	83
26	84
26	85
26	86
26	87
26	88
26	89
26	90
26	91
26	92
26	93
26	94
26	95
27	1
27	3
27	4
27	5
27	9
27	11
27	13
27	15
27	16
27	17
27	18
27	20
27	23
27	24
27	25
27	27
27	30
27	32
27	33
27	34
27	35
27	36
27	37
27	38
27	40
27	41
27	44
27	47
27	48
27	49
27	50
27	56
27	57
27	61
27	63
27	64
27	65
27	67
27	68
27	70
27	75
27	76
27	77
27	78
27	79
27	80
27	81
27	83
27	85
27	86
27	88
27	91
27	92
27	94
27	95
27	96
27	97
28	3
28	6
28	7
28	8
28	9
28	10
28	11
28	12
28	14
28	16
28	18
28	19
28	20
28	21
28	22
28	23
28	24
28	25
28	26
28	27
28	28
28	29
28	30
28	31
28	33
28	34
28	35
28	36
28	37
28	39
28	40
28	41
28	42
28	43
28	45
28	46
28	48
28	49
28	52
28	56
28	57
28	60
28	61
28	63
28	64
28	65
28	67
28	69
28	70
28	71
28	72
28	73
28	77
28	79
28	80
28	81
28	82
28	83
28	84
28	85
28	88
28	89
28	92
28	93
28	94
28	95
29	2
29	3
29	5
29	7
29	9
29	11
29	13
29	14
29	16
29	18
29	19
29	22
29	23
29	24
29	25
29	26
29	32
29	33
29	34
29	35
29	36
29	37
29	39
29	43
29	46
29	47
29	49
29	50
29	51
29	52
29	53
29	55
29	56
29	59
29	61
29	62
29	63
29	65
29	66
29	67
29	68
29	70
29	71
29	72
29	73
29	74
29	75
29	77
29	78
29	79
29	80
29	82
29	86
29	87
29	88
29	89
29	90
29	92
29	94
29	97
30	1
30	6
30	7
30	8
30	9
30	10
30	12
30	13
30	17
30	18
30	20
30	21
30	22
30	24
30	25
30	26
30	27
30	29
30	30
30	31
30	34
30	35
30	37
30	38
30	39
30	40
30	41
30	43
30	44
30	46
30	48
30	49
30	50
30	52
30	56
30	59
30	60
30	61
30	62
30	63
30	64
30	66
30	67
30	68
30	69
30	70
30	79
30	80
30	84
30	85
30	87
30	88
30	90
30	91
30	92
30	93
30	94
30	96
30	97
31	3
31	4
31	5
31	6
31	7
31	9
31	10
31	11
31	12
31	13
31	14
31	15
31	16
31	17
31	20
31	22
31	24
31	26
31	29
31	30
31	36
31	37
31	41
31	42
31	44
31	48
31	49
31	51
31	52
31	53
31	54
31	56
31	61
31	64
31	65
31	66
31	67
31	68
31	69
31	71
31	72
31	74
31	76
31	77
31	78
31	79
31	81
31	83
31	84
31	85
31	86
31	87
31	88
31	92
31	93
31	95
31	96
31	97
32	1
32	2
32	3
32	5
32	6
32	8
32	9
32	11
32	13
32	15
32	16
32	18
32	19
32	20
32	23
32	24
32	26
32	27
32	30
32	33
32	34
32	36
32	38
32	39
32	40
32	41
32	42
32	44
32	45
32	46
32	47
32	48
32	49
32	50
32	51
32	53
32	54
32	55
32	56
32	57
32	59
32	63
32	65
32	66
32	67
32	68
32	70
32	71
32	75
32	77
32	80
32	82
32	83
32	84
32	85
32	86
32	87
32	88
32	89
32	90
32	91
32	92
32	96
32	97
33	2
33	4
33	7
33	8
33	9
33	10
33	11
33	12
33	13
33	15
33	16
33	17
33	18
33	19
33	21
33	22
33	23
33	24
33	25
33	31
33	32
33	34
33	35
33	38
33	39
33	40
33	42
33	43
33	44
33	47
33	48
33	50
33	52
33	55
33	57
33	58
33	62
33	64
33	66
33	67
33	68
33	70
33	71
33	72
33	73
33	75
33	76
33	77
33	79
33	85
33	86
33	88
33	89
33	91
33	94
34	2
34	3
34	4
34	6
34	8
34	10
34	13
34	14
34	15
34	18
34	20
34	21
34	23
34	24
34	27
34	28
34	30
34	31
34	32
34	34
34	35
34	36
34	39
34	40
34	43
34	44
34	46
34	47
34	51
34	52
34	53
34	55
34	56
34	58
34	60
34	61
34	62
34	63
34	65
34	66
34	68
34	69
34	70
34	72
34	75
34	77
34	80
34	82
34	83
34	86
34	88
34	89
34	92
34	94
35	1
35	2
35	4
35	5
35	6
35	10
35	11
35	12
35	14
35	16
35	17
35	19
35	20
35	22
35	24
35	25
35	26
35	27
35	29
35	30
35	32
35	34
35	35
35	36
35	38
35	39
35	41
35	42
35	43
35	45
35	46
35	49
35	50
35	53
35	55
35	57
35	59
35	60
35	62
35	63
35	64
35	65
35	66
35	67
35	69
35	70
35	71
35	72
35	74
35	75
35	77
35	78
35	81
35	82
35	83
35	84
35	86
35	87
35	88
35	89
35	90
35	91
35	93
35	94
35	97
36	2
36	4
36	6
36	7
36	8
36	11
36	12
36	13
36	14
36	15
36	16
36	20
36	22
36	24
36	25
36	27
36	29
36	30
36	31
36	33
36	34
36	35
36	37
36	38
36	39
36	40
36	42
36	44
36	45
36	46
36	48
36	49
36	50
36	51
36	52
36	53
36	54
36	55
36	56
36	58
36	60
36	61
36	62
36	63
36	65
36	66
36	68
36	71
36	73
36	76
36	78
36	82
36	83
36	84
36	85
36	86
36	90
36	91
36	94
36	95
36	96
36	97
37	1
37	3
37	5
37	7
37	8
37	9
37	11
37	12
37	13
37	15
37	17
37	18
37	20
37	22
37	24
37	25
37	27
37	28
37	29
37	30
37	31
37	32
37	33
37	34
37	35
37	36
37	37
37	39
37	40
37	44
37	45
37	46
37	50
37	51
37	56
37	57
37	61
37	62
37	63
37	67
37	68
37	69
37	70
37	71
37	73
37	76
37	77
37	78
37	79
37	83
37	84
37	85
37	86
37	87
37	88
37	89
37	90
37	92
37	93
37	94
37	95
37	96
38	1
38	2
38	3
38	4
38	5
38	6
38	7
38	8
38	9
38	12
38	13
38	16
38	18
38	19
38	24
38	25
38	27
38	28
38	29
38	34
38	35
38	36
38	37
38	38
38	39
38	40
38	41
38	42
38	44
38	45
38	46
38	47
38	48
38	49
38	50
38	54
38	55
38	56
38	57
38	58
38	60
38	63
38	64
38	65
38	67
38	68
38	70
38	71
38	72
38	73
38	74
38	76
38	77
38	78
38	79
38	80
38	82
38	83
38	84
38	86
38	88
38	89
38	91
38	92
38	93
38	94
38	95
38	96
38	97
39	1
39	2
39	3
39	4
39	5
39	6
39	7
39	9
39	10
39	12
39	14
39	15
39	16
39	17
39	18
39	19
39	20
39	21
39	22
39	26
39	27
39	32
39	33
39	35
39	38
39	39
39	40
39	42
39	43
39	44
39	46
39	47
39	48
39	51
39	52
39	53
39	55
39	56
39	57
39	58
39	60
39	61
39	63
39	64
39	66
39	69
39	71
39	72
39	74
39	76
39	77
39	78
39	79
39	81
39	82
39	84
39	86
39	88
39	90
39	91
39	92
39	93
39	94
39	96
39	97
40	2
40	3
40	4
40	5
40	6
40	8
40	11
40	12
40	13
40	14
40	16
40	18
40	19
40	24
40	25
40	27
40	28
40	29
40	30
40	32
40	33
40	34
40	35
40	39
40	41
40	43
40	44
40	45
40	46
40	47
40	48
40	50
40	51
40	52
40	54
40	55
40	56
40	57
40	59
40	60
40	61
40	62
40	63
40	64
40	68
40	70
40	71
40	72
40	73
40	74
40	75
40	78
40	79
40	80
40	83
40	84
40	85
40	86
40	89
40	90
40	91
40	94
40	96
40	97
41	1
41	2
41	3
41	4
41	5
41	7
41	8
41	10
41	11
41	12
41	13
41	14
41	16
41	17
41	18
41	20
41	23
41	26
41	28
41	29
41	30
41	31
41	32
41	33
41	34
41	35
41	37
41	40
41	42
41	43
41	48
41	49
41	50
41	51
41	52
41	53
41	56
41	57
41	59
41	63
41	64
41	67
41	68
41	69
41	70
41	74
41	75
41	76
41	77
41	78
41	79
41	80
41	82
41	83
41	84
41	85
41	87
41	88
41	89
41	91
41	92
41	94
42	1
42	2
42	3
42	5
42	6
42	7
42	8
42	9
42	10
42	11
42	13
42	14
42	15
42	16
42	17
42	18
42	19
42	20
42	21
42	22
42	24
42	28
42	29
42	31
42	34
42	35
42	37
42	39
42	40
42	41
42	42
42	43
42	44
42	45
42	48
42	49
42	50
42	53
42	55
42	56
42	57
42	58
42	60
42	63
42	64
42	65
42	66
42	67
42	68
42	69
42	70
42	73
42	77
42	78
42	79
42	80
42	82
42	84
42	85
42	86
42	87
42	90
42	91
42	92
42	95
42	97
43	1
43	2
43	3
43	4
43	5
43	6
43	7
43	8
43	10
43	12
43	13
43	14
43	18
43	20
43	23
43	24
43	25
43	26
43	27
43	30
43	33
43	35
43	37
43	41
43	43
43	46
43	50
43	51
43	54
43	55
43	56
43	57
43	59
43	60
43	61
43	62
43	64
43	65
43	69
43	70
43	73
43	74
43	75
43	77
43	78
43	79
43	81
43	82
43	83
43	85
43	86
43	87
43	88
43	91
43	94
43	97
44	1
44	2
44	3
44	4
44	6
44	8
44	9
44	12
44	13
44	14
44	16
44	17
44	18
44	19
44	21
44	22
44	23
44	24
44	25
44	28
44	30
44	31
44	33
44	34
44	36
44	38
44	40
44	41
44	42
44	44
44	45
44	46
44	47
44	49
44	50
44	52
44	53
44	54
44	56
44	57
44	59
44	60
44	63
44	64
44	66
44	67
44	69
44	71
44	72
44	73
44	74
44	75
44	76
44	77
44	78
44	80
44	81
44	82
44	85
44	87
44	88
44	90
44	91
44	92
44	93
45	1
45	2
45	3
45	5
45	6
45	7
45	8
45	10
45	11
45	12
45	14
45	15
45	16
45	17
45	18
45	20
45	21
45	24
45	25
45	27
45	29
45	31
45	33
45	35
45	36
45	38
45	39
45	40
45	41
45	42
45	43
45	45
45	47
45	48
45	50
45	53
45	58
45	59
45	60
45	61
45	62
45	64
45	67
45	70
45	71
45	72
45	73
45	74
45	75
45	76
45	77
45	79
45	81
45	83
45	84
45	85
45	86
45	89
45	90
45	91
45	92
45	95
46	3
46	4
46	5
46	7
46	10
46	12
46	13
46	16
46	18
46	19
46	20
46	23
46	24
46	30
46	31
46	32
46	34
46	36
46	37
46	39
46	40
46	41
46	43
46	44
46	45
46	46
46	47
46	48
46	49
46	50
46	52
46	55
46	56
46	57
46	59
46	60
46	63
46	67
46	70
46	71
46	74
46	75
46	76
46	78
46	79
46	82
46	83
46	86
46	87
46	89
46	90
46	91
46	92
46	93
46	94
46	96
46	97
47	2
47	3
47	5
47	7
47	8
47	9
47	10
47	12
47	17
47	20
47	21
47	22
47	23
47	24
47	25
47	26
47	28
47	30
47	35
47	37
47	41
47	42
47	43
47	45
47	47
47	48
47	50
47	52
47	53
47	54
47	55
47	56
47	58
47	60
47	61
47	63
47	67
47	68
47	69
47	70
47	72
47	73
47	74
47	75
47	76
47	79
47	80
47	82
47	83
47	85
47	86
47	87
47	88
47	91
47	92
47	94
47	95
48	3
48	4
48	5
48	6
48	7
48	8
48	9
48	10
48	12
48	13
48	14
48	16
48	17
48	18
48	19
48	20
48	22
48	24
48	25
48	27
48	31
48	32
48	33
48	34
48	35
48	36
48	38
48	39
48	40
48	42
48	43
48	45
48	47
48	48
48	49
48	51
48	52
48	53
48	57
48	58
48	59
48	60
48	63
48	64
48	67
48	69
48	72
48	75
48	76
48	77
48	80
48	81
48	84
48	85
48	87
48	90
48	91
48	93
48	94
48	95
48	96
49	2
49	3
49	4
49	5
49	6
49	7
49	9
49	11
49	13
49	15
49	16
49	21
49	22
49	23
49	25
49	26
49	27
49	28
49	30
49	32
49	33
49	34
49	35
49	36
49	39
49	41
49	42
49	47
49	48
49	49
49	50
49	51
49	52
49	53
49	54
49	55
49	58
49	59
49	60
49	61
49	63
49	65
49	66
49	67
49	70
49	71
49	72
49	75
49	79
49	81
49	84
49	86
49	87
49	88
49	89
49	90
49	91
49	92
49	95
50	2
50	3
50	4
50	5
50	6
50	7
50	8
50	12
50	13
50	14
50	16
50	17
50	18
50	19
50	22
50	23
50	25
50	26
50	28
50	30
50	34
50	41
50	42
50	43
50	45
50	46
50	50
50	52
50	53
50	55
50	56
50	58
50	65
50	66
50	67
50	69
50	70
50	71
50	72
50	73
50	74
50	75
50	78
50	79
50	81
50	82
50	83
50	84
50	85
50	87
50	92
50	93
50	95
50	96
50	97
51	2
51	4
51	6
51	7
51	10
51	11
51	12
51	13
51	14
51	16
51	17
51	18
51	19
51	20
51	21
51	22
51	24
51	26
51	27
51	28
51	30
51	31
51	34
51	35
51	36
51	37
51	38
51	40
51	41
51	43
51	44
51	46
51	47
51	50
51	52
51	54
51	55
51	56
51	58
51	59
51	60
51	63
51	64
51	65
51	67
51	69
51	71
51	72
51	75
51	76
51	77
51	78
51	79
51	80
51	82
51	83
51	84
51	86
51	87
51	88
51	89
51	90
51	93
51	95
52	1
52	4
52	5
52	6
52	7
52	8
52	10
52	12
52	13
52	14
52	16
52	17
52	18
52	19
52	22
52	23
52	26
52	27
52	30
52	31
52	35
52	36
52	37
52	38
52	39
52	40
52	42
52	44
52	45
52	46
52	49
52	50
52	51
52	53
52	54
52	55
52	57
52	59
52	60
52	61
52	62
52	63
52	65
52	66
52	67
52	68
52	69
52	70
52	71
52	72
52	74
52	76
52	77
52	78
52	82
52	84
52	85
52	86
52	88
52	89
52	91
52	93
52	96
53	1
53	2
53	3
53	7
53	9
53	10
53	11
53	14
53	15
53	16
53	17
53	18
53	19
53	21
53	22
53	23
53	24
53	25
53	26
53	28
53	29
53	31
53	33
53	34
53	35
53	37
53	39
53	40
53	41
53	42
53	44
53	45
53	46
53	47
53	51
53	52
53	53
53	55
53	60
53	61
53	63
53	64
53	65
53	67
53	69
53	71
53	72
53	73
53	74
53	75
53	78
53	79
53	80
53	81
53	82
53	83
53	84
53	85
53	86
53	87
53	88
53	89
53	91
53	92
53	93
53	96
53	97
54	2
54	3
54	4
54	5
54	8
54	10
54	12
54	15
54	16
54	19
54	20
54	21
54	22
54	23
54	24
54	25
54	28
54	29
54	30
54	31
54	32
54	34
54	37
54	38
54	39
54	41
54	42
54	44
54	45
54	47
54	48
54	49
54	50
54	51
54	55
54	58
54	61
54	62
54	64
54	65
54	66
54	67
54	69
54	72
54	73
54	75
54	76
54	78
54	79
54	80
54	81
54	82
54	83
54	84
54	86
54	87
54	89
54	92
54	95
54	96
55	2
55	3
55	8
55	9
55	11
55	12
55	13
55	14
55	15
55	17
55	20
55	21
55	22
55	24
55	25
55	27
55	29
55	31
55	32
55	35
55	36
55	37
55	38
55	39
55	40
55	41
55	43
55	44
55	45
55	46
55	49
55	50
55	51
55	52
55	53
55	54
55	56
55	57
55	60
55	63
55	64
55	66
55	67
55	69
55	70
55	71
55	73
55	75
55	76
55	77
55	79
55	80
55	81
55	82
55	85
55	87
55	89
55	91
55	94
55	96
55	97
56	1
56	2
56	4
56	5
56	7
56	9
56	11
56	13
56	15
56	21
56	23
56	25
56	26
56	28
56	29
56	30
56	31
56	33
56	34
56	39
56	40
56	42
56	43
56	44
56	47
56	48
56	49
56	51
56	52
56	53
56	54
56	55
56	56
56	57
56	58
56	60
56	62
56	63
56	64
56	65
56	70
56	72
56	73
56	75
56	76
56	77
56	78
56	79
56	80
56	81
56	83
56	85
56	87
56	89
56	91
56	92
56	94
56	96
57	1
57	2
57	3
57	5
57	7
57	10
57	13
57	14
57	16
57	19
57	20
57	21
57	22
57	23
57	24
57	26
57	27
57	28
57	29
57	30
57	33
57	35
57	36
57	37
57	38
57	39
57	40
57	43
57	44
57	49
57	51
57	52
57	53
57	54
57	57
57	58
57	60
57	61
57	63
57	67
57	68
57	69
57	70
57	71
57	72
57	73
57	76
57	77
57	80
57	82
57	84
57	85
57	90
57	94
57	96
57	97
58	1
58	2
58	3
58	4
58	5
58	7
58	8
58	9
58	11
58	13
58	14
58	16
58	17
58	18
58	19
58	20
58	23
58	24
58	26
58	29
58	33
58	35
58	36
58	37
58	38
58	41
58	42
58	44
58	45
58	47
58	48
58	49
58	51
58	52
58	54
58	55
58	56
58	57
58	59
58	62
58	64
58	66
58	67
58	68
58	69
58	70
58	72
58	74
58	75
58	76
58	78
58	79
58	81
58	82
58	83
58	84
58	86
58	89
58	90
58	91
58	92
58	93
58	96
58	97
59	1
59	2
59	5
59	7
59	9
59	11
59	13
59	14
59	15
59	16
59	17
59	19
59	23
59	24
59	26
59	27
59	28
59	30
59	32
59	34
59	35
59	37
59	39
59	41
59	43
59	44
59	46
59	47
59	48
59	49
59	50
59	52
59	53
59	55
59	56
59	58
59	59
59	60
59	61
59	62
59	63
59	64
59	65
59	66
59	68
59	72
59	73
59	74
59	75
59	76
59	77
59	78
59	79
59	80
59	81
59	82
59	83
59	86
59	88
59	89
59	91
59	92
59	93
59	94
59	95
59	97
60	1
60	2
60	3
60	5
60	8
60	10
60	11
60	14
60	17
60	18
60	19
60	21
60	23
60	24
60	25
60	29
60	31
60	33
60	34
60	35
60	38
60	39
60	41
60	42
60	43
60	44
60	46
60	47
60	51
60	54
60	55
60	56
60	58
60	59
60	62
60	63
60	64
60	65
60	66
60	68
60	70
60	71
60	72
60	74
60	75
60	76
60	77
60	81
60	82
60	83
60	84
60	88
60	89
60	90
60	91
60	92
60	95
60	96
61	2
61	3
61	4
61	5
61	6
61	9
61	10
61	11
61	12
61	13
61	14
61	15
61	16
61	17
61	18
61	19
61	21
61	23
61	24
61	25
61	26
61	28
61	30
61	32
61	33
61	34
61	35
61	37
61	38
61	40
61	41
61	42
61	45
61	47
61	48
61	50
61	51
61	53
61	54
61	56
61	59
61	60
61	61
61	63
61	64
61	65
61	66
61	67
61	68
61	69
61	71
61	72
61	75
61	79
61	80
61	81
61	82
61	83
61	85
61	86
61	87
61	88
61	89
61	92
61	94
61	96
61	97
62	1
62	2
62	3
62	4
62	6
62	7
62	8
62	12
62	13
62	17
62	19
62	21
62	22
62	23
62	25
62	26
62	29
62	31
62	32
62	33
62	34
62	35
62	39
62	40
62	43
62	44
62	46
62	49
62	51
62	53
62	56
62	57
62	58
62	59
62	60
62	61
62	62
62	63
62	64
62	65
62	67
62	68
62	69
62	71
62	73
62	75
62	76
62	77
62	79
62	80
62	81
62	82
62	84
62	85
62	86
62	87
62	88
62	89
62	90
62	92
62	93
62	94
62	96
63	2
63	4
63	6
63	7
63	9
63	11
63	13
63	15
63	16
63	17
63	18
63	20
63	21
63	22
63	23
63	24
63	27
63	29
63	31
63	35
63	37
63	38
63	39
63	40
63	43
63	46
63	47
63	49
63	50
63	51
63	53
63	54
63	56
63	57
63	59
63	62
63	63
63	64
63	65
63	67
63	68
63	70
63	71
63	73
63	74
63	77
63	78
63	82
63	83
63	84
63	85
63	88
63	89
63	90
63	91
63	92
63	93
63	94
63	95
63	96
64	1
64	2
64	3
64	4
64	5
64	7
64	8
64	11
64	13
64	14
64	15
64	16
64	18
64	19
64	20
64	21
64	22
64	23
64	25
64	26
64	27
64	28
64	29
64	31
64	33
64	34
64	35
64	37
64	40
64	42
64	43
64	44
64	45
64	46
64	47
64	48
64	53
64	56
64	58
64	59
64	60
64	61
64	64
64	67
64	68
64	70
64	71
64	73
64	75
64	76
64	78
64	79
64	82
64	83
64	86
64	87
64	88
64	89
64	90
64	91
64	92
64	93
64	97
65	1
65	2
65	3
65	4
65	6
65	7
65	8
65	9
65	10
65	11
65	13
65	15
65	17
65	20
65	21
65	22
65	26
65	27
65	30
65	31
65	34
65	35
65	36
65	37
65	39
65	41
65	42
65	43
65	45
65	46
65	47
65	50
65	52
65	56
65	57
65	58
65	60
65	61
65	63
65	65
65	67
65	68
65	70
65	71
65	72
65	75
65	76
65	77
65	80
65	82
65	83
65	84
65	85
65	87
65	88
65	90
65	91
65	92
65	95
65	96
66	2
66	3
66	5
66	6
66	8
66	9
66	10
66	13
66	15
66	16
66	17
66	20
66	22
66	23
66	24
66	25
66	26
66	27
66	30
66	31
66	32
66	33
66	34
66	35
66	36
66	37
66	38
66	40
66	41
66	43
66	44
66	45
66	46
66	48
66	50
66	53
66	54
66	55
66	56
66	57
66	58
66	59
66	60
66	67
66	70
66	71
66	74
66	75
66	76
66	77
66	78
66	79
66	84
66	85
66	87
66	88
66	91
66	92
66	93
66	95
66	96
67	1
67	4
67	5
67	6
67	8
67	10
67	11
67	12
67	15
67	16
67	18
67	21
67	22
67	25
67	27
67	29
67	30
67	32
67	33
67	35
67	37
67	39
67	40
67	41
67	42
67	44
67	45
67	46
67	47
67	48
67	52
67	53
67	54
67	55
67	57
67	58
67	60
67	62
67	64
67	65
67	67
67	69
67	70
67	71
67	72
67	73
67	75
67	76
67	78
67	79
67	81
67	83
67	84
67	85
67	86
67	88
67	89
67	91
67	93
67	95
67	96
68	3
68	4
68	5
68	8
68	9
68	10
68	15
68	17
68	18
68	19
68	20
68	22
68	23
68	24
68	25
68	26
68	30
68	31
68	33
68	34
68	35
68	39
68	40
68	41
68	44
68	45
68	46
68	52
68	53
68	54
68	55
68	56
68	57
68	60
68	61
68	62
68	65
68	66
68	67
68	70
68	73
68	75
68	76
68	77
68	79
68	81
68	82
68	85
68	86
68	89
68	90
68	91
68	94
68	95
68	96
68	97
69	2
69	3
69	5
69	6
69	7
69	8
69	9
69	10
69	11
69	12
69	13
69	14
69	16
69	17
69	18
69	20
69	21
69	22
69	25
69	28
69	30
69	31
69	32
69	34
69	35
69	36
69	37
69	40
69	41
69	42
69	44
69	45
69	48
69	49
69	50
69	51
69	52
69	54
69	55
69	56
69	58
69	59
69	60
69	61
69	62
69	63
69	64
69	67
69	68
69	69
69	70
69	71
69	72
69	73
69	74
69	76
69	77
69	79
69	82
69	83
69	84
69	86
69	87
69	88
69	90
69	91
69	92
69	93
69	95
69	96
70	2
70	3
70	4
70	5
70	6
70	7
70	9
70	11
70	13
70	14
70	16
70	18
70	19
70	20
70	22
70	23
70	24
70	25
70	26
70	29
70	31
70	32
70	34
70	35
70	39
70	40
70	41
70	44
70	47
70	48
70	49
70	50
70	51
70	53
70	54
70	55
70	56
70	57
70	59
70	60
70	61
70	63
70	64
70	66
70	69
70	70
70	72
70	73
70	74
70	75
70	76
70	77
70	78
70	79
70	80
70	83
70	84
70	85
70	87
70	88
70	89
70	91
70	94
70	95
70	96
71	1
71	2
71	3
71	4
71	6
71	7
71	8
71	9
71	10
71	12
71	14
71	20
71	21
71	23
71	24
71	25
71	26
71	28
71	29
71	30
71	33
71	35
71	37
71	39
71	41
71	45
71	46
71	47
71	48
71	49
71	50
71	52
71	53
71	54
71	56
71	58
71	59
71	61
71	63
71	64
71	66
71	67
71	69
71	70
71	71
71	72
71	73
71	74
71	75
71	76
71	77
71	78
71	79
71	80
71	82
71	83
71	85
71	87
71	89
71	90
71	91
71	93
71	95
71	96
71	97
72	1
72	2
72	4
72	5
72	6
72	11
72	13
72	14
72	17
72	18
72	20
72	21
72	23
72	24
72	27
72	28
72	29
72	30
72	31
72	32
72	34
72	35
72	36
72	37
72	40
72	42
72	44
72	45
72	46
72	47
72	48
72	50
72	51
72	54
72	56
72	57
72	60
72	63
72	64
72	65
72	66
72	67
72	70
72	71
72	73
72	74
72	77
72	78
72	80
72	82
72	83
72	84
72	85
72	87
72	88
72	90
72	92
72	95
73	2
73	3
73	5
73	7
73	8
73	9
73	13
73	14
73	15
73	17
73	19
73	21
73	22
73	24
73	25
73	27
73	28
73	29
73	30
73	31
73	35
73	37
73	38
73	39
73	41
73	42
73	43
73	44
73	46
73	47
73	48
73	49
73	50
73	51
73	52
73	53
73	59
73	60
73	63
73	64
73	65
73	66
73	67
73	68
73	69
73	71
73	74
73	75
73	76
73	79
73	81
73	82
73	83
73	84
73	85
73	86
73	87
73	89
73	91
73	92
73	93
73	94
73	95
73	97
74	2
74	3
74	8
74	9
74	13
74	14
74	16
74	18
74	20
74	21
74	22
74	23
74	25
74	26
74	27
74	28
74	30
74	31
74	33
74	34
74	36
74	37
74	39
74	42
74	44
74	45
74	46
74	49
74	51
74	52
74	55
74	56
74	58
74	59
74	60
74	62
74	63
74	64
74	65
74	66
74	67
74	68
74	72
74	74
74	75
74	77
74	79
74	81
74	82
74	83
74	84
74	85
74	86
74	88
74	93
74	94
74	97
75	1
75	2
75	3
75	4
75	6
75	8
75	9
75	11
75	12
75	13
75	16
75	20
75	23
75	25
75	26
75	27
75	28
75	29
75	30
75	31
75	32
75	33
75	34
75	35
75	36
75	38
75	39
75	40
75	41
75	42
75	43
75	44
75	45
75	46
75	47
75	48
75	49
75	50
75	53
75	55
75	60
75	63
75	64
75	67
75	68
75	69
75	70
75	72
75	74
75	75
75	76
75	77
75	78
75	79
75	80
75	82
75	84
75	86
75	88
75	89
75	90
75	91
75	93
75	94
75	95
75	96
76	2
76	3
76	4
76	5
76	6
76	9
76	10
76	11
76	13
76	14
76	19
76	21
76	22
76	23
76	24
76	25
76	26
76	27
76	28
76	29
76	31
76	32
76	34
76	38
76	39
76	40
76	43
76	44
76	46
76	47
76	48
76	50
76	52
76	54
76	55
76	57
76	58
76	59
76	60
76	61
76	62
76	65
76	68
76	69
76	70
76	71
76	72
76	73
76	75
76	76
76	77
76	78
76	79
76	81
76	82
76	83
76	84
76	88
76	89
76	93
76	96
76	97
77	2
77	4
77	5
77	7
77	10
77	12
77	14
77	15
77	16
77	17
77	20
77	21
77	23
77	24
77	25
77	26
77	30
77	32
77	33
77	35
77	36
77	38
77	39
77	40
77	41
77	44
77	46
77	47
77	49
77	50
77	51
77	52
77	54
77	55
77	57
77	59
77	62
77	63
77	64
77	65
77	67
77	68
77	69
77	70
77	72
77	75
77	76
77	78
77	79
77	80
77	81
77	82
77	83
77	85
77	86
77	87
77	88
77	89
77	90
77	91
77	92
77	93
77	94
77	95
77	96
77	97
78	3
78	4
78	7
78	8
78	11
78	12
78	13
78	14
78	16
78	18
78	19
78	20
78	21
78	23
78	24
78	26
78	29
78	30
78	31
78	32
78	34
78	35
78	36
78	39
78	40
78	41
78	42
78	43
78	45
78	46
78	47
78	48
78	49
78	53
78	54
78	57
78	58
78	59
78	60
78	61
78	62
78	63
78	64
78	66
78	67
78	68
78	69
78	70
78	71
78	72
78	73
78	74
78	75
78	76
78	78
78	79
78	81
78	82
78	84
78	86
78	87
78	95
78	97
79	1
79	5
79	7
79	8
79	9
79	11
79	15
79	16
79	17
79	18
79	19
79	20
79	22
79	23
79	24
79	28
79	29
79	31
79	33
79	34
79	35
79	36
79	37
79	38
79	42
79	43
79	44
79	45
79	48
79	49
79	50
79	51
79	52
79	54
79	57
79	61
79	63
79	64
79	67
79	69
79	70
79	71
79	75
79	76
79	77
79	78
79	82
79	83
79	84
79	86
79	88
79	89
79	90
79	92
79	93
79	94
79	95
79	96
80	2
80	3
80	5
80	6
80	8
80	9
80	10
80	11
80	12
80	13
80	14
80	15
80	16
80	17
80	21
80	22
80	23
80	30
80	31
80	32
80	34
80	35
80	36
80	37
80	39
80	40
80	41
80	42
80	43
80	44
80	45
80	49
80	50
80	52
80	53
80	54
80	57
80	61
80	63
80	66
80	67
80	70
80	71
80	72
80	73
80	74
80	77
80	78
80	79
80	80
80	81
80	83
80	84
80	85
80	86
80	87
80	89
80	90
80	91
80	92
80	95
80	96
80	97
81	3
81	5
81	6
81	7
81	8
81	10
81	11
81	12
81	13
81	15
81	17
81	18
81	19
81	20
81	21
81	23
81	24
81	26
81	28
81	29
81	31
81	33
81	37
81	41
81	44
81	45
81	46
81	48
81	49
81	52
81	53
81	54
81	56
81	57
81	59
81	63
81	65
81	67
81	74
81	76
81	77
81	78
81	79
81	80
81	81
81	84
81	86
81	89
81	90
81	91
81	92
81	93
81	94
81	95
81	97
82	1
82	2
82	3
82	4
82	5
82	7
82	9
82	11
82	12
82	13
82	14
82	15
82	16
82	18
82	20
82	22
82	23
82	24
82	25
82	26
82	28
82	29
82	30
82	31
82	32
82	33
82	34
82	36
82	37
82	38
82	39
82	40
82	41
82	42
82	45
82	47
82	49
82	51
82	53
82	56
82	57
82	58
82	59
82	60
82	61
82	62
82	64
82	65
82	67
82	69
82	72
82	76
82	77
82	78
82	80
82	81
82	84
82	86
82	87
82	88
82	89
82	90
82	91
82	92
82	94
82	95
83	1
83	2
83	3
83	4
83	6
83	7
83	8
83	10
83	12
83	14
83	17
83	18
83	19
83	20
83	21
83	23
83	25
83	26
83	27
83	30
83	32
83	33
83	34
83	35
83	37
83	38
83	39
83	40
83	41
83	42
83	43
83	44
83	46
83	48
83	49
83	51
83	52
83	55
83	56
83	57
83	60
83	61
83	63
83	65
83	66
83	68
83	69
83	71
83	74
83	75
83	76
83	77
83	78
83	79
83	80
83	82
83	85
83	86
83	88
83	89
83	91
83	93
83	94
83	95
83	96
83	97
84	1
84	2
84	3
84	4
84	5
84	6
84	10
84	12
84	14
84	15
84	16
84	17
84	18
84	19
84	20
84	21
84	22
84	23
84	24
84	28
84	29
84	31
84	33
84	38
84	39
84	40
84	41
84	42
84	44
84	45
84	46
84	48
84	49
84	52
84	53
84	56
84	58
84	59
84	60
84	61
84	62
84	63
84	64
84	66
84	68
84	69
84	71
84	78
84	79
84	81
84	83
84	84
84	85
84	87
84	88
84	89
84	90
84	91
84	92
84	94
84	95
84	96
85	1
85	3
85	4
85	5
85	6
85	7
85	9
85	10
85	11
85	12
85	16
85	17
85	18
85	21
85	24
85	26
85	28
85	30
85	32
85	33
85	34
85	35
85	38
85	40
85	41
85	43
85	51
85	52
85	53
85	56
85	57
85	58
85	61
85	63
85	66
85	69
85	70
85	71
85	72
85	73
85	74
85	75
85	77
85	80
85	82
85	84
85	85
85	86
85	88
85	89
85	91
85	92
85	93
85	95
86	2
86	6
86	7
86	8
86	9
86	11
86	14
86	16
86	17
86	19
86	23
86	24
86	25
86	26
86	27
86	29
86	32
86	34
86	38
86	39
86	42
86	43
86	44
86	45
86	46
86	48
86	49
86	50
86	53
86	54
86	56
86	57
86	59
86	60
86	61
86	62
86	64
86	66
86	68
86	69
86	70
86	73
86	74
86	75
86	76
86	77
86	78
86	79
86	81
86	82
86	83
86	84
86	86
86	87
86	88
86	91
86	92
86	93
86	96
87	4
87	5
87	7
87	8
87	13
87	16
87	17
87	19
87	21
87	22
87	23
87	26
87	27
87	28
87	29
87	30
87	31
87	33
87	34
87	35
87	38
87	39
87	40
87	42
87	44
87	45
87	46
87	47
87	50
87	51
87	52
87	53
87	54
87	55
87	56
87	57
87	59
87	60
87	61
87	64
87	66
87	67
87	68
87	73
87	74
87	76
87	77
87	78
87	79
87	80
87	82
87	83
87	84
87	86
87	90
87	92
87	94
87	95
87	96
88	1
88	3
88	4
88	5
88	6
88	9
88	10
88	11
88	12
88	13
88	14
88	17
88	18
88	19
88	20
88	22
88	23
88	25
88	27
88	29
88	30
88	31
88	32
88	33
88	34
88	37
88	39
88	42
88	43
88	44
88	46
88	47
88	49
88	50
88	51
88	52
88	53
88	55
88	56
88	57
88	58
88	59
88	61
88	62
88	64
88	67
88	68
88	69
88	71
88	72
88	73
88	74
88	75
88	78
88	79
88	81
88	83
88	84
88	86
88	88
88	89
88	90
88	91
88	92
88	93
88	94
88	97
89	1
89	4
89	5
89	6
89	8
89	10
89	11
89	12
89	13
89	14
89	15
89	16
89	19
89	20
89	21
89	22
89	24
89	26
89	27
89	31
89	34
89	35
89	38
89	40
89	42
89	43
89	44
89	46
89	47
89	48
89	50
89	52
89	54
89	56
89	58
89	59
89	60
89	61
89	62
89	63
89	64
89	65
89	66
89	67
89	68
89	69
89	70
89	72
89	73
89	74
89	75
89	76
89	78
89	80
89	82
89	83
89	84
89	86
89	87
89	88
89	89
89	90
89	91
90	2
90	3
90	4
90	5
90	6
90	7
90	8
90	11
90	12
90	13
90	14
90	16
90	17
90	18
90	19
90	22
90	23
90	24
90	26
90	28
90	29
90	30
90	31
90	32
90	33
90	35
90	37
90	38
90	39
90	40
90	41
90	43
90	44
90	45
90	47
90	48
90	49
90	50
90	51
90	52
90	53
90	57
90	61
90	62
90	63
90	66
90	69
90	70
90	71
90	72
90	74
90	77
90	78
90	79
90	83
90	87
90	88
90	90
90	91
90	92
90	93
90	94
90	96
90	97
91	1
91	3
91	6
91	7
91	8
91	9
91	12
91	16
91	17
91	18
91	19
91	20
91	21
91	22
91	23
91	26
91	27
91	30
91	32
91	33
91	35
91	36
91	39
91	41
91	42
91	43
91	44
91	46
91	47
91	48
91	49
91	50
91	51
91	52
91	53
91	55
91	56
91	58
91	59
91	60
91	64
91	65
91	67
91	69
91	70
91	73
91	74
91	75
91	77
91	78
91	79
91	81
91	83
91	85
91	87
91	89
91	90
91	94
91	95
91	96
91	97
92	2
92	4
92	5
92	6
92	7
92	9
92	11
92	12
92	13
92	14
92	17
92	18
92	19
92	20
92	21
92	23
92	24
92	25
92	26
92	27
92	33
92	35
92	36
92	37
92	39
92	40
92	41
92	42
92	43
92	44
92	45
92	48
92	49
92	50
92	53
92	54
92	57
92	58
92	59
92	60
92	61
92	62
92	64
92	65
92	66
92	67
92	68
92	71
92	72
92	75
92	78
92	79
92	80
92	82
92	85
92	86
92	87
92	88
92	89
92	90
92	91
92	94
92	95
92	96
93	1
93	2
93	5
93	9
93	10
93	11
93	15
93	16
93	18
93	19
93	20
93	22
93	26
93	27
93	30
93	31
93	32
93	33
93	34
93	36
93	37
93	38
93	39
93	40
93	42
93	45
93	46
93	48
93	49
93	50
93	55
93	59
93	61
93	63
93	65
93	66
93	67
93	69
93	70
93	71
93	73
93	75
93	77
93	78
93	79
93	80
93	82
93	84
93	86
93	87
93	91
93	92
93	93
93	95
93	96
94	3
94	4
94	5
94	6
94	7
94	8
94	9
94	10
94	11
94	12
94	13
94	16
94	18
94	21
94	24
94	26
94	27
94	30
94	31
94	33
94	34
94	35
94	37
94	38
94	39
94	40
94	41
94	43
94	46
94	48
94	49
94	50
94	51
94	52
94	53
94	55
94	57
94	59
94	61
94	62
94	63
94	64
94	65
94	66
94	67
94	70
94	71
94	72
94	73
94	74
94	75
94	77
94	79
94	80
94	81
94	82
94	84
94	85
94	87
94	89
94	90
94	91
94	94
94	95
94	97
95	1
95	2
95	3
95	4
95	6
95	7
95	8
95	9
95	10
95	11
95	12
95	14
95	15
95	16
95	19
95	22
95	23
95	25
95	26
95	28
95	30
95	31
95	32
95	33
95	34
95	35
95	38
95	40
95	41
95	42
95	43
95	44
95	45
95	46
95	48
95	50
95	53
95	55
95	56
95	57
95	58
95	59
95	62
95	63
95	64
95	66
95	68
95	69
95	71
95	72
95	73
95	75
95	77
95	78
95	79
95	81
95	82
95	83
95	84
95	85
95	87
95	88
95	89
95	91
95	92
95	93
95	95
95	96
95	97
96	1
96	4
96	5
96	9
96	10
96	12
96	14
96	15
96	16
96	17
96	18
96	19
96	20
96	23
96	24
96	25
96	28
96	29
96	32
96	33
96	34
96	35
96	37
96	38
96	39
96	40
96	41
96	42
96	45
96	47
96	50
96	54
96	55
96	56
96	58
96	59
96	60
96	62
96	65
96	66
96	67
96	68
96	69
96	70
96	71
96	72
96	73
96	76
96	77
96	80
96	81
96	83
96	86
96	87
96	88
96	89
96	90
96	91
96	92
96	93
96	94
96	95
96	96
96	97
97	1
97	3
97	4
97	5
97	6
97	8
97	10
97	11
97	13
97	17
97	18
97	19
97	20
97	23
97	24
97	25
97	26
97	28
97	29
97	30
97	31
97	33
97	34
97	35
97	36
97	37
97	38
97	41
97	46
97	47
97	49
97	50
97	51
97	53
97	55
97	57
97	58
97	59
97	60
97	62
97	64
97	67
97	69
97	71
97	72
97	74
97	75
97	76
97	77
97	79
97	80
97	81
97	82
97	83
97	84
97	85
97	87
97	88
97	90
97	91
97	94
97	95
97	96
1	98
2	98
3	98
4	98
5	98
6	98
7	98
8	98
9	98
10	98
11	98
12	98
13	98
14	98
15	98
16	98
17	98
18	98
19	98
20	98
21	98
22	98
23	98
24	98
25	98
26	98
27	98
28	98
29	98
30	98
31	98
32	98
33	98
34	98
35	98
36	98
37	98
38	98
39	98
40	98
41	98
42	98
43	98
44	98
45	98
46	98
47	98
48	98
49	98
50	98
51	98
52	98
53	98
54	98
55	98
56	98
57	98
58	98
59	98
60	98
61	98
62	98
63	98
64	98
65	98
66	98
67	98
68	98
69	98
70	98
71	98
72	98
73	98
74	98
75	98
76	98
77	98
78	98
79	98
80	98
81	98
82	98
83	98
84	98
85	98
86	98
87	98
88	98
89	98
90	98
91	98
92	98
93	98
94	98
95	98
96	98
97	98
98	98
