1	1
1	2
1	3
1	4
1	5
1	6
1	8
1	9
1	11
1	12
1	13
1	14
1	17
1	18
1	19
1	20
1	21
1	22
1	24
1	25
1	26
1	28
1	29
1	30
1	32
1	33
1	36
1	39
1	42
1	43
1	46
1	47
1	50
1	51
1	52
1	53
1	54
1	55
1	57
1	61
1	63
1	64
1	65
1	66
1	67
1	68
1	70
1	71
1	72
1	73
1	74
1	76
1	77
1	78
1	81
1	83
1	87
1	91
1	94
1	95
1	96
1	97
1	98
2	1
2	3
2	4
2	5
2	12
2	14
2	15
2	16
2	17
2	18
2	19
2	21
2	22
2	24
2	26
2	27
2	28
2	29
2	30
2	32
2	33
2	34
2	35
2	37
2	38
2	39
2	40
2	41
2	43
2	44
2	46
2	47
2	48
2	49
2	50
2	51
2	53
2	54
2	56
2	62
2	64
2	65
2	66
2	69
2	70
2	71
2	72
2	74
2	78
2	79
2	80
2	81
2	82
2	86
2	87
2	88
2	90
2	91
2	93
2	94
2	95
2	97
2	98
2	100
3	1
3	3
3	4
3	6
3	7
3	8
3	9
3	10
3	11
3	12
3	13
3	14
3	15
3	16
3	17
3	18
3	19
3	21
3	22
3	23
3	26
3	27
3	30
3	31
3	34
3	36
3	38
3	39
3	40
3	42
3	43
3	44
3	45
3	46
3	47
3	50
3	51
3	52
3	53
3	56
3	58
3	61
3	63
3	64
3	65
3	66
3	67
3	72
3	73
3	74
3	75
3	76
3	77
3	78
3	79
3	80
3	81
3	82
3	88
3	89
3	90
3	91
3	93
3	94
3	95
3	96
3	97
3	100
4	2
4	4
4	5
4	6
4	9
4	10
4	11
4	12
4	13
4	14
4	15
4	18
4	19
4	22
4	24
4	25
4	26
4	27
4	30
4	31
4	34
4	36
4	37
4	38
4	39
4	40
4	43
4	44
4	47
4	48
4	49
4	50
4	54
4	55
4	56
4	57
4	58
4	59
4	64
4	65
4	66
4	67
4	70
4	71
4	73
4	74
4	76
4	77
4	78
4	79
4	80
4	83
4	84
4	85
4	86
4	87
4	88
4	92
4	93
4	94
4	96
4	97
4	98
4	100
5	1
5	2
5	3
5	6
5	9
5	10
5	12
5	13
5	15
5	16
5	17
5	18
5	20
5	21
5	22
5	25
5	27
5	28
5	29
5	30
5	31
5	35
5	37
5	39
5	42
5	43
5	44
5	45
5	47
5	49
5	50
5	52
5	53
5	54
5	55
5	56
5	57
5	59
5	60
5	61
5	63
5	64
5	68
5	69
5	70
5	71
5	72
5	73
5	77
5	79
5	80
5	81
5	82
5	83
5	84
5	85
5	91
5	92
5	94
5	95
5	96
5	98
6	2
6	4
6	7
6	8
6	9
6	10
6	11
6	14
6	15
6	16
6	19
6	20
6	21
6	22
6	23
6	24
6	27
6	29
6	30
6	31
6	32
6	34
6	36
6	37
6	38
6	39
6	42
6	43
6	44
6	45
6	46
6	49
6	50
6	52
6	54
6	55
6	56
6	57
6	58
6	59
6	60
6	61
6	62
6	63
6	65
6	68
6	69
6	71
6	75
6	76
6	77
6	78
6	80
6	81
6	83
6	84
6	85
6	86
6	87
6	88
6	91
6	92
6	93
6	94
6	95
6	96
6	97
6	98
6	99
6	100
7	1
7	2
7	3
7	4
7	6
7	7
7	10
7	11
7	12
7	15
7	16
7	17
7	19
7	22
7	23
7	24
7	25
7	26
7	27
7	28
7	29
7	31
7	33
7	34
7	35
7	42
7	44
7	47
7	49
7	50
7	51
7	53
7	57
7	60
7	61
7	62
7	63
7	65
7	68
7	69
7	70
7	71
7	73
7	74
7	75
7	76
7	78
7	80
7	81
7	82
7	84
7	85
7	87
7	88
7	89
7	91
7	93
7	94
7	99
8	1
8	3
8	4
8	5
8	6
8	8
8	9
8	11
8	13
8	15
8	16
8	17
8	19
8	22
8	24
8	25
8	26
8	27
8	28
8	32
8	33
8	34
8	35
8	36
8	39
8	40
8	42
8	43
8	44
8	45
8	46
8	47
8	50
8	51
8	53
8	56
8	57
8	58
8	59
8	60
8	61
8	62
8	64
8	65
8	67
8	68
8	69
8	70
8	71
8	72
8	76
8	77
8	78
8	79
8	80
8	83
8	85
8	86
8	87
8	88
8	89
8	90
8	92
8	93
8	97
9	1
9	2
9	3
9	4
9	7
9	8
9	9
9	11
9	12
9	13
9	14
9	15
9	16
9	17
9	18
9	20
9	22
9	25
9	27
9	29
9	30
9	31
9	34
9	35
9	36
9	37
9	38
9	39
9	40
9	42
9	43
9	44
9	45
9	47
9	48
9	50
9	51
9	52
9	55
9	56
9	59
9	60
9	61
9	62
9	63
9	64
9	65
9	66
9	67
9	68
9	71
9	72
9	73
9	74
9	75
9	76
9	77
9	78
9	79
9	80
9	83
9	84
9	85
9	86
9	87
9	91
9	92
9	93
9	99
9	100
10	1
10	2
10	3
10	4
10	6
10	10
10	11
10	13
10	14
10	15
10	16
10	18
10	19
10	21
10	22
10	23
10	24
10	25
10	27
10	29
10	30
10	31
10	33
10	35
10	37
10	38
10	40
10	41
10	43
10	45
10	47
10	48
10	50
10	51
10	56
10	60
10	62
10	65
10	66
10	67
10	68
10	70
10	71
10	73
10	75
10	76
10	80
10	83
10	84
10	86
10	87
10	89
10	90
10	91
10	93
10	94
10	96
10	97
10	99
10	100
11	2
11	3
11	4
11	6
11	7
11	10
11	11
11	12
11	13
11	14
11	15
11	16
11	17
11	18
11	19
11	20
11	22
11	24
11	25
11	27
11	28
11	31
11	34
11	37
11	38
11	39
11	40
11	41
11	42
11	43
11	44
11	45
11	47
11	48
11	52
11	53
11	54
11	55
11	56
11	60
11	61
11	62
11	63
11	64
11	66
11	69
11	71
11	73
11	75
11	76
11	77
11	79
11	80
11	81
11	82
11	85
11	86
11	87
11	89
11	90
11	92
11	93
11	94
11	95
11	96
11	97
11	98
11	99
12	1
12	2
12	4
12	7
12	8
12	9
12	10
12	11
12	13
12	14
12	16
12	17
12	20
12	22
12	24
12	25
12	26
12	27
12	31
12	32
12	35
12	36
12	38
12	41
12	43
12	44
12	47
12	48
12	49
12	59
12	61
12	63
12	64
12	65
12	67
12	69
12	70
12	71
12	74
12	76
12	77
12	78
12	79
12	80
12	81
12	82
12	83
12	84
12	86
12	88
12	89
12	92
12	93
12	94
12	95
12	96
12	98
12	100
13	2
13	3
13	6
13	7
13	8
13	11
13	12
13	13
13	14
13	15
13	16
13	17
13	18
13	19
13	20
13	21
13	22
13	24
13	25
13	26
13	27
13	29
13	31
13	33
13	34
13	36
13	37
13	38
13	39
13	40
13	41
13	44
13	47
13	48
13	50
13	51
13	52
13	53
13	54
13	55
13	56
13	57
13	58
13	59
13	61
13	62
13	64
13	68
13	69
13	70
13	71
13	72
13	73
13	74
13	75
13	78
13	79
13	80
13	81
13	82
13	83
13	85
13	86
13	89
13	90
13	91
13	93
13	95
13	96
13	97
13	100
14	1
14	3
14	4
14	6
14	8
14	9
14	10
14	11
14	12
14	13
14	15
14	18
14	20
14	21
14	22
14	24
14	25
14	26
14	28
14	31
14	32
14	34
14	35
14	40
14	41
14	43
14	44
14	45
14	46
14	47
14	48
14	49
14	50
14	51
14	52
14	54
14	60
14	61
14	63
14	64
14	66
14	67
14	71
14	73
14	76
14	78
14	79
14	80
14	81
14	82
14	83
14	84
14	86
14	87
14	90
14	91
14	93
14	94
14	100
15	1
15	3
15	5
15	6
15	8
15	9
15	10
15	11
15	13
15	14
15	16
15	17
15	19
15	21
15	22
15	23
15	28
15	30
15	32
15	34
15	36
15	37
15	38
15	39
15	41
15	44
15	47
15	48
15	51
15	52
15	54
15	57
15	58
15	62
15	63
15	65
15	66
15	67
15	68
15	69
15	72
15	73
15	74
15	76
15	78
15	79
15	80
15	82
15	83
15	84
15	86
15	87
15	88
15	89
15	90
15	92
15	94
15	95
15	96
15	100
16	2
16	3
16	4
16	5
16	6
16	8
16	10
16	11
16	12
16	14
16	16
16	22
16	23
16	24
16	25
16	26
16	27
16	28
16	29
16	33
16	34
16	35
16	36
16	37
16	38
16	40
16	42
16	45
16	47
16	48
16	50
16	51
16	52
16	56
16	57
16	58
16	59
16	61
16	64
16	66
16	68
16	69
16	70
16	71
16	72
16	75
16	76
16	78
16	79
16	81
16	82
16	83
16	84
16	87
16	90
16	91
16	92
16	95
16	96
16	97
16	98
17	2
17	3
17	4
17	9
17	12
17	14
17	16
17	18
17	19
17	21
17	23
17	24
17	25
17	26
17	27
17	29
17	36
17	37
17	38
17	39
17	41
17	42
17	43
17	46
17	48
17	51
17	52
17	53
17	56
17	57
17	59
17	62
17	63
17	64
17	65
17	67
17	68
17	69
17	70
17	71
17	75
17	77
17	78
17	79
17	80
17	81
17	82
17	83
17	84
17	85
17	86
17	89
17	91
17	93
17	94
17	99
17	100
18	2
18	3
18	4
18	6
18	8
18	9
18	10
18	11
18	12
18	13
18	14
18	15
18	16
18	17
18	18
18	19
18	21
18	22
18	23
18	24
18	25
18	26
18	27
18	28
18	30
18	31
18	34
18	41
18	42
18	43
18	45
18	46
18	49
18	50
18	55
18	56
18	58
18	61
18	62
18	63
18	64
18	66
18	67
18	68
18	69
18	72
18	73
18	75
18	78
18	80
18	81
18	82
18	85
18	86
18	87
18	88
18	90
18	91
18	92
18	94
18	95
18	96
18	97
18	98
18	100
19	4
19	6
19	8
19	9
19	10
19	11
19	13
19	15
19	16
19	17
19	18
19	19
19	21
19	22
19	23
19	24
19	25
19	26
19	27
19	28
19	30
19	31
19	33
19	35
19	36
19	39
19	40
19	42
19	45
19	47
19	49
19	50
19	52
19	53
19	57
19	58
19	60
19	61
19	62
19	65
19	66
19	67
19	68
19	69
19	70
19	72
19	73
19	76
19	78
19	80
19	81
19	82
19	83
19	84
19	86
19	87
19	89
19	95
19	96
19	97
19	98
19	99
19	100
20	1
20	2
20	3
20	5
20	6
20	8
20	12
20	16
20	18
20	19
20	20
20	21
20	22
20	23
20	26
20	27
20	28
20	34
20	35
20	38
20	39
20	40
20	43
20	44
20	45
20	46
20	48
20	49
20	50
20	51
20	53
20	54
20	55
20	56
20	57
20	60
20	61
20	62
20	63
20	64
20	65
20	67
20	70
20	71
20	72
20	74
20	80
20	81
20	82
20	83
20	84
20	85
20	86
20	87
20	88
20	89
20	91
20	92
20	93
20	94
20	95
20	96
20	97
20	98
20	99
21	2
21	4
21	7
21	8
21	11
21	12
21	15
21	18
21	19
21	20
21	21
21	23
21	24
21	25
21	26
21	27
21	28
21	29
21	30
21	31
21	33
21	34
21	36
21	40
21	43
21	44
21	46
21	50
21	51
21	52
21	53
21	54
21	58
21	60
21	61
21	62
21	63
21	64
21	65
21	67
21	68
21	72
21	73
21	74
21	78
21	79
21	85
21	87
21	90
21	91
21	92
21	93
21	94
21	96
21	97
21	99
21	100
22	1
22	3
22	5
22	8
22	11
22	13
22	14
22	16
22	18
22	19
22	20
22	22
22	23
22	25
22	26
22	27
22	28
22	29
22	30
22	31
22	33
22	35
22	37
22	38
22	39
22	40
22	41
22	42
22	43
22	46
22	47
22	48
22	49
22	50
22	51
22	52
22	53
22	54
22	56
22	58
22	63
22	66
22	68
22	69
22	72
22	73
22	75
22	77
22	78
22	79
22	80
22	81
22	85
22	86
22	88
22	89
22	90
22	92
22	93
22	94
22	99
22	100
23	1
23	2
23	4
23	12
23	13
23	14
23	16
23	17
23	20
23	21
23	22
23	23
23	24
23	26
23	27
23	28
23	30
23	32
23	33
23	35
23	36
23	37
23	38
23	39
23	41
23	42
23	45
23	47
23	48
23	50
23	51
23	52
23	53
23	54
23	56
23	57
23	58
23	59
23	61
23	62
23	65
23	66
23	67
23	70
23	71
23	72
23	74
23	75
23	76
23	77
23	78
23	80
23	81
23	83
23	84
23	87
23	90
23	91
23	92
23	95
23	96
23	98
24	1
24	2
24	3
24	4
24	6
24	10
24	11
24	13
24	15
24	16
24	17
24	18
24	19
24	20
24	21
24	22
24	23
24	24
24	25
24	29
24	30
24	33
24	38
24	39
24	40
24	41
24	42
24	43
24	44
24	45
24	47
24	48
24	50
24	52
24	57
24	58
24	61
24	62
24	63
24	65
24	69
24	70
24	72
24	73
24	74
24	75
24	76
24	78
24	79
24	80
24	81
24	82
24	83
24	84
24	87
24	88
24	90
24	94
24	95
24	96
24	97
24	100
25	1
25	2
25	3
25	5
25	8
25	10
25	11
25	13
25	18
25	20
25	21
25	22
25	24
25	28
25	31
25	34
25	38
25	39
25	40
25	41
25	42
25	43
25	44
25	46
25	47
25	50
25	51
25	54
25	55
25	56
25	57
25	58
25	59
25	60
25	61
25	62
25	63
25	64
25	65
25	66
25	67
25	68
25	69
25	70
25	71
25	73
25	75
25	78
25	79
25	81
25	83
25	84
25	85
25	86
25	87
25	88
25	89
25	90
25	91
25	92
25	93
25	94
25	95
25	97
25	98
25	100
26	1
26	2
26	3
26	5
26	7
26	8
26	9
26	10
26	11
26	12
26	14
26	15
26	16
26	17
26	18
26	21
26	23
26	25
26	30
26	31
26	32
26	34
26	35
26	39
26	41
26	43
26	44
26	45
26	46
26	47
26	50
26	51
26	53
26	56
26	57
26	58
26	59
26	61
26	63
26	64
26	65
26	68
26	70
26	76
26	77
26	78
26	79
26	80
26	82
26	87
26	88
26	89
26	91
26	92
26	94
26	96
26	100
27	1
27	5
27	7
27	10
27	11
27	14
27	15
27	16
27	17
27	19
27	21
27	23
27	25
27	26
27	27
27	30
27	31
27	32
27	33
27	34
27	35
27	40
27	41
27	42
27	44
27	45
27	46
27	48
27	51
27	52
27	53
27	55
27	56
27	58
27	61
27	63
27	64
27	65
27	66
27	67
27	68
27	69
27	70
27	71
27	74
27	76
27	77
27	79
27	80
27	81
27	82
27	83
27	88
27	90
27	92
27	93
27	94
27	95
27	98
27	100
28	1
28	2
28	3
28	5
28	6
28	8
28	10
28	12
28	13
28	14
28	15
28	19
28	27
28	29
28	30
28	33
28	34
28	35
28	37
28	38
28	40
28	42
28	45
28	46
28	48
28	52
28	54
28	55
28	56
28	58
28	60
28	62
28	64
28	65
28	66
28	67
28	68
28	69
28	70
28	71
28	72
28	75
28	76
28	77
28	79
28	81
28	83
28	87
28	89
28	91
28	93
28	95
28	97
28	99
29	1
29	2
29	3
29	4
29	5
29	8
29	9
29	11
29	13
29	14
29	15
29	18
29	20
29	26
29	30
29	33
29	34
29	35
29	36
29	37
29	38
29	39
29	40
29	41
29	46
29	48
29	51
29	52
29	54
29	57
29	59
29	61
29	62
29	65
29	69
29	70
29	71
29	72
29	73
29	76
29	78
29	79
29	80
29	83
29	84
29	85
29	88
29	89
29	90
29	93
29	94
29	95
29	96
29	98
30	1
30	3
30	4
30	6
30	7
30	9
30	10
30	11
30	13
30	17
30	18
30	20
30	21
30	22
30	23
30	24
30	25
30	26
30	28
30	35
30	37
30	39
30	40
30	41
30	42
30	43
30	44
30	45
30	46
30	47
30	48
30	49
30	50
30	52
30	54
30	56
30	57
30	58
30	60
30	61
30	63
30	64
30	65
30	66
30	67
30	68
30	69
30	71
30	72
30	75
30	77
30	78
30	79
30	81
30	82
30	83
30	84
30	85
30	87
30	88
30	89
30	90
30	91
30	95
30	97
30	99
30	100
31	2
31	3
31	4
31	5
31	6
31	7
31	9
31	10
31	11
31	13
31	14
31	15
31	16
31	17
31	18
31	20
31	21
31	22
31	24
31	26
31	27
31	28
31	30
31	31
31	32
31	33
31	34
31	35
31	37
31	38
31	39
31	42
31	44
31	46
31	47
31	48
31	57
31	58
31	59
31	60
31	61
31	62
31	65
31	67
31	68
31	70
31	74
31	75
31	76
31	77
31	78
31	80
31	81
31	82
31	83
31	85
31	86
31	87
31	88
31	89
31	90
31	94
31	95
31	96
31	97
31	98
31	100
32	1
32	3
32	4
32	5
32	10
32	11
32	14
32	15
32	16
32	17
32	19
32	20
32	22
32	28
32	29
32	30
32	31
32	33
32	34
32	35
32	36
32	37
32	38
32	39
32	40
32	41
32	44
32	45
32	46
32	47
32	48
32	49
32	50
32	55
32	58
32	59
32	61
32	64
32	66
32	67
32	68
32	70
32	72
32	73
32	74
32	75
32	76
32	77
32	78
32	79
32	80
32	81
32	83
32	88
32	89
32	90
32	94
32	96
32	97
32	100
33	2
33	3
33	4
33	5
33	6
33	8
33	9
33	10
33	14
33	16
33	17
33	18
33	21
33	22
33	23
33	24
33	25
33	26
33	29
33	30
33	31
33	32
33	33
33	34
33	35
33	36
33	39
33	40
33	42
33	45
33	48
33	49
33	50
33	52
33	53
33	54
33	55
33	56
33	57
33	59
33	60
33	62
33	63
33	64
33	65
33	67
33	68
33	69
33	70
33	71
33	72
33	73
33	74
33	76
33	79
33	80
33	81
33	82
33	84
33	85
33	86
33	87
33	88
33	89
33	90
33	91
33	92
33	94
33	95
33	98
33	99
34	1
34	2
34	3
34	4
34	7
34	8
34	9
34	13
34	15
34	18
34	21
34	22
34	23
34	24
34	26
34	27
34	28
34	30
34	31
34	33
34	36
34	37
34	42
34	44
34	47
34	48
34	49
34	50
34	51
34	53
34	54
34	55
34	57
34	58
34	59
34	64
34	65
34	66
34	67
34	68
34	70
34	71
34	72
34	74
34	75
34	76
34	77
34	78
34	79
34	80
34	81
34	82
34	83
34	84
34	85
34	86
34	87
34	88
34	90
34	91
34	92
34	93
34	94
34	95
34	96
34	97
34	98
34	99
34	100
35	1
35	2
35	3
35	4
35	5
35	8
35	11
35	13
35	14
35	16
35	17
35	19
35	20
35	21
35	22
35	25
35	26
35	27
35	28
35	29
35	30
35	31
35	33
35	35
35	36
35	37
35	38
35	39
35	40
35	41
35	42
35	45
35	49
35	50
35	51
35	52
35	54
35	56
35	58
35	59
35	60
35	62
35	63
35	64
35	65
35	66
35	67
35	68
35	70
35	71
35	74
35	75
35	78
35	79
35	80
35	81
35	82
35	83
35	85
35	86
35	87
35	88
35	89
35	91
35	93
35	94
35	95
35	96
35	97
35	98
35	99
35	100
36	2
36	3
36	5
36	7
36	8
36	9
36	10
36	11
36	12
36	14
36	16
36	17
36	18
36	19
36	21
36	22
36	23
36	26
36	28
36	29
36	32
36	33
36	35
36	36
36	37
36	39
36	41
36	42
36	43
36	46
36	52
36	53
36	55
36	57
36	60
36	61
36	62
36	63
36	64
36	65
36	66
36	68
36	69
36	70
36	71
36	72
36	73
36	75
36	78
36	79
36	81
36	83
36	84
36	85
36	86
36	87
36	88
36	89
36	90
36	91
36	94
36	96
36	97
36	98
36	99
36	100
37	1
37	3
37	6
37	10
37	13
37	15
37	18
37	19
37	20
37	23
37	24
37	25
37	28
37	29
37	30
37	31
37	32
37	33
37	34
37	35
37	37
37	39
37	40
37	42
37	43
37	46
37	47
37	48
37	52
37	53
37	54
37	58
37	60
37	61
37	62
37	63
37	64
37	65
37	66
37	67
37	68
37	70
37	73
37	74
37	75
37	76
37	78
37	79
37	80
37	81
37	82
37	83
37	84
37	85
37	87
37	88
37	89
37	92
37	93
37	94
37	98
38	1
38	8
38	9
38	10
38	12
38	13
38	14
38	15
38	16
38	17
38	18
38	19
38	22
38	23
38	24
38	25
38	26
38	27
38	28
38	30
38	32
38	33
38	34
38	41
38	43
38	44
38	45
38	46
38	49
38	50
38	52
38	53
38	55
38	56
38	58
38	59
38	60
38	61
38	63
38	64
38	65
38	68
38	69
38	74
38	75
38	76
38	80
38	82
38	83
38	85
38	86
38	87
38	89
38	91
38	92
38	95
38	96
38	98
39	2
39	3
39	8
39	12
39	14
39	16
39	18
39	20
39	21
39	25
39	26
39	28
39	29
39	31
39	34
39	36
39	38
39	39
39	42
39	43
39	44
39	47
39	48
39	51
39	52
39	53
39	54
39	55
39	56
39	57
39	59
39	60
39	61
39	64
39	66
39	68
39	70
39	71
39	72
39	74
39	75
39	76
39	77
39	78
39	79
39	81
39	82
39	83
39	84
39	85
39	86
39	87
39	88
39	90
39	92
39	93
39	94
39	98
39	100
40	1
40	5
40	6
40	7
40	8
40	10
40	11
40	12
40	13
40	14
40	15
40	16
40	17
40	18
40	19
40	21
40	22
40	23
40	30
40	31
40	33
40	34
40	36
40	39
40	40
40	42
40	43
40	44
40	47
40	48
40	49
40	51
40	52
40	53
40	54
40	56
40	58
40	59
40	60
40	61
40	64
40	65
40	66
40	69
40	70
40	71
40	72
40	77
40	78
40	80
40	81
40	84
40	85
40	87
40	88
40	89
40	90
40	92
40	93
40	94
40	98
40	99
41	2
41	7
41	8
41	9
41	10
41	11
41	13
41	14
41	15
41	17
41	18
41	20
41	24
41	26
41	27
41	30
41	31
41	32
41	33
41	34
41	35
41	36
41	37
41	38
41	39
41	41
41	42
41	43
41	44
41	46
41	47
41	48
41	49
41	53
41	54
41	55
41	59
41	62
41	65
41	66
41	67
41	70
41	71
41	72
41	73
41	74
41	75
41	78
41	79
41	81
41	87
41	88
41	90
41	91
41	93
41	94
41	96
41	97
41	98
41	100
42	1
42	4
42	6
42	7
42	9
42	11
42	13
42	14
42	15
42	16
42	18
42	20
42	21
42	22
42	24
42	25
42	26
42	27
42	28
42	29
42	32
42	34
42	35
42	38
42	40
42	41
42	42
42	45
42	46
42	47
42	48
42	52
42	53
42	54
42	55
42	56
42	58
42	59
42	60
42	63
42	64
42	65
42	66
42	70
42	73
42	74
42	75
42	76
42	78
42	79
42	81
42	82
42	83
42	85
42	87
42	89
42	90
42	91
42	93
42	95
42	96
42	97
42	98
42	99
43	1
43	2
43	3
43	4
43	6
43	7
43	8
43	9
43	10
43	11
43	12
43	14
43	15
43	17
43	20
43	21
43	22
43	23
43	24
43	25
43	26
43	27
43	28
43	29
43	30
43	32
43	33
43	35
43	36
43	38
43	39
43	41
43	42
43	43
43	44
43	45
43	46
43	48
43	49
43	50
43	51
43	52
43	54
43	55
43	56
43	57
43	58
43	59
43	60
43	62
43	63
43	64
43	65
43	66
43	67
43	68
43	69
43	70
43	73
43	74
43	75
43	77
43	78
43	79
43	80
43	82
43	84
43	85
43	86
43	88
43	89
43	90
43	94
43	95
43	96
43	99
44	2
44	3
44	5
44	6
44	7
44	8
44	10
44	11
44	13
44	14
44	15
44	16
44	17
44	18
44	19
44	21
44	22
44	23
44	24
44	25
44	26
44	28
44	30
44	32
44	35
44	36
44	38
44	39
44	40
44	43
44	44
44	46
44	48
44	49
44	51
44	53
44	54
44	55
44	57
44	59
44	60
44	61
44	62
44	63
44	64
44	65
44	69
44	70
44	72
44	73
44	74
44	76
44	79
44	80
44	81
44	83
44	84
44	85
44	87
44	88
44	89
44	90
44	91
44	92
44	93
44	95
44	96
44	97
44	98
44	99
45	2
45	3
45	4
45	5
45	8
45	10
45	13
45	14
45	15
45	16
45	17
45	18
45	19
45	22
45	26
45	27
45	28
45	29
45	30
45	31
45	34
45	35
45	36
45	38
45	40
45	42
45	43
45	46
45	47
45	49
45	53
45	54
45	59
45	61
45	65
45	66
45	67
45	70
45	71
45	73
45	75
45	76
45	79
45	81
45	83
45	85
45	87
45	89
45	90
45	91
45	93
45	94
45	95
45	99
45	100
46	1
46	2
46	3
46	4
46	7
46	8
46	11
46	12
46	14
46	16
46	17
46	22
46	23
46	25
46	26
46	27
46	28
46	29
46	30
46	34
46	35
46	36
46	39
46	42
46	43
46	44
46	46
46	49
46	50
46	51
46	52
46	53
46	55
46	56
46	57
46	58
46	60
46	61
46	62
46	67
46	69
46	71
46	75
46	77
46	78
46	80
46	81
46	82
46	83
46	84
46	85
46	86
46	87
46	89
46	90
46	93
46	95
46	96
46	97
46	98
46	99
47	2
47	3
47	4
47	5
47	6
47	7
47	8
47	9
47	10
47	11
47	12
47	13
47	16
47	17
47	18
47	20
47	23
47	24
47	30
47	31
47	33
47	36
47	37
47	38
47	40
47	43
47	45
47	47
47	48
47	49
47	50
47	51
47	53
47	56
47	57
47	58
47	60
47	65
47	66
47	67
47	69
47	70
47	71
47	76
47	77
47	78
47	79
47	82
47	83
47	84
47	85
47	88
47	89
47	90
47	92
47	93
47	96
47	97
47	98
47	100
48	2
48	3
48	5
48	8
48	9
48	11
48	13
48	15
48	16
48	17
48	18
48	19
48	20
48	22
48	24
48	25
48	27
48	29
48	30
48	33
48	34
48	37
48	38
48	39
48	41
48	42
48	44
48	49
48	50
48	51
48	54
48	55
48	56
48	57
48	59
48	60
48	63
48	67
48	68
48	69
48	73
48	74
48	75
48	77
48	80
48	81
48	82
48	85
48	87
48	89
48	90
48	91
48	93
48	94
48	95
48	96
48	97
48	99
48	100
49	1
49	2
49	3
49	4
49	5
49	8
49	10
49	11
49	12
49	13
49	17
49	18
49	20
49	21
49	26
49	27
49	28
49	31
49	32
49	33
49	35
49	36
49	37
49	39
49	41
49	42
49	43
49	45
49	50
49	51
49	53
49	54
49	55
49	56
49	57
49	58
49	59
49	61
49	62
49	63
49	64
49	65
49	67
49	68
49	69
49	70
49	72
49	74
49	75
49	77
49	79
49	80
49	83
49	84
49	87
49	88
49	93
49	94
49	96
49	100
50	1
50	2
50	3
50	4
50	6
50	9
50	10
50	11
50	12
50	13
50	14
50	16
50	19
50	22
50	23
50	24
50	28
50	29
50	30
50	31
50	34
50	35
50	36
50	38
50	40
50	41
50	43
50	45
50	49
50	51
50	54
50	55
50	56
50	58
50	59
50	60
50	62
50	66
50	68
50	70
50	71
50	72
50	75
50	78
50	79
50	82
50	83
50	86
50	87
50	89
50	90
50	91
50	92
50	93
50	94
50	96
50	97
50	100
51	1
51	2
51	4
51	5
51	6
51	7
51	10
51	11
51	13
51	14
51	16
51	17
51	18
51	21
51	24
51	25
51	26
51	27
51	28
51	29
51	30
51	31
51	32
51	33
51	37
51	38
51	39
51	40
51	41
51	42
51	43
51	45
51	47
51	48
51	49
51	51
51	52
51	53
51	54
51	56
51	58
51	59
51	60
51	62
51	63
51	64
51	66
51	67
51	70
51	73
51	74
51	75
51	76
51	78
51	79
51	82
51	83
51	86
51	87
51	88
51	91
51	92
51	94
51	95
51	97
51	98
51	99
52	1
52	2
52	3
52	4
52	5
52	7
52	8
52	9
52	10
52	12
52	14
52	15
52	17
52	19
52	22
52	23
52	24
52	26
52	28
52	31
52	32
52	33
52	34
52	36
52	39
52	45
52	46
52	49
52	50
52	51
52	53
52	56
52	58
52	59
52	60
52	63
52	64
52	65
52	66
52	67
52	68
52	69
52	70
52	73
52	74
52	75
52	77
52	79
52	80
52	81
52	83
52	84
52	88
52	92
52	93
52	94
52	95
52	96
52	97
52	98
53	2
53	6
53	7
53	11
53	14
53	15
53	17
53	19
53	20
53	21
53	22
53	23
53	25
53	26
53	27
53	29
53	30
53	31
53	34
53	35
53	40
53	41
53	42
53	43
53	44
53	50
53	54
53	55
53	56
53	58
53	60
53	61
53	65
53	66
53	67
53	70
53	71
53	72
53	73
53	74
53	75
53	76
53	77
53	79
53	80
53	81
53	82
53	84
53	85
53	86
53	87
53	88
53	90
53	93
53	94
53	95
53	96
53	99
53	100
54	1
54	2
54	3
54	4
54	8
54	9
54	10
54	11
54	12
54	14
54	15
54	18
54	19
54	21
54	22
54	23
54	25
54	26
54	28
54	29
54	30
54	31
54	32
54	33
54	35
54	36
54	37
54	38
54	39
54	42
54	44
54	45
54	46
54	48
54	49
54	50
54	51
54	54
54	55
54	58
54	59
54	62
54	63
54	64
54	65
54	66
54	67
54	68
54	69
54	74
54	76
54	78
54	79
54	80
54	81
54	83
54	85
54	87
54	88
54	93
54	94
54	96
54	98
54	99
54	100
55	1
55	7
55	8
55	10
55	13
55	17
55	19
55	22
55	23
55	25
55	27
55	28
55	30
55	32
55	33
55	34
55	35
55	36
55	38
55	39
55	40
55	42
55	44
55	47
55	48
55	49
55	52
55	53
55	54
55	57
55	58
55	59
55	61
55	62
55	63
55	64
55	65
55	68
55	69
55	70
55	73
55	74
55	76
55	78
55	80
55	81
55	83
55	84
55	86
55	88
55	90
55	91
55	92
55	94
55	95
55	96
55	97
55	98
55	99
56	1
56	2
56	3
56	5
56	8
56	9
56	10
56	12
56	15
56	18
56	20
56	21
56	22
56	24
56	25
56	26
56	30
56	32
56	35
56	36
56	37
56	38
56	40
56	41
56	44
56	45
56	46
56	47
56	48
56	49
56	50
56	51
56	52
56	53
56	56
56	57
56	59
56	60
56	61
56	63
56	65
56	67
56	68
56	69
56	70
56	71
56	73
56	74
56	78
56	79
56	82
56	85
56	86
56	87
56	90
56	95
56	97
56	98
56	99
56	100
57	1
57	2
57	3
57	5
57	7
57	10
57	12
57	13
57	14
57	18
57	19
57	21
57	22
57	24
57	25
57	27
57	30
57	34
57	38
57	39
57	40
57	42
57	44
57	45
57	46
57	47
57	51
57	52
57	53
57	56
57	57
57	58
57	59
57	60
57	62
57	63
57	66
57	67
57	68
57	69
57	70
57	72
57	74
57	77
57	78
57	79
57	80
57	81
57	86
57	87
57	89
57	91
57	92
57	93
57	95
57	96
57	99
57	100
58	1
58	3
58	4
58	5
58	7
58	8
58	11
58	13
58	16
58	17
58	18
58	26
58	27
58	28
58	29
58	30
58	31
58	33
58	34
58	35
58	38
58	42
58	43
58	44
58	46
58	47
58	48
58	50
58	51
58	52
58	53
58	54
58	56
58	57
58	58
58	59
58	60
58	61
58	62
58	63
58	64
58	66
58	67
58	68
58	70
58	72
58	73
58	75
58	77
58	79
58	80
58	81
58	82
58	84
58	85
58	86
58	87
58	88
58	89
58	90
58	94
58	96
58	97
58	100
59	1
59	2
59	5
59	7
59	8
59	9
59	10
59	11
59	12
59	13
59	14
59	16
59	18
59	19
59	21
59	22
59	25
59	26
59	29
59	30
59	34
59	35
59	36
59	37
59	38
59	39
59	40
59	41
59	44
59	46
59	48
59	49
59	51
59	52
59	53
59	54
59	55
59	58
59	59
59	61
59	62
59	63
59	64
59	65
59	67
59	70
59	72
59	75
59	76
59	77
59	78
59	79
59	83
59	87
59	88
59	89
59	91
59	92
59	94
59	96
59	98
59	99
60	1
60	2
60	3
60	4
60	7
60	8
60	9
60	10
60	11
60	15
60	16
60	17
60	19
60	20
60	21
60	23
60	24
60	25
60	26
60	30
60	31
60	34
60	36
60	38
60	39
60	41
60	42
60	43
60	49
60	50
60	52
60	53
60	54
60	55
60	59
60	60
60	61
60	63
60	64
60	67
60	69
60	71
60	73
60	75
60	78
60	80
60	85
60	86
60	87
60	88
60	89
60	91
60	97
60	99
60	100
61	1
61	4
61	5
61	9
61	10
61	13
61	14
61	15
61	16
61	17
61	18
61	19
61	20
61	22
61	23
61	25
61	26
61	27
61	28
61	31
61	32
61	33
61	34
61	35
61	36
61	38
61	40
61	44
61	47
61	48
61	49
61	51
61	52
61	53
61	54
61	55
61	59
61	60
61	61
61	62
61	64
61	65
61	66
61	68
61	69
61	73
61	74
61	75
61	77
61	78
61	79
61	81
61	83
61	85
61	89
61	90
61	93
61	98
61	99
61	100
62	1
62	2
62	3
62	5
62	6
62	7
62	8
62	9
62	10
62	12
62	13
62	15
62	16
62	17
62	18
62	19
62	22
62	23
62	26
62	27
62	28
62	29
62	30
62	31
62	34
62	36
62	37
62	38
62	39
62	43
62	44
62	45
62	46
62	47
62	48
62	51
62	54
62	55
62	56
62	58
62	60
62	62
62	64
62	67
62	68
62	69
62	70
62	71
62	72
62	74
62	75
62	76
62	77
62	78
62	80
62	81
62	82
62	84
62	85
62	87
62	88
62	89
62	91
62	92
62	95
62	97
62	98
63	2
63	3
63	5
63	7
63	8
63	10
63	12
63	15
63	18
63	23
63	24
63	25
63	26
63	27
63	29
63	30
63	31
63	32
63	33
63	37
63	38
63	39
63	40
63	41
63	42
63	44
63	46
63	48
63	49
63	50
63	52
63	53
63	54
63	55
63	56
63	58
63	59
63	60
63	62
63	64
63	65
63	68
63	69
63	70
63	73
63	74
63	78
63	83
63	84
63	86
63	87
63	88
63	89
63	91
63	92
63	96
63	97
63	99
64	1
64	3
64	4
64	5
64	6
64	8
64	12
64	14
64	15
64	17
64	19
64	20
64	23
64	24
64	25
64	27
64	28
64	29
64	32
64	33
64	34
64	35
64	36
64	37
64	40
64	43
64	44
64	46
64	48
64	49
64	51
64	53
64	54
64	59
64	61
64	62
64	63
64	64
64	67
64	70
64	71
64	72
64	73
64	75
64	78
64	79
64	80
64	81
64	82
64	83
64	84
64	86
64	88
64	90
64	92
64	94
64	95
64	96
64	97
64	98
64	99
64	100
65	3
65	5
65	6
65	7
65	8
65	12
65	16
65	17
65	18
65	20
65	21
65	22
65	23
65	24
65	25
65	26
65	27
65	28
65	29
65	30
65	32
65	33
65	34
65	37
65	38
65	40
65	41
65	42
65	44
65	45
65	47
65	48
65	49
65	50
65	51
65	52
65	53
65	57
65	58
65	59
65	60
65	61
65	62
65	64
65	66
65	67
65	68
65	70
65	72
65	74
65	75
65	76
65	78
65	81
65	83
65	85
65	86
65	87
65	88
65	90
65	91
65	92
65	93
65	94
65	95
65	96
65	97
65	98
65	99
65	100
66	2
66	4
66	5
66	8
66	9
66	10
66	11
66	12
66	14
66	15
66	16
66	17
66	18
66	19
66	23
66	24
66	26
66	27
66	28
66	30
66	32
66	35
66	36
66	38
66	39
66	41
66	42
66	43
66	44
66	45
66	46
66	47
66	48
66	51
66	52
66	54
66	56
66	57
66	58
66	61
66	62
66	68
66	69
66	70
66	71
66	72
66	73
66	74
66	76
66	77
66	79
66	80
66	81
66	82
66	84
66	85
66	86
66	87
66	89
66	90
66	91
66	92
66	93
66	94
66	95
66	98
66	99
66	100
67	1
67	4
67	5
67	6
67	8
67	10
67	12
67	14
67	16
67	18
67	20
67	22
67	23
67	24
67	26
67	30
67	36
67	37
67	38
67	39
67	40
67	42
67	44
67	47
67	48
67	49
67	50
67	52
67	53
67	54
67	55
67	56
67	58
67	59
67	60
67	61
67	63
67	65
67	68
67	69
67	73
67	74
67	76
67	79
67	80
67	81
67	82
67	83
67	84
67	86
67	89
67	90
67	91
67	92
67	93
67	94
67	95
67	96
67	97
67	99
67	100
68	2
68	3
68	4
68	8
68	9
68	10
68	11
68	12
68	13
68	14
68	15
68	16
68	17
68	19
68	21
68	26
68	27
68	30
68	31
68	33
68	35
68	37
68	39
68	41
68	42
68	43
68	44
68	45
68	46
68	47
68	48
68	49
68	52
68	53
68	54
68	55
68	56
68	57
68	59
68	61
68	62
68	63
68	64
68	66
68	69
68	70
68	71
68	73
68	75
68	77
68	78
68	79
68	81
68	84
68	85
68	86
68	89
68	90
68	91
68	92
68	95
68	100
69	1
69	2
69	4
69	5
69	6
69	7
69	10
69	12
69	13
69	15
69	16
69	18
69	19
69	20
69	23
69	25
69	27
69	28
69	29
69	34
69	35
69	37
69	39
69	42
69	43
69	45
69	47
69	51
69	53
69	56
69	57
69	60
69	64
69	65
69	66
69	67
69	68
69	69
69	71
69	72
69	73
69	75
69	76
69	77
69	80
69	82
69	83
69	85
69	86
69	88
69	89
69	91
69	92
69	93
69	94
69	97
69	98
69	99
69	100
70	1
70	3
70	10
70	11
70	13
70	15
70	16
70	17
70	18
70	19
70	20
70	21
70	23
70	24
70	26
70	27
70	30
70	31
70	32
70	33
70	34
70	35
70	36
70	37
70	38
70	39
70	40
70	41
70	42
70	43
70	44
70	45
70	46
70	47
70	50
70	52
70	54
70	55
70	60
70	61
70	62
70	63
70	64
70	66
70	68
70	69
70	70
70	71
70	73
70	74
70	76
70	78
70	79
70	80
70	81
70	82
70	83
70	86
70	89
70	91
70	95
70	97
70	98
70	99
70	100
71	3
71	5
71	7
71	8
71	10
71	11
71	13
71	14
71	15
71	17
71	18
71	19
71	21
71	24
71	25
71	26
71	27
71	28
71	30
71	32
71	34
71	35
71	37
71	39
71	40
71	41
71	42
71	47
71	48
71	49
71	50
71	51
71	52
71	53
71	54
71	56
71	57
71	58
71	59
71	63
71	67
71	69
71	71
71	74
71	76
71	77
71	79
71	80
71	81
71	82
71	85
71	89
71	91
71	92
71	93
71	94
71	95
71	97
71	98
71	99
71	100
72	3
72	6
72	7
72	8
72	9
72	10
72	13
72	15
72	17
72	18
72	20
72	22
72	23
72	25
72	28
72	29
72	30
72	31
72	32
72	37
72	38
72	39
72	40
72	41
72	42
72	43
72	44
72	45
72	48
72	49
72	50
72	51
72	52
72	54
72	58
72	60
72	61
72	62
72	64
72	65
72	66
72	68
72	69
72	70
72	71
72	73
72	74
72	78
72	79
72	82
72	84
72	86
72	87
72	88
72	89
72	90
72	91
72	93
72	94
72	96
72	97
73	2
73	4
73	5
73	7
73	8
73	9
73	10
73	12
73	13
73	14
73	15
73	16
73	18
73	21
73	22
73	23
73	24
73	26
73	27
73	28
73	29
73	32
73	33
73	34
73	37
73	38
73	40
73	46
73	47
73	49
73	50
73	51
73	54
73	56
73	58
73	60
73	61
73	62
73	64
73	67
73	68
73	69
73	70
73	71
73	73
73	74
73	77
73	78
73	80
73	81
73	82
73	83
73	84
73	88
73	90
73	95
73	96
73	99
73	100
74	4
74	5
74	6
74	10
74	11
74	12
74	13
74	14
74	15
74	17
74	18
74	20
74	21
74	22
74	27
74	28
74	31
74	32
74	33
74	34
74	36
74	37
74	38
74	39
74	41
74	43
74	44
74	46
74	47
74	49
74	50
74	52
74	53
74	54
74	57
74	58
74	59
74	61
74	62
74	63
74	66
74	67
74	68
74	69
74	70
74	71
74	72
74	73
74	74
74	76
74	78
74	79
74	82
74	83
74	84
74	85
74	86
74	87
74	88
74	89
74	90
74	92
74	95
74	97
74	98
74	100
75	1
75	2
75	3
75	4
75	8
75	11
75	12
75	16
75	19
75	21
75	22
75	23
75	25
75	26
75	27
75	28
75	29
75	30
75	31
75	33
75	34
75	36
75	37
75	38
75	39
75	40
75	43
75	44
75	46
75	47
75	48
75	49
75	52
75	54
75	55
75	59
75	60
75	62
75	64
75	65
75	68
75	69
75	71
75	72
75	73
75	76
75	78
75	82
75	86
75	87
75	89
75	94
75	97
75	98
75	99
75	100
76	1
76	3
76	7
76	9
76	11
76	12
76	13
76	17
76	18
76	19
76	20
76	22
76	23
76	24
76	25
76	26
76	29
76	31
76	32
76	33
76	36
76	38
76	39
76	41
76	43
76	44
76	45
76	46
76	47
76	51
76	53
76	55
76	58
76	59
76	60
76	61
76	62
76	63
76	64
76	65
76	66
76	67
76	68
76	69
76	71
76	72
76	73
76	74
76	76
76	77
76	78
76	79
76	80
76	81
76	82
76	83
76	84
76	85
76	86
76	87
76	88
76	89
76	92
76	94
76	95
76	96
76	98
76	99
77	2
77	5
77	6
77	8
77	9
77	10
77	12
77	14
77	15
77	16
77	19
77	21
77	22
77	23
77	25
77	26
77	27
77	28
77	29
77	30
77	32
77	33
77	35
77	36
77	37
77	38
77	39
77	40
77	41
77	42
77	44
77	45
77	46
77	47
77	48
77	51
77	52
77	54
77	55
77	57
77	59
77	61
77	62
77	63
77	64
77	65
77	66
77	67
77	69
77	70
77	71
77	72
77	73
77	74
77	75
77	76
77	77
77	78
77	79
77	80
77	81
77	82
77	83
77	84
77	85
77	86
77	87
77	89
77	91
77	94
77	95
77	96
77	97
77	98
77	99
77	100
78	2
78	3
78	4
78	8
78	11
78	12
78	13
78	14
78	17
78	18
78	19
78	20
78	21
78	22
78	23
78	24
78	25
78	26
78	27
78	30
78	32
78	34
78	36
78	38
78	39
78	42
78	43
78	45
78	47
78	48
78	49
78	50
78	53
78	54
78	55
78	58
78	59
78	60
78	61
78	62
78	63
78	65
78	66
78	67
78	68
78	70
78	71
78	72
78	73
78	74
78	75
78	76
78	77
78	78
78	81
78	82
78	85
78	88
78	92
78	93
78	94
78	95
78	97
78	98
78	99
79	2
79	6
79	7
79	8
79	13
79	14
79	15
79	16
79	17
79	18
79	21
79	24
79	25
79	27
79	31
79	33
79	35
79	37
79	39
79	40
79	41
79	43
79	46
79	47
79	49
79	51
79	53
79	55
79	63
79	66
79	67
79	68
79	69
79	70
79	71
79	72
79	73
79	74
79	75
79	76
79	78
79	80
79	81
79	82
79	85
79	87
79	89
79	90
79	91
79	92
79	95
79	96
79	97
79	98
79	100
80	1
80	5
80	6
80	7
80	8
80	9
80	10
80	11
80	14
80	17
80	19
80	20
80	22
80	23
80	24
80	25
80	27
80	28
80	30
80	31
80	34
80	36
80	37
80	38
80	39
80	40
80	43
80	49
80	50
80	52
80	54
80	56
80	57
80	58
80	62
80	64
80	65
80	66
80	69
80	70
80	73
80	75
80	77
80	78
80	79
80	82
80	85
80	88
80	89
80	90
80	93
80	94
80	95
80	100
81	1
81	3
81	4
81	5
81	6
81	8
81	9
81	11
81	12
81	13
81	16
81	18
81	19
81	27
81	30
81	31
81	32
81	34
81	36
81	37
81	38
81	39
81	42
81	43
81	44
81	45
81	47
81	48
81	49
81	50
81	55
81	56
81	57
81	61
81	62
81	63
81	64
81	66
81	67
81	68
81	69
81	70
81	72
81	73
81	74
81	75
81	76
81	77
81	79
81	80
81	82
81	83
81	84
81	86
81	87
81	88
81	89
81	90
81	91
81	93
81	94
81	96
81	98
81	100
82	1
82	5
82	6
82	10
82	11
82	12
82	14
82	15
82	17
82	19
82	20
82	21
82	22
82	24
82	25
82	26
82	27
82	29
82	31
82	37
82	38
82	43
82	45
82	46
82	48
82	50
82	51
82	52
82	54
82	55
82	56
82	58
82	59
82	60
82	62
82	63
82	64
82	67
82	68
82	69
82	71
82	72
82	74
82	75
82	76
82	77
82	79
82	80
82	81
82	82
82	84
82	85
82	91
82	92
82	95
82	97
82	98
82	100
83	1
83	4
83	6
83	7
83	8
83	9
83	10
83	11
83	12
83	13
83	15
83	17
83	19
83	20
83	22
83	23
83	24
83	25
83	26
83	27
83	29
83	35
83	36
83	37
83	38
83	39
83	40
83	42
83	44
83	45
83	48
83	49
83	51
83	52
83	53
83	54
83	55
83	57
83	58
83	62
83	63
83	64
83	66
83	69
83	72
83	74
83	75
83	78
83	79
83	80
83	81
83	82
83	83
83	84
83	87
83	88
83	89
83	91
83	92
83	93
83	94
83	95
83	99
83	100
84	3
84	4
84	5
84	6
84	8
84	13
84	15
84	17
84	18
84	20
84	21
84	22
84	23
84	29
84	30
84	31
84	32
84	37
84	38
84	39
84	40
84	43
84	45
84	47
84	49
84	50
84	53
84	54
84	55
84	57
84	59
84	61
84	63
84	64
84	66
84	67
84	69
84	70
84	71
84	72
84	73
84	75
84	76
84	77
84	78
84	81
84	82
84	84
84	85
84	86
84	87
84	91
84	93
84	94
84	100
85	2
85	3
85	4
85	6
85	7
85	10
85	11
85	14
85	17
85	18
85	19
85	20
85	22
85	23
85	24
85	25
85	27
85	29
85	30
85	31
85	33
85	36
85	37
85	38
85	39
85	41
85	45
85	46
85	47
85	50
85	52
85	53
85	56
85	57
85	58
85	59
85	64
85	65
85	66
85	68
85	69
85	70
85	72
85	73
85	75
85	76
85	77
85	79
85	80
85	83
85	88
85	89
85	91
85	93
85	94
85	95
85	96
85	97
85	99
85	100
86	1
86	2
86	3
86	4
86	5
86	8
86	9
86	10
86	11
86	13
86	14
86	15
86	16
86	19
86	20
86	21
86	22
86	23
86	24
86	27
86	29
86	31
86	33
86	34
86	36
86	37
86	38
86	41
86	45
86	47
86	48
86	49
86	50
86	51
86	52
86	54
86	55
86	57
86	58
86	61
86	62
86	63
86	64
86	66
86	67
86	68
86	71
86	72
86	73
86	74
86	76
86	77
86	78
86	79
86	80
86	81
86	82
86	83
86	84
86	85
86	86
86	90
86	91
86	92
86	93
86	95
86	96
86	97
86	98
86	100
87	1
87	2
87	4
87	6
87	7
87	9
87	11
87	12
87	14
87	15
87	17
87	18
87	19
87	22
87	23
87	26
87	28
87	29
87	32
87	33
87	34
87	35
87	36
87	38
87	39
87	42
87	44
87	47
87	48
87	49
87	50
87	51
87	52
87	56
87	60
87	62
87	63
87	65
87	66
87	67
87	69
87	70
87	71
87	72
87	73
87	74
87	75
87	76
87	77
87	78
87	80
87	81
87	82
87	84
87	85
87	86
87	87
87	89
87	90
87	94
87	96
87	97
87	99
88	2
88	3
88	4
88	5
88	9
88	11
88	12
88	14
88	15
88	16
88	17
88	19
88	20
88	21
88	25
88	26
88	27
88	28
88	29
88	31
88	34
88	35
88	36
88	38
88	39
88	42
88	43
88	44
88	45
88	47
88	48
88	49
88	50
88	51
88	54
88	56
88	58
88	59
88	60
88	61
88	64
88	65
88	67
88	68
88	70
88	71
88	72
88	73
88	78
88	81
88	82
88	83
88	84
88	85
88	86
88	87
88	88
88	89
88	90
88	91
88	93
88	95
88	96
88	97
88	98
89	1
89	2
89	3
89	4
89	5
89	7
89	9
89	11
89	12
89	13
89	15
89	16
89	17
89	18
89	19
89	21
89	25
89	27
89	29
89	32
89	34
89	35
89	36
89	37
89	38
89	41
89	43
89	46
89	47
89	48
89	49
89	51
89	53
89	54
89	57
89	62
89	64
89	65
89	66
89	67
89	68
89	69
89	70
89	71
89	72
89	73
89	74
89	76
89	77
89	78
89	79
89	81
89	82
89	83
89	84
89	85
89	86
89	87
89	91
89	92
89	93
89	94
89	95
89	96
89	97
89	98
89	99
89	100
90	1
90	2
90	3
90	4
90	5
90	7
90	8
90	9
90	10
90	12
90	16
90	18
90	19
90	20
90	22
90	27
90	28
90	29
90	30
90	31
90	32
90	34
90	35
90	36
90	39
90	40
90	41
90	42
90	43
90	44
90	45
90	49
90	50
90	52
90	54
90	56
90	57
90	60
90	63
90	67
90	69
90	70
90	72
90	73
90	75
90	76
90	77
90	78
90	79
90	81
90	82
90	83
90	84
90	85
90	86
90	87
90	90
90	92
90	95
90	98
90	99
91	1
91	2
91	3
91	5
91	6
91	7
91	12
91	13
91	14
91	15
91	17
91	18
91	23
91	24
91	26
91	28
91	29
91	30
91	31
91	32
91	33
91	34
91	39
91	40
91	45
91	46
91	48
91	50
91	51
91	52
91	53
91	56
91	57
91	58
91	59
91	60
91	66
91	67
91	68
91	69
91	70
91	72
91	73
91	75
91	77
91	78
91	79
91	80
91	81
91	82
91	83
91	86
91	89
91	90
91	91
91	94
91	96
91	97
91	98
91	99
91	100
92	1
92	3
92	5
92	6
92	8
92	10
92	11
92	12
92	13
92	14
92	15
92	18
92	19
92	20
92	22
92	24
92	25
92	27
92	28
92	31
92	33
92	34
92	35
92	36
92	37
92	38
92	39
92	40
92	41
92	42
92	43
92	44
92	45
92	46
92	48
92	52
92	53
92	54
92	55
92	56
92	58
92	61
92	62
92	63
92	65
92	66
92	67
92	68
92	69
92	70
92	71
92	73
92	74
92	75
92	76
92	77
92	78
92	79
92	81
92	82
92	83
92	85
92	86
92	87
92	88
92	91
92	92
92	93
92	94
92	95
92	96
92	97
92	99
92	100
93	1
93	2
93	3
93	4
93	7
93	8
93	9
93	10
93	11
93	12
93	14
93	15
93	17
93	18
93	19
93	21
93	22
93	23
93	24
93	25
93	26
93	27
93	29
93	30
93	31
93	33
93	35
93	36
93	38
93	39
93	40
93	41
93	42
93	43
93	44
93	45
93	53
93	56
93	57
93	58
93	59
93	60
93	61
93	62
93	64
93	65
93	67
93	72
93	74
93	76
93	77
93	78
93	79
93	80
93	83
93	84
93	85
93	87
93	88
93	89
93	90
93	91
93	92
93	93
93	94
93	95
93	97
93	98
93	100
94	1
94	2
94	3
94	4
94	5
94	7
94	9
94	11
94	12
94	13
94	14
94	16
94	17
94	19
94	20
94	22
94	23
94	24
94	25
94	28
94	30
94	31
94	32
94	34
94	35
94	37
94	39
94	41
94	42
94	43
94	44
94	47
94	48
94	51
94	52
94	53
94	55
94	57
94	59
94	60
94	62
94	65
94	69
94	70
94	71
94	72
94	74
94	75
94	76
94	78
94	79
94	81
94	82
94	85
94	86
94	87
94	88
94	89
94	90
94	93
94	97
94	99
94	100
95	2
95	4
95	7
95	9
95	10
95	12
95	14
95	15
95	16
95	17
95	21
95	22
95	25
95	26
95	27
95	30
95	31
95	32
95	35
95	36
95	37
95	38
95	40
95	42
95	43
95	44
95	45
95	46
95	48
95	50
95	51
95	52
95	54
95	56
95	60
95	62
95	63
95	64
95	65
95	66
95	67
95	68
95	69
95	71
95	72
95	73
95	74
95	76
95	77
95	78
95	79
95	81
95	83
95	85
95	87
95	88
95	89
95	91
95	92
95	94
95	97
95	98
95	99
95	100
96	1
96	3
96	6
96	9
96	10
96	11
96	13
96	15
96	16
96	17
96	20
96	21
96	22
96	23
96	24
96	25
96	27
96	29
96	34
96	35
96	36
96	37
96	38
96	39
96	40
96	41
96	42
96	44
96	45
96	46
96	48
96	50
96	51
96	52
96	53
96	54
96	55
96	56
96	57
96	59
96	64
96	65
96	66
96	67
96	69
96	71
96	72
96	73
96	74
96	77
96	78
96	79
96	80
96	81
96	82
96	83
96	85
96	86
96	87
96	88
96	89
96	92
96	93
96	95
96	96
96	97
96	98
96	100
97	1
97	2
97	3
97	4
97	6
97	8
97	9
97	11
97	13
97	15
97	17
97	18
97	19
97	21
97	22
97	25
97	27
97	28
97	29
97	32
97	33
97	37
97	38
97	40
97	42
97	44
97	45
97	50
97	53
97	56
97	57
97	58
97	59
97	61
97	62
97	63
97	64
97	66
97	68
97	70
97	71
97	74
97	77
97	79
97	80
97	82
97	83
97	84
97	85
97	88
97	89
97	90
97	91
97	93
97	94
97	95
97	96
97	97
97	99
97	100
98	1
98	2
98	3
98	5
98	6
98	8
98	10
98	11
98	12
98	13
98	14
98	16
98	17
98	19
98	20
98	23
98	24
98	29
98	31
98	32
98	33
98	36
98	37
98	39
98	41
98	42
98	45
98	46
98	47
98	48
98	49
98	51
98	52
98	55
98	57
98	58
98	59
98	61
98	62
98	63
98	64
98	65
98	66
98	67
98	68
98	72
98	73
98	74
98	76
98	77
98	79
98	80
98	81
98	83
98	84
98	87
98	88
98	91
98	95
98	96
98	97
98	98
98	99
98	100
99	2
99	4
99	6
99	7
99	10
99	11
99	12
99	14
99	17
99	18
99	19
99	20
99	21
99	22
99	24
99	30
99	31
99	32
99	33
99	34
99	36
99	37
99	40
99	41
99	42
99	56
99	57
99	63
99	65
99	66
99	67
99	69
99	70
99	71
99	72
99	73
99	74
99	75
99	76
99	77
99	79
99	80
99	82
99	83
99	89
99	90
99	91
99	92
99	93
99	95
99	96
99	100
100	1
100	3
100	6
100	8
100	10
100	12
100	16
100	17
100	19
100	20
100	25
100	26
100	27
100	28
100	29
100	30
100	31
100	32
100	33
100	34
100	35
100	36
100	37
100	38
100	39
100	40
100	42
100	44
100	46
100	48
100	49
100	50
100	51
100	53
100	54
100	56
100	57
100	58
100	59
100	60
100	61
100	62
100	63
100	64
100	69
100	70
100	72
100	73
100	74
100	76
100	77
100	79
100	81
100	82
100	84
100	86
100	87
100	89
100	93
100	94
100	95
100	96
100	97
100	99
1	101
2	101
3	101
4	101
5	101
6	101
7	101
8	101
9	101
10	101
11	101
12	101
13	101
14	101
15	101
16	101
17	101
18	101
19	101
20	101
21	101
22	101
23	101
24	101
25	101
26	101
27	101
28	101
29	101
30	101
31	101
32	101
33	101
34	101
35	101
36	101
37	101
38	101
39	101
40	101
41	101
42	101
43	101
44	101
45	101
46	101
47	101
48	101
49	101
50	101
51	101
52	101
53	101
54	101
55	101
56	101
57	101
58	101
59	101
60	101
61	101
62	101
63	101
64	101
65	101
66	101
67	101
68	101
69	101
70	101
71	101
72	101
73	101
74	101
75	101
76	101
77	101
78	101
79	101
80	101
81	101
82	101
83	101
84	101
85	101
86	101
87	101
88	101
89	101
90	101
91	101
92	101
93	101
94	101
95	101
96	101
97	101
98	101
99	101
100	101
101	101
