1	2
1	4
1	5
1	6
1	8
1	9
1	10
1	11
1	12
1	16
1	17
1	19
1	20
1	21
1	22
1	23
1	24
1	25
1	26
1	28
1	29
1	30
1	31
1	32
1	34
1	35
1	37
1	38
1	39
1	42
1	43
1	44
1	45
1	46
1	48
1	49
1	50
1	56
1	60
1	63
1	64
1	65
1	67
1	69
1	72
1	73
1	74
1	75
1	77
1	78
1	85
1	88
1	89
1	90
1	91
1	94
1	96
1	97
1	101
1	102
1	103
1	108
1	109
1	110
1	112
2	1
2	2
2	3
2	5
2	6
2	7
2	11
2	12
2	15
2	16
2	18
2	20
2	21
2	22
2	23
2	25
2	26
2	27
2	28
2	30
2	31
2	33
2	34
2	35
2	37
2	38
2	39
2	43
2	44
2	46
2	47
2	49
2	50
2	51
2	54
2	55
2	56
2	57
2	58
2	59
2	60
2	62
2	63
2	64
2	65
2	66
2	67
2	68
2	69
2	70
2	71
2	72
2	74
2	75
2	76
2	77
2	78
2	80
2	81
2	82
2	84
2	89
2	94
2	95
2	97
2	98
2	102
2	105
2	107
2	108
2	109
2	110
2	111
2	112
3	2
3	4
3	6
3	7
3	9
3	10
3	13
3	14
3	15
3	17
3	18
3	19
3	21
3	23
3	24
3	25
3	26
3	28
3	29
3	30
3	31
3	32
3	34
3	40
3	42
3	43
3	45
3	46
3	48
3	50
3	53
3	54
3	55
3	57
3	58
3	60
3	61
3	62
3	63
3	65
3	67
3	72
3	73
3	74
3	76
3	77
3	78
3	79
3	84
3	85
3	88
3	91
3	93
3	95
3	96
3	97
3	101
3	104
3	105
3	106
3	109
3	110
3	112
4	1
4	4
4	5
4	6
4	9
4	11
4	12
4	13
4	14
4	15
4	16
4	17
4	19
4	22
4	24
4	25
4	26
4	27
4	28
4	29
4	30
4	31
4	32
4	33
4	34
4	35
4	36
4	37
4	39
4	40
4	41
4	43
4	45
4	46
4	48
4	49
4	50
4	51
4	55
4	56
4	57
4	58
4	59
4	61
4	63
4	65
4	66
4	67
4	68
4	70
4	71
4	72
4	73
4	74
4	75
4	76
4	77
4	79
4	80
4	83
4	84
4	85
4	86
4	88
4	90
4	91
4	92
4	93
4	94
4	95
4	96
4	97
4	100
4	101
4	104
4	105
4	106
4	108
5	1
5	2
5	4
5	5
5	7
5	8
5	9
5	11
5	12
5	15
5	21
5	23
5	24
5	25
5	26
5	27
5	28
5	29
5	31
5	34
5	35
5	36
5	37
5	38
5	39
5	40
5	41
5	42
5	45
5	46
5	47
5	48
5	49
5	50
5	51
5	52
5	53
5	55
5	56
5	58
5	60
5	62
5	64
5	65
5	67
5	69
5	73
5	75
5	77
5	78
5	79
5	80
5	81
5	83
5	87
5	88
5	89
5	90
5	91
5	93
5	94
5	99
5	100
5	101
5	103
5	106
5	107
5	108
5	109
5	110
5	111
6	1
6	2
6	3
6	5
6	6
6	8
6	12
6	13
6	16
6	18
6	19
6	23
6	24
6	25
6	26
6	27
6	29
6	30
6	31
6	32
6	33
6	34
6	35
6	37
6	38
6	39
6	40
6	41
6	43
6	45
6	49
6	50
6	51
6	52
6	54
6	55
6	56
6	57
6	58
6	62
6	63
6	65
6	67
6	68
6	69
6	71
6	72
6	73
6	74
6	75
6	79
6	80
6	81
6	82
6	83
6	84
6	86
6	87
6	88
6	89
6	90
6	92
6	93
6	95
6	96
6	98
6	99
6	102
6	104
6	105
6	106
6	107
6	108
6	109
6	110
7	2
7	3
7	5
7	6
7	7
7	8
7	10
7	11
7	12
7	15
7	16
7	17
7	19
7	20
7	21
7	23
7	26
7	27
7	28
7	29
7	30
7	31
7	32
7	34
7	37
7	38
7	39
7	40
7	42
7	44
7	45
7	47
7	48
7	50
7	51
7	52
7	55
7	57
7	60
7	63
7	64
7	65
7	67
7	68
7	69
7	70
7	71
7	72
7	73
7	74
7	75
7	76
7	81
7	83
7	84
7	86
7	89
7	91
7	92
7	93
7	95
7	97
7	98
7	99
7	101
7	103
7	107
7	110
8	1
8	6
8	9
8	10
8	11
8	12
8	15
8	19
8	20
8	21
8	23
8	24
8	28
8	29
8	30
8	31
8	32
8	33
8	34
8	36
8	37
8	38
8	40
8	41
8	42
8	43
8	44
8	45
8	46
8	47
8	48
8	49
8	51
8	53
8	54
8	56
8	59
8	61
8	62
8	65
8	67
8	70
8	71
8	72
8	73
8	75
8	77
8	78
8	81
8	82
8	84
8	88
8	89
8	91
8	94
8	97
8	99
8	101
8	102
8	105
8	106
8	107
9	1
9	3
9	4
9	5
9	6
9	9
9	10
9	11
9	12
9	15
9	16
9	18
9	19
9	20
9	21
9	23
9	24
9	26
9	29
9	30
9	31
9	33
9	35
9	36
9	37
9	39
9	41
9	42
9	43
9	46
9	48
9	49
9	50
9	51
9	52
9	53
9	54
9	56
9	58
9	59
9	60
9	64
9	65
9	66
9	67
9	68
9	69
9	71
9	74
9	75
9	76
9	79
9	80
9	81
9	82
9	83
9	85
9	86
9	87
9	88
9	89
9	90
9	91
9	92
9	93
9	94
9	95
9	96
9	98
9	99
9	100
9	105
9	107
9	108
9	109
9	111
9	112
10	1
10	3
10	4
10	5
10	6
10	8
10	9
10	10
10	11
10	13
10	14
10	16
10	17
10	18
10	19
10	22
10	26
10	27
10	28
10	31
10	34
10	35
10	37
10	39
10	40
10	42
10	45
10	48
10	49
10	50
10	51
10	54
10	55
10	56
10	57
10	58
10	59
10	60
10	64
10	67
10	68
10	70
10	73
10	75
10	76
10	78
10	79
10	80
10	83
10	84
10	85
10	89
10	90
10	91
10	92
10	93
10	95
10	96
10	97
10	98
10	100
10	101
10	102
10	104
10	105
10	106
10	110
10	111
10	112
11	2
11	5
11	6
11	7
11	8
11	9
11	10
11	12
11	17
11	19
11	21
11	22
11	24
11	25
11	27
11	28
11	30
11	33
11	34
11	37
11	38
11	40
11	45
11	46
11	47
11	48
11	49
11	50
11	51
11	52
11	55
11	56
11	57
11	58
11	60
11	61
11	63
11	66
11	67
11	68
11	69
11	70
11	71
11	72
11	74
11	75
11	77
11	79
11	80
11	84
11	85
11	86
11	87
11	89
11	90
11	92
11	93
11	94
11	96
11	97
11	100
11	101
11	104
11	105
11	106
11	110
12	1
12	2
12	3
12	4
12	6
12	7
12	9
12	11
12	12
12	13
12	14
12	16
12	17
12	18
12	20
12	21
12	23
12	24
12	25
12	26
12	28
12	29
12	30
12	31
12	32
12	34
12	39
12	40
12	41
12	43
12	45
12	46
12	48
12	49
12	50
12	52
12	53
12	54
12	55
12	56
12	57
12	61
12	63
12	64
12	65
12	68
12	69
12	70
12	71
12	72
12	73
12	76
12	77
12	78
12	81
12	83
12	84
12	85
12	88
12	89
12	90
12	91
12	93
12	94
12	95
12	98
12	99
12	101
12	102
12	104
12	105
12	106
12	108
12	109
12	110
12	111
12	112
13	1
13	2
13	4
13	6
13	8
13	9
13	10
13	12
13	13
13	14
13	15
13	17
13	18
13	19
13	20
13	21
13	22
13	24
13	27
13	28
13	29
13	32
13	33
13	35
13	36
13	39
13	40
13	41
13	43
13	44
13	46
13	47
13	51
13	54
13	55
13	57
13	59
13	61
13	62
13	64
13	65
13	66
13	67
13	69
13	74
13	76
13	77
13	80
13	81
13	84
13	85
13	87
13	90
13	92
13	93
13	94
13	95
13	96
13	97
13	98
13	99
13	100
13	102
13	104
13	106
13	107
13	109
13	110
13	111
13	112
14	1
14	2
14	3
14	5
14	7
14	8
14	9
14	10
14	12
14	13
14	14
14	15
14	16
14	17
14	18
14	19
14	20
14	21
14	24
14	28
14	29
14	30
14	31
14	32
14	36
14	39
14	40
14	41
14	42
14	43
14	44
14	45
14	47
14	49
14	53
14	56
14	58
14	59
14	61
14	63
14	64
14	65
14	69
14	70
14	71
14	72
14	73
14	76
14	77
14	79
14	80
14	83
14	84
14	85
14	87
14	88
14	89
14	90
14	91
14	93
14	94
14	95
14	97
14	100
14	102
14	104
14	106
14	107
14	111
14	112
15	1
15	2
15	3
15	6
15	8
15	9
15	10
15	11
15	12
15	13
15	17
15	19
15	20
15	22
15	23
15	28
15	30
15	31
15	32
15	34
15	35
15	36
15	37
15	40
15	41
15	42
15	43
15	45
15	46
15	47
15	49
15	50
15	51
15	52
15	54
15	55
15	56
15	57
15	58
15	59
15	60
15	62
15	64
15	65
15	66
15	67
15	68
15	71
15	72
15	74
15	75
15	76
15	79
15	81
15	82
15	83
15	84
15	85
15	87
15	88
15	89
15	94
15	95
15	96
15	97
15	98
15	99
15	100
15	102
15	104
15	105
15	110
15	111
15	112
16	1
16	2
16	3
16	4
16	5
16	7
16	8
16	9
16	12
16	13
16	14
16	15
16	16
16	18
16	20
16	21
16	22
16	23
16	24
16	26
16	28
16	29
16	31
16	33
16	36
16	37
16	38
16	39
16	40
16	42
16	43
16	44
16	45
16	48
16	50
16	51
16	54
16	56
16	57
16	58
16	59
16	60
16	61
16	62
16	66
16	69
16	70
16	71
16	72
16	74
16	75
16	77
16	79
16	81
16	82
16	83
16	85
16	86
16	87
16	88
16	89
16	91
16	93
16	94
16	96
16	98
16	101
16	105
16	106
16	107
16	111
16	112
17	1
17	4
17	5
17	6
17	7
17	10
17	12
17	13
17	14
17	15
17	16
17	17
17	18
17	19
17	22
17	24
17	28
17	29
17	32
17	35
17	36
17	38
17	39
17	41
17	42
17	45
17	46
17	48
17	49
17	52
17	54
17	55
17	56
17	58
17	59
17	61
17	62
17	63
17	66
17	67
17	70
17	72
17	73
17	74
17	75
17	79
17	80
17	81
17	82
17	83
17	84
17	85
17	86
17	88
17	89
17	90
17	91
17	93
17	94
17	95
17	97
17	98
17	100
17	101
17	103
17	107
17	108
17	110
17	112
18	4
18	5
18	7
18	10
18	11
18	12
18	13
18	14
18	15
18	18
18	19
18	20
18	21
18	24
18	27
18	28
18	29
18	32
18	33
18	34
18	38
18	39
18	41
18	42
18	44
18	46
18	47
18	49
18	52
18	53
18	55
18	56
18	61
18	62
18	64
18	66
18	67
18	68
18	70
18	71
18	72
18	73
18	74
18	75
18	76
18	77
18	78
18	79
18	82
18	84
18	85
18	86
18	87
18	89
18	91
18	92
18	93
18	96
18	97
18	98
18	100
18	101
18	102
18	104
18	105
18	106
18	107
18	109
18	111
18	112
19	4
19	5
19	6
19	8
19	9
19	11
19	12
19	14
19	15
19	16
19	17
19	18
19	19
19	22
19	24
19	25
19	26
19	27
19	28
19	29
19	30
19	31
19	32
19	33
19	34
19	36
19	38
19	39
19	40
19	41
19	44
19	46
19	49
19	51
19	55
19	56
19	57
19	59
19	60
19	61
19	62
19	64
19	65
19	66
19	67
19	68
19	69
19	71
19	72
19	73
19	75
19	78
19	79
19	80
19	82
19	84
19	86
19	87
19	89
19	90
19	91
19	93
19	94
19	97
19	98
19	99
19	100
19	101
19	102
19	104
19	105
19	106
19	107
19	109
19	110
19	111
19	112
20	2
20	3
20	4
20	5
20	6
20	7
20	8
20	9
20	15
20	16
20	18
20	20
20	23
20	24
20	27
20	30
20	31
20	32
20	34
20	35
20	36
20	37
20	40
20	41
20	42
20	43
20	44
20	45
20	46
20	49
20	50
20	54
20	55
20	57
20	58
20	59
20	60
20	62
20	63
20	64
20	66
20	67
20	68
20	70
20	71
20	73
20	74
20	76
20	78
20	83
20	84
20	85
20	86
20	88
20	90
20	91
20	92
20	94
20	95
20	96
20	97
20	98
20	99
20	100
20	101
20	102
20	103
20	105
20	106
20	107
20	108
20	109
21	1
21	2
21	5
21	6
21	8
21	9
21	10
21	11
21	12
21	13
21	14
21	15
21	18
21	20
21	21
21	22
21	23
21	24
21	26
21	28
21	29
21	32
21	33
21	34
21	36
21	37
21	38
21	40
21	42
21	43
21	45
21	46
21	48
21	51
21	52
21	53
21	54
21	55
21	57
21	59
21	60
21	65
21	66
21	67
21	70
21	73
21	74
21	77
21	78
21	79
21	82
21	83
21	84
21	85
21	86
21	88
21	89
21	91
21	92
21	97
21	99
21	100
21	101
21	102
21	103
21	105
21	106
21	107
21	109
21	110
21	111
22	2
22	3
22	4
22	7
22	8
22	10
22	12
22	18
22	21
22	23
22	24
22	25
22	26
22	28
22	29
22	31
22	32
22	33
22	35
22	36
22	39
22	44
22	46
22	47
22	48
22	50
22	55
22	56
22	63
22	64
22	67
22	68
22	69
22	71
22	72
22	73
22	74
22	79
22	81
22	83
22	84
22	85
22	86
22	87
22	88
22	91
22	93
22	94
22	95
22	96
22	100
22	102
22	104
22	106
22	108
22	110
22	112
23	3
23	6
23	7
23	8
23	10
23	14
23	18
23	19
23	20
23	21
23	23
23	24
23	25
23	26
23	27
23	28
23	31
23	33
23	36
23	37
23	38
23	41
23	42
23	43
23	44
23	45
23	46
23	47
23	48
23	49
23	50
23	51
23	52
23	54
23	56
23	57
23	59
23	60
23	63
23	67
23	69
23	70
23	71
23	72
23	73
23	75
23	76
23	77
23	79
23	80
23	81
23	82
23	83
23	84
23	87
23	90
23	91
23	94
23	95
23	96
23	97
23	98
23	99
23	100
23	102
23	105
23	106
23	107
23	109
23	110
23	111
24	1
24	2
24	3
24	4
24	8
24	9
24	10
24	11
24	12
24	13
24	17
24	18
24	19
24	20
24	22
24	24
24	25
24	26
24	27
24	28
24	29
24	30
24	31
24	32
24	33
24	34
24	35
24	37
24	38
24	39
24	40
24	42
24	44
24	46
24	47
24	48
24	49
24	50
24	51
24	52
24	54
24	56
24	57
24	58
24	59
24	60
24	61
24	62
24	64
24	65
24	68
24	69
24	70
24	73
24	75
24	76
24	78
24	80
24	82
24	86
24	87
24	90
24	91
24	92
24	93
24	94
24	95
24	96
24	97
24	98
24	100
24	101
24	103
24	104
24	106
24	107
24	108
24	109
24	110
24	111
25	4
25	5
25	7
25	8
25	9
25	10
25	12
25	13
25	16
25	17
25	18
25	19
25	20
25	22
25	23
25	24
25	25
25	26
25	28
25	29
25	30
25	32
25	33
25	35
25	36
25	39
25	42
25	44
25	45
25	46
25	47
25	48
25	49
25	50
25	52
25	54
25	55
25	57
25	59
25	60
25	62
25	63
25	64
25	66
25	67
25	69
25	70
25	71
25	72
25	73
25	74
25	75
25	77
25	79
25	80
25	82
25	83
25	84
25	86
25	87
25	88
25	90
25	92
25	93
25	94
25	95
25	96
25	98
25	100
25	102
25	103
25	104
25	105
25	106
25	107
25	109
25	110
25	112
26	1
26	2
26	3
26	8
26	9
26	10
26	14
26	17
26	18
26	20
26	22
26	23
26	24
26	26
26	28
26	29
26	30
26	31
26	33
26	34
26	36
26	38
26	39
26	40
26	41
26	42
26	44
26	45
26	46
26	48
26	49
26	52
26	54
26	55
26	57
26	58
26	59
26	60
26	61
26	62
26	63
26	64
26	65
26	66
26	67
26	69
26	70
26	71
26	72
26	78
26	79
26	80
26	81
26	82
26	83
26	84
26	85
26	87
26	88
26	89
26	90
26	91
26	92
26	93
26	94
26	95
26	96
26	97
26	99
26	100
26	101
26	103
26	104
26	105
26	106
26	107
26	109
26	110
26	112
27	2
27	3
27	4
27	6
27	7
27	8
27	10
27	11
27	12
27	13
27	14
27	15
27	18
27	19
27	20
27	22
27	23
27	24
27	26
27	28
27	29
27	33
27	34
27	36
27	37
27	38
27	39
27	40
27	41
27	42
27	43
27	44
27	47
27	48
27	50
27	51
27	54
27	55
27	56
27	59
27	60
27	61
27	62
27	63
27	64
27	65
27	66
27	69
27	70
27	71
27	72
27	74
27	75
27	76
27	77
27	78
27	81
27	82
27	84
27	85
27	87
27	88
27	89
27	90
27	91
27	93
27	94
27	95
27	96
27	97
27	98
27	99
27	101
27	103
27	105
27	108
27	109
27	111
27	112
28	1
28	4
28	5
28	6
28	7
28	8
28	9
28	12
28	15
28	18
28	19
28	20
28	23
28	25
28	27
28	28
28	29
28	33
28	34
28	36
28	38
28	40
28	41
28	42
28	43
28	45
28	47
28	48
28	49
28	51
28	52
28	53
28	55
28	56
28	57
28	59
28	60
28	61
28	62
28	65
28	66
28	68
28	74
28	76
28	78
28	79
28	84
28	86
28	88
28	90
28	91
28	92
28	93
28	94
28	96
28	98
28	100
28	101
28	103
28	104
28	105
28	108
28	110
28	112
29	2
29	3
29	5
29	7
29	8
29	9
29	11
29	12
29	13
29	14
29	18
29	20
29	23
29	25
29	27
29	29
29	31
29	32
29	37
29	39
29	41
29	42
29	44
29	45
29	47
29	48
29	51
29	52
29	53
29	54
29	55
29	58
29	60
29	61
29	63
29	65
29	68
29	69
29	71
29	73
29	75
29	76
29	78
29	79
29	80
29	81
29	86
29	87
29	88
29	89
29	90
29	91
29	92
29	93
29	95
29	96
29	97
29	98
29	99
29	101
29	102
29	103
29	105
29	106
29	107
29	109
29	110
29	112
30	1
30	4
30	5
30	7
30	8
30	9
30	10
30	11
30	15
30	16
30	17
30	18
30	19
30	20
30	21
30	24
30	25
30	27
30	28
30	30
30	31
30	32
30	34
30	36
30	39
30	41
30	43
30	44
30	47
30	48
30	50
30	53
30	55
30	58
30	59
30	61
30	62
30	63
30	66
30	67
30	68
30	69
30	70
30	71
30	72
30	74
30	75
30	78
30	80
30	82
30	83
30	85
30	87
30	88
30	90
30	92
30	94
30	96
30	97
30	98
30	99
30	102
30	105
30	107
30	108
30	109
30	112
31	1
31	4
31	5
31	6
31	7
31	8
31	9
31	11
31	13
31	16
31	17
31	18
31	19
31	20
31	21
31	22
31	23
31	24
31	27
31	35
31	36
31	38
31	41
31	42
31	43
31	47
31	48
31	49
31	51
31	54
31	55
31	56
31	57
31	59
31	60
31	61
31	62
31	64
31	65
31	66
31	67
31	69
31	70
31	71
31	72
31	73
31	75
31	78
31	80
31	81
31	82
31	83
31	86
31	87
31	91
31	93
31	94
31	97
31	99
31	100
31	102
31	103
31	105
31	106
31	107
31	110
32	1
32	2
32	5
32	6
32	7
32	8
32	10
32	11
32	12
32	13
32	14
32	16
32	17
32	19
32	20
32	27
32	28
32	29
32	30
32	31
32	34
32	35
32	36
32	37
32	38
32	39
32	40
32	42
32	43
32	45
32	46
32	47
32	48
32	49
32	50
32	51
32	52
32	53
32	54
32	57
32	59
32	62
32	63
32	64
32	65
32	66
32	67
32	68
32	70
32	72
32	73
32	74
32	76
32	82
32	83
32	84
32	85
32	86
32	87
32	89
32	90
32	91
32	92
32	94
32	95
32	96
32	98
32	99
32	101
32	102
32	103
32	104
32	106
32	110
33	1
33	2
33	6
33	7
33	8
33	11
33	12
33	13
33	14
33	16
33	20
33	21
33	25
33	26
33	27
33	28
33	29
33	30
33	31
33	34
33	35
33	36
33	37
33	38
33	40
33	42
33	45
33	46
33	47
33	48
33	49
33	56
33	57
33	60
33	61
33	62
33	65
33	66
33	67
33	68
33	70
33	71
33	72
33	73
33	75
33	76
33	77
33	78
33	81
33	82
33	84
33	86
33	87
33	92
33	93
33	94
33	97
33	98
33	99
33	103
33	104
33	105
33	106
33	107
33	108
33	110
33	111
33	112
34	2
34	3
34	5
34	7
34	9
34	10
34	12
34	14
34	15
34	19
34	20
34	21
34	24
34	28
34	30
34	32
34	33
34	34
34	35
34	36
34	37
34	38
34	39
34	40
34	41
34	42
34	43
34	45
34	46
34	49
34	51
34	52
34	54
34	55
34	56
34	57
34	58
34	59
34	60
34	65
34	67
34	68
34	69
34	70
34	71
34	72
34	73
34	75
34	76
34	77
34	82
34	83
34	84
34	85
34	87
34	88
34	89
34	93
34	96
34	97
34	100
34	101
34	102
34	104
34	105
34	106
34	108
34	110
34	112
35	1
35	2
35	3
35	5
35	7
35	9
35	10
35	11
35	12
35	13
35	14
35	15
35	16
35	17
35	18
35	19
35	20
35	23
35	24
35	25
35	26
35	29
35	31
35	33
35	35
35	42
35	45
35	46
35	47
35	48
35	49
35	50
35	51
35	53
35	54
35	56
35	57
35	65
35	66
35	68
35	69
35	70
35	71
35	72
35	73
35	75
35	76
35	80
35	81
35	83
35	85
35	87
35	89
35	90
35	91
35	93
35	94
35	95
35	97
35	98
35	99
35	101
35	102
35	103
35	105
35	106
35	107
35	109
35	111
36	2
36	4
36	5
36	7
36	10
36	11
36	12
36	13
36	15
36	17
36	18
36	19
36	20
36	21
36	22
36	25
36	26
36	30
36	33
36	34
36	36
36	39
36	41
36	42
36	43
36	44
36	46
36	51
36	52
36	53
36	55
36	56
36	57
36	58
36	59
36	60
36	62
36	63
36	64
36	65
36	67
36	68
36	69
36	70
36	71
36	73
36	74
36	75
36	76
36	80
36	81
36	83
36	85
36	88
36	89
36	91
36	92
36	93
36	97
36	98
36	100
36	101
36	102
36	103
36	104
36	105
36	107
36	108
36	109
36	112
37	2
37	5
37	7
37	8
37	9
37	10
37	12
37	13
37	14
37	17
37	19
37	22
37	25
37	26
37	27
37	29
37	30
37	31
37	33
37	34
37	35
37	41
37	43
37	45
37	50
37	51
37	54
37	55
37	57
37	58
37	59
37	60
37	62
37	63
37	64
37	65
37	66
37	68
37	69
37	72
37	73
37	76
37	77
37	78
37	83
37	85
37	86
37	87
37	88
37	90
37	92
37	93
37	94
37	95
37	96
37	97
37	98
37	100
37	102
37	103
37	104
37	107
37	108
37	109
37	110
37	111
38	1
38	4
38	6
38	9
38	10
38	11
38	12
38	14
38	15
38	16
38	17
38	18
38	19
38	20
38	21
38	22
38	23
38	24
38	25
38	26
38	27
38	30
38	33
38	35
38	36
38	37
38	38
38	40
38	41
38	42
38	43
38	45
38	46
38	48
38	50
38	53
38	54
38	55
38	56
38	57
38	59
38	60
38	61
38	62
38	65
38	66
38	68
38	72
38	75
38	76
38	77
38	78
38	82
38	85
38	87
38	88
38	90
38	93
38	94
38	96
38	98
38	99
38	100
38	103
38	104
38	106
38	107
38	110
39	2
39	4
39	5
39	6
39	7
39	8
39	10
39	11
39	13
39	14
39	18
39	23
39	25
39	26
39	27
39	28
39	29
39	30
39	31
39	32
39	33
39	34
39	35
39	37
39	38
39	39
39	40
39	41
39	45
39	46
39	47
39	48
39	52
39	53
39	55
39	56
39	57
39	58
39	61
39	62
39	65
39	68
39	69
39	70
39	71
39	74
39	75
39	76
39	77
39	78
39	79
39	81
39	84
39	85
39	86
39	87
39	88
39	92
39	93
39	94
39	95
39	97
39	99
39	100
39	101
39	102
39	103
39	104
39	106
39	107
39	110
39	111
39	112
40	1
40	2
40	3
40	4
40	5
40	8
40	9
40	10
40	11
40	12
40	13
40	15
40	17
40	18
40	19
40	20
40	21
40	22
40	23
40	24
40	27
40	28
40	29
40	30
40	32
40	33
40	34
40	35
40	36
40	39
40	40
40	41
40	42
40	44
40	45
40	46
40	47
40	48
40	49
40	52
40	54
40	55
40	58
40	60
40	61
40	65
40	68
40	70
40	71
40	73
40	74
40	75
40	76
40	78
40	79
40	80
40	83
40	84
40	86
40	90
40	92
40	93
40	94
40	95
40	97
40	98
40	99
40	101
40	104
40	105
40	106
40	108
40	109
40	110
40	111
41	1
41	2
41	3
41	4
41	6
41	7
41	8
41	9
41	10
41	11
41	15
41	16
41	18
41	19
41	20
41	21
41	24
41	27
41	28
41	29
41	30
41	31
41	36
41	37
41	38
41	39
41	40
41	41
41	42
41	44
41	46
41	47
41	48
41	49
41	53
41	54
41	55
41	56
41	58
41	59
41	60
41	62
41	63
41	64
41	67
41	69
41	70
41	71
41	73
41	74
41	75
41	77
41	78
41	80
41	82
41	84
41	85
41	88
41	89
41	90
41	92
41	93
41	94
41	96
41	98
41	99
41	100
41	102
41	103
41	104
41	105
41	106
41	108
41	109
41	111
41	112
42	2
42	3
42	4
42	5
42	7
42	8
42	10
42	14
42	15
42	16
42	18
42	21
42	22
42	23
42	24
42	25
42	26
42	27
42	30
42	31
42	32
42	34
42	35
42	37
42	39
42	40
42	42
42	43
42	44
42	47
42	49
42	51
42	52
42	53
42	54
42	55
42	56
42	57
42	60
42	62
42	64
42	65
42	66
42	70
42	71
42	73
42	74
42	75
42	76
42	77
42	79
42	81
42	82
42	83
42	84
42	85
42	86
42	88
42	90
42	94
42	95
42	96
42	98
42	99
42	100
42	101
42	102
42	103
42	104
42	106
42	108
42	110
42	111
42	112
43	1
43	3
43	5
43	7
43	11
43	13
43	14
43	15
43	19
43	20
43	22
43	23
43	27
43	28
43	29
43	35
43	37
43	38
43	39
43	40
43	44
43	47
43	48
43	49
43	51
43	52
43	54
43	55
43	60
43	61
43	62
43	65
43	67
43	69
43	70
43	72
43	73
43	75
43	76
43	77
43	81
43	82
43	83
43	84
43	86
43	88
43	89
43	90
43	93
43	94
43	95
43	96
43	97
43	99
43	100
43	101
43	104
43	106
43	108
43	109
43	112
44	1
44	2
44	3
44	4
44	5
44	7
44	8
44	9
44	11
44	15
44	16
44	17
44	19
44	20
44	23
44	24
44	25
44	26
44	27
44	28
44	29
44	31
44	32
44	33
44	34
44	35
44	36
44	37
44	39
44	41
44	42
44	43
44	44
44	46
44	47
44	48
44	50
44	51
44	52
44	53
44	54
44	59
44	60
44	61
44	62
44	63
44	67
44	68
44	71
44	72
44	73
44	74
44	77
44	80
44	81
44	82
44	83
44	84
44	85
44	87
44	88
44	90
44	92
44	93
44	94
44	95
44	96
44	97
44	98
44	99
44	100
44	101
44	102
44	103
44	104
44	105
44	107
44	108
44	111
45	3
45	6
45	7
45	8
45	9
45	11
45	14
45	16
45	17
45	20
45	21
45	24
45	25
45	26
45	28
45	31
45	35
45	36
45	39
45	40
45	41
45	43
45	44
45	45
45	46
45	48
45	49
45	50
45	51
45	54
45	56
45	57
45	58
45	59
45	60
45	62
45	64
45	65
45	66
45	67
45	70
45	72
45	75
45	76
45	77
45	78
45	79
45	80
45	82
45	83
45	84
45	85
45	86
45	88
45	89
45	92
45	93
45	96
45	98
45	100
45	101
45	102
45	103
45	104
45	106
45	107
45	108
45	109
45	110
45	112
46	1
46	2
46	4
46	6
46	7
46	8
46	10
46	12
46	16
46	17
46	18
46	19
46	20
46	22
46	23
46	24
46	25
46	26
46	27
46	28
46	29
46	30
46	31
46	32
46	36
46	38
46	39
46	43
46	44
46	45
46	46
46	48
46	55
46	56
46	57
46	58
46	59
46	60
46	61
46	63
46	64
46	67
46	68
46	71
46	72
46	76
46	77
46	78
46	79
46	80
46	81
46	83
46	84
46	86
46	88
46	91
46	92
46	93
46	95
46	97
46	100
46	101
46	102
46	105
46	106
46	110
47	2
47	4
47	5
47	6
47	9
47	12
47	13
47	14
47	15
47	16
47	17
47	19
47	21
47	25
47	28
47	31
47	32
47	34
47	36
47	38
47	39
47	40
47	42
47	43
47	44
47	46
47	47
47	48
47	50
47	51
47	52
47	53
47	54
47	55
47	56
47	58
47	59
47	60
47	62
47	63
47	64
47	65
47	66
47	67
47	68
47	69
47	70
47	73
47	76
47	77
47	78
47	79
47	82
47	84
47	85
47	86
47	87
47	89
47	90
47	93
47	94
47	95
47	96
47	97
47	99
47	100
47	101
47	103
47	104
47	105
47	106
47	107
47	108
47	112
48	1
48	3
48	4
48	6
48	7
48	8
48	10
48	11
48	12
48	14
48	15
48	18
48	19
48	22
48	23
48	24
48	25
48	26
48	27
48	28
48	29
48	31
48	33
48	34
48	35
48	36
48	37
48	40
48	42
48	43
48	44
48	45
48	46
48	47
48	48
48	50
48	51
48	52
48	53
48	54
48	57
48	58
48	59
48	60
48	61
48	62
48	65
48	66
48	69
48	72
48	73
48	74
48	75
48	76
48	77
48	78
48	80
48	81
48	82
48	84
48	86
48	87
48	88
48	89
48	90
48	91
48	93
48	94
48	95
48	96
48	97
48	98
48	99
48	100
48	102
48	103
48	104
48	106
48	108
48	109
48	110
48	111
48	112
49	1
49	3
49	4
49	5
49	6
49	8
49	9
49	10
49	12
49	13
49	14
49	15
49	16
49	20
49	22
49	23
49	24
49	26
49	32
49	33
49	34
49	35
49	37
49	38
49	41
49	43
49	45
49	46
49	49
49	50
49	52
49	53
49	56
49	57
49	58
49	60
49	61
49	62
49	64
49	65
49	66
49	67
49	69
49	70
49	71
49	74
49	75
49	76
49	77
49	78
49	81
49	82
49	85
49	86
49	89
49	90
49	92
49	94
49	95
49	96
49	97
49	98
49	99
49	100
49	101
49	102
49	103
49	104
49	105
49	106
49	110
49	111
50	1
50	3
50	5
50	8
50	11
50	12
50	14
50	16
50	18
50	22
50	23
50	25
50	26
50	27
50	29
50	31
50	32
50	34
50	35
50	38
50	41
50	43
50	44
50	45
50	46
50	47
50	48
50	49
50	50
50	51
50	52
50	53
50	54
50	55
50	57
50	59
50	60
50	64
50	65
50	67
50	68
50	69
50	72
50	73
50	74
50	75
50	76
50	79
50	80
50	81
50	83
50	84
50	86
50	88
50	89
50	90
50	92
50	93
50	94
50	95
50	96
50	97
50	100
50	102
50	103
50	104
50	105
50	108
50	109
50	110
50	111
50	112
51	1
51	2
51	3
51	4
51	5
51	6
51	7
51	8
51	11
51	13
51	14
51	15
51	17
51	19
51	20
51	22
51	24
51	25
51	27
51	29
51	30
51	31
51	32
51	33
51	34
51	35
51	36
51	37
51	38
51	39
51	41
51	42
51	43
51	45
51	46
51	48
51	49
51	53
51	54
51	55
51	56
51	58
51	60
51	61
51	63
51	65
51	67
51	68
51	69
51	70
51	71
51	74
51	76
51	77
51	78
51	80
51	81
51	82
51	83
51	84
51	86
51	87
51	88
51	90
51	91
51	92
51	93
51	95
51	96
51	97
51	98
51	100
51	101
51	102
51	103
51	104
51	106
51	108
51	110
51	111
51	112
52	1
52	2
52	4
52	6
52	8
52	9
52	11
52	12
52	14
52	15
52	17
52	18
52	19
52	20
52	21
52	22
52	23
52	24
52	25
52	26
52	28
52	29
52	30
52	31
52	32
52	33
52	35
52	36
52	39
52	40
52	41
52	42
52	43
52	44
52	45
52	46
52	47
52	51
52	53
52	54
52	56
52	58
52	59
52	60
52	61
52	62
52	64
52	65
52	66
52	69
52	72
52	74
52	75
52	76
52	78
52	80
52	82
52	83
52	84
52	85
52	87
52	88
52	89
52	90
52	92
52	96
52	99
52	101
52	102
52	104
52	106
52	110
53	1
53	2
53	3
53	4
53	5
53	6
53	8
53	9
53	10
53	12
53	14
53	15
53	16
53	17
53	20
53	21
53	22
53	23
53	24
53	26
53	28
53	29
53	30
53	31
53	32
53	33
53	34
53	35
53	36
53	38
53	40
53	42
53	43
53	49
53	50
53	52
53	53
53	54
53	58
53	59
53	60
53	62
53	63
53	64
53	67
53	68
53	69
53	70
53	72
53	73
53	78
53	81
53	82
53	83
53	85
53	86
53	88
53	90
53	92
53	94
53	95
53	97
53	100
53	103
53	105
53	106
53	107
53	108
53	109
53	111
54	1
54	3
54	4
54	5
54	6
54	7
54	8
54	9
54	10
54	11
54	12
54	14
54	18
54	19
54	20
54	23
54	24
54	25
54	26
54	27
54	30
54	32
54	34
54	36
54	37
54	39
54	41
54	42
54	47
54	48
54	49
54	50
54	52
54	53
54	54
54	56
54	57
54	58
54	59
54	60
54	62
54	63
54	65
54	67
54	70
54	71
54	73
54	76
54	77
54	78
54	79
54	80
54	81
54	82
54	84
54	85
54	88
54	89
54	90
54	91
54	92
54	93
54	94
54	95
54	96
54	99
54	100
54	101
54	102
54	104
54	106
54	107
54	108
54	109
54	112
55	2
55	4
55	5
55	6
55	7
55	10
55	11
55	13
55	15
55	16
55	20
55	22
55	23
55	25
55	26
55	27
55	28
55	32
55	33
55	36
55	37
55	39
55	40
55	41
55	42
55	44
55	45
55	48
55	50
55	51
55	54
55	56
55	57
55	59
55	62
55	67
55	68
55	70
55	71
55	74
55	75
55	77
55	82
55	84
55	85
55	88
55	91
55	93
55	94
55	97
55	99
55	100
55	101
55	103
55	104
55	106
55	108
55	110
55	111
55	112
56	1
56	2
56	3
56	4
56	5
56	6
56	7
56	10
56	13
56	14
56	17
56	18
56	19
56	21
56	22
56	23
56	24
56	26
56	27
56	28
56	31
56	32
56	33
56	34
56	37
56	38
56	39
56	41
56	42
56	43
56	44
56	45
56	47
56	53
56	56
56	57
56	59
56	60
56	61
56	62
56	65
56	67
56	69
56	70
56	71
56	73
56	76
56	77
56	78
56	79
56	82
56	83
56	84
56	86
56	88
56	93
56	94
56	96
56	98
56	99
56	100
56	101
56	102
56	106
56	108
56	109
56	110
57	2
57	4
57	6
57	7
57	8
57	9
57	11
57	12
57	15
57	16
57	17
57	18
57	19
57	20
57	21
57	22
57	25
57	29
57	30
57	31
57	32
57	34
57	39
57	40
57	41
57	43
57	44
57	45
57	47
57	48
57	49
57	50
57	52
57	53
57	55
57	58
57	60
57	61
57	62
57	63
57	64
57	65
57	66
57	67
57	68
57	70
57	71
57	72
57	75
57	76
57	77
57	78
57	81
57	82
57	86
57	87
57	89
57	90
57	92
57	93
57	94
57	95
57	97
57	99
57	100
57	102
57	104
57	105
57	106
57	108
57	109
57	110
57	111
57	112
58	2
58	3
58	4
58	6
58	7
58	8
58	9
58	10
58	11
58	12
58	13
58	14
58	15
58	16
58	18
58	21
58	22
58	25
58	27
58	29
58	30
58	32
58	33
58	34
58	35
58	38
58	39
58	41
58	42
58	43
58	46
58	47
58	48
58	49
58	50
58	51
58	52
58	54
58	55
58	56
58	59
58	60
58	61
58	63
58	64
58	65
58	66
58	70
58	71
58	73
58	76
58	77
58	78
58	79
58	82
58	83
58	85
58	89
58	92
58	93
58	95
58	96
58	97
58	98
58	99
58	103
58	105
58	106
58	107
58	109
58	110
58	111
58	112
59	1
59	4
59	5
59	7
59	8
59	11
59	13
59	14
59	16
59	17
59	18
59	19
59	21
59	23
59	24
59	25
59	26
59	27
59	28
59	29
59	32
59	33
59	34
59	35
59	36
59	39
59	42
59	44
59	45
59	47
59	48
59	49
59	50
59	52
59	53
59	54
59	55
59	56
59	57
59	58
59	59
59	60
59	61
59	62
59	63
59	64
59	65
59	66
59	67
59	69
59	72
59	76
59	78
59	79
59	81
59	86
59	89
59	91
59	93
59	94
59	95
59	96
59	97
59	98
59	99
59	100
59	101
59	102
59	103
59	106
59	110
59	111
59	112
60	1
60	3
60	5
60	6
60	7
60	8
60	11
60	12
60	13
60	14
60	16
60	17
60	18
60	19
60	22
60	23
60	25
60	26
60	27
60	30
60	31
60	32
60	34
60	35
60	36
60	37
60	38
60	40
60	41
60	42
60	43
60	45
60	54
60	55
60	58
60	59
60	60
60	61
60	62
60	63
60	64
60	65
60	66
60	67
60	69
60	70
60	71
60	72
60	73
60	74
60	75
60	76
60	79
60	84
60	85
60	87
60	88
60	89
60	90
60	91
60	93
60	94
60	95
60	97
60	98
60	99
60	101
60	103
60	104
60	105
60	106
60	108
60	109
60	111
60	112
61	1
61	3
61	4
61	5
61	6
61	7
61	8
61	9
61	10
61	13
61	15
61	16
61	17
61	18
61	19
61	20
61	22
61	23
61	27
61	30
61	33
61	34
61	35
61	36
61	37
61	38
61	39
61	40
61	41
61	44
61	45
61	46
61	47
61	48
61	49
61	50
61	52
61	53
61	54
61	55
61	56
61	57
61	60
61	61
61	62
61	65
61	68
61	70
61	73
61	75
61	76
61	79
61	80
61	83
61	86
61	87
61	88
61	89
61	90
61	91
61	93
61	94
61	95
61	96
61	98
61	99
61	102
61	104
61	106
61	109
61	110
61	111
61	112
62	1
62	2
62	3
62	4
62	6
62	7
62	9
62	11
62	15
62	17
62	18
62	21
62	22
62	23
62	25
62	27
62	29
62	31
62	33
62	34
62	35
62	36
62	37
62	38
62	39
62	40
62	41
62	42
62	43
62	44
62	45
62	46
62	47
62	50
62	53
62	54
62	55
62	56
62	59
62	60
62	61
62	64
62	65
62	67
62	70
62	71
62	75
62	76
62	78
62	79
62	80
62	81
62	82
62	84
62	85
62	86
62	87
62	89
62	90
62	91
62	93
62	97
62	98
62	100
62	101
62	102
62	104
62	105
62	106
62	107
62	108
62	109
62	110
63	1
63	2
63	3
63	4
63	5
63	7
63	9
63	11
63	12
63	14
63	15
63	16
63	17
63	18
63	20
63	22
63	23
63	24
63	25
63	28
63	29
63	30
63	33
63	34
63	36
63	37
63	38
63	39
63	40
63	41
63	43
63	44
63	45
63	46
63	48
63	49
63	52
63	53
63	54
63	55
63	57
63	58
63	59
63	60
63	61
63	62
63	64
63	65
63	66
63	67
63	68
63	69
63	70
63	71
63	73
63	74
63	77
63	80
63	81
63	82
63	85
63	86
63	89
63	91
63	92
63	96
63	97
63	98
63	99
63	101
63	102
63	104
63	105
63	106
63	107
63	108
63	109
64	4
64	5
64	6
64	7
64	8
64	9
64	12
64	13
64	15
64	16
64	17
64	18
64	20
64	23
64	25
64	26
64	28
64	29
64	30
64	31
64	37
64	38
64	39
64	40
64	42
64	44
64	45
64	46
64	47
64	48
64	51
64	52
64	55
64	56
64	57
64	59
64	60
64	62
64	63
64	66
64	67
64	68
64	69
64	71
64	72
64	74
64	76
64	77
64	78
64	79
64	82
64	83
64	84
64	86
64	87
64	88
64	89
64	94
64	95
64	96
64	98
64	99
64	100
64	103
64	104
64	105
64	106
64	107
64	109
65	1
65	4
65	5
65	6
65	8
65	9
65	10
65	11
65	12
65	13
65	14
65	15
65	16
65	19
65	21
65	22
65	24
65	25
65	28
65	29
65	31
65	32
65	33
65	35
65	39
65	40
65	41
65	42
65	43
65	44
65	45
65	46
65	47
65	48
65	50
65	51
65	52
65	54
65	56
65	57
65	59
65	61
65	62
65	63
65	66
65	68
65	71
65	72
65	74
65	75
65	76
65	79
65	80
65	82
65	83
65	84
65	85
65	86
65	87
65	88
65	91
65	92
65	93
65	94
65	95
65	103
65	104
65	105
65	106
65	107
65	112
66	1
66	2
66	5
66	7
66	8
66	9
66	10
66	11
66	13
66	16
66	17
66	19
66	20
66	21
66	22
66	24
66	26
66	28
66	30
66	31
66	32
66	34
66	36
66	38
66	39
66	40
66	41
66	43
66	44
66	46
66	47
66	48
66	49
66	50
66	51
66	52
66	53
66	54
66	56
66	58
66	59
66	60
66	61
66	62
66	64
66	65
66	68
66	69
66	70
66	72
66	74
66	77
66	79
66	81
66	82
66	83
66	84
66	85
66	86
66	88
66	89
66	91
66	95
66	98
66	99
66	100
66	101
66	102
66	103
66	104
66	106
66	109
66	111
66	112
67	1
67	2
67	4
67	5
67	8
67	9
67	10
67	14
67	15
67	16
67	17
67	18
67	19
67	21
67	26
67	27
67	28
67	29
67	30
67	31
67	34
67	35
67	36
67	38
67	39
67	40
67	42
67	43
67	44
67	46
67	47
67	50
67	53
67	54
67	58
67	60
67	61
67	62
67	63
67	64
67	65
67	66
67	74
67	75
67	80
67	81
67	84
67	85
67	86
67	88
67	90
67	92
67	96
67	97
67	99
67	100
67	101
67	102
67	108
67	109
67	110
67	111
67	112
68	1
68	3
68	4
68	5
68	7
68	8
68	9
68	10
68	12
68	13
68	14
68	15
68	16
68	17
68	18
68	21
68	23
68	26
68	27
68	30
68	32
68	36
68	37
68	40
68	41
68	42
68	44
68	45
68	48
68	54
68	55
68	57
68	58
68	59
68	60
68	61
68	62
68	64
68	67
68	69
68	72
68	73
68	74
68	75
68	76
68	78
68	79
68	80
68	82
68	83
68	84
68	85
68	87
68	88
68	89
68	90
68	91
68	92
68	93
68	94
68	97
68	98
68	99
68	102
68	103
68	104
68	105
68	107
68	109
68	110
68	111
68	112
69	2
69	3
69	4
69	7
69	10
69	11
69	12
69	13
69	14
69	15
69	18
69	20
69	21
69	23
69	24
69	25
69	26
69	27
69	29
69	30
69	31
69	32
69	36
69	37
69	38
69	39
69	41
69	43
69	44
69	46
69	47
69	49
69	50
69	53
69	54
69	55
69	56
69	57
69	59
69	60
69	61
69	62
69	65
69	66
69	68
69	70
69	72
69	73
69	77
69	78
69	79
69	81
69	85
69	87
69	88
69	89
69	90
69	91
69	92
69	93
69	95
69	96
69	97
69	99
69	100
69	101
69	102
69	104
69	107
69	109
69	111
69	112
70	1
70	2
70	4
70	5
70	7
70	9
70	10
70	11
70	13
70	15
70	16
70	17
70	19
70	20
70	21
70	22
70	25
70	26
70	30
70	31
70	32
70	33
70	34
70	36
70	39
70	40
70	42
70	44
70	46
70	47
70	48
70	49
70	50
70	51
70	53
70	54
70	56
70	58
70	60
70	61
70	64
70	71
70	72
70	73
70	75
70	78
70	79
70	82
70	84
70	87
70	88
70	91
70	92
70	93
70	96
70	98
70	99
70	100
70	101
70	103
70	104
70	106
70	107
70	109
70	110
70	111
70	112
71	1
71	2
71	3
71	4
71	5
71	7
71	8
71	9
71	12
71	13
71	14
71	16
71	18
71	19
71	21
71	25
71	26
71	27
71	29
71	30
71	32
71	34
71	38
71	41
71	43
71	45
71	46
71	47
71	49
71	50
71	51
71	53
71	54
71	56
71	57
71	58
71	59
71	60
71	62
71	63
71	64
71	66
71	67
71	69
71	70
71	72
71	73
71	74
71	77
71	78
71	82
71	83
71	84
71	85
71	86
71	87
71	88
71	89
71	90
71	91
71	92
71	95
71	98
71	99
71	101
71	105
71	106
71	109
71	111
71	112
72	1
72	4
72	5
72	6
72	7
72	9
72	10
72	12
72	14
72	15
72	16
72	18
72	19
72	21
72	22
72	25
72	27
72	28
72	29
72	31
72	33
72	35
72	38
72	39
72	40
72	41
72	43
72	44
72	45
72	46
72	47
72	48
72	50
72	53
72	54
72	56
72	57
72	58
72	61
72	62
72	63
72	64
72	65
72	66
72	68
72	70
72	71
72	73
72	75
72	76
72	77
72	78
72	79
72	80
72	81
72	84
72	85
72	86
72	88
72	91
72	92
72	94
72	96
72	97
72	99
72	100
72	102
72	103
72	104
72	105
72	106
72	107
72	108
72	110
72	112
73	1
73	2
73	3
73	5
73	6
73	9
73	10
73	11
73	12
73	14
73	15
73	18
73	19
73	20
73	21
73	22
73	23
73	25
73	26
73	29
73	30
73	32
73	33
73	35
73	36
73	38
73	39
73	41
73	43
73	44
73	45
73	47
73	49
73	50
73	51
73	52
73	53
73	56
73	57
73	58
73	59
73	60
73	62
73	64
73	65
73	66
73	67
73	69
73	70
73	73
73	74
73	75
73	76
73	78
73	79
73	81
73	82
73	83
73	84
73	86
73	87
73	89
73	90
73	91
73	92
73	94
73	95
73	96
73	97
73	98
73	100
73	101
73	102
73	105
73	107
73	109
73	110
73	111
74	2
74	4
74	5
74	6
74	7
74	11
74	12
74	16
74	19
74	20
74	22
74	23
74	24
74	25
74	26
74	27
74	28
74	29
74	30
74	33
74	34
74	35
74	36
74	38
74	39
74	40
74	41
74	42
74	43
74	44
74	45
74	46
74	48
74	49
74	50
74	52
74	53
74	55
74	58
74	59
74	63
74	66
74	67
74	68
74	69
74	70
74	71
74	72
74	74
74	75
74	76
74	77
74	79
74	81
74	82
74	84
74	85
74	86
74	87
74	89
74	93
74	94
74	95
74	96
74	97
74	98
74	99
74	100
74	102
74	103
74	104
74	105
74	106
74	107
74	108
74	109
74	110
75	2
75	3
75	7
75	9
75	10
75	12
75	13
75	15
75	16
75	18
75	19
75	20
75	23
75	25
75	26
75	28
75	29
75	30
75	32
75	33
75	34
75	38
75	39
75	40
75	41
75	45
75	46
75	47
75	48
75	52
75	53
75	54
75	55
75	56
75	57
75	58
75	59
75	60
75	61
75	62
75	64
75	65
75	66
75	67
75	68
75	69
75	74
75	75
75	76
75	79
75	82
75	83
75	84
75	85
75	87
75	88
75	90
75	95
75	96
75	97
75	98
75	99
75	100
75	101
75	102
75	103
75	105
75	106
75	109
75	110
75	111
76	1
76	3
76	4
76	5
76	7
76	9
76	10
76	12
76	14
76	15
76	17
76	19
76	20
76	21
76	23
76	24
76	27
76	29
76	30
76	31
76	34
76	36
76	38
76	41
76	44
76	45
76	46
76	48
76	50
76	51
76	52
76	53
76	56
76	57
76	58
76	60
76	61
76	63
76	65
76	67
76	68
76	69
76	70
76	71
76	72
76	75
76	77
76	78
76	81
76	82
76	84
76	85
76	87
76	92
76	93
76	94
76	95
76	98
76	102
76	103
76	104
76	107
76	108
76	110
76	111
77	2
77	6
77	7
77	8
77	9
77	10
77	11
77	12
77	14
77	15
77	17
77	18
77	19
77	22
77	24
77	25
77	26
77	27
77	28
77	29
77	30
77	32
77	35
77	36
77	37
77	38
77	39
77	40
77	41
77	42
77	45
77	46
77	47
77	48
77	49
77	52
77	53
77	55
77	58
77	59
77	62
77	65
77	69
77	70
77	72
77	73
77	76
77	77
77	79
77	80
77	81
77	83
77	84
77	86
77	87
77	88
77	90
77	91
77	92
77	94
77	95
77	96
77	97
77	98
77	101
77	103
77	105
77	106
77	109
77	110
77	111
77	112
78	1
78	3
78	4
78	6
78	7
78	8
78	9
78	10
78	11
78	13
78	14
78	16
78	17
78	18
78	19
78	20
78	21
78	24
78	25
78	26
78	27
78	28
78	29
78	30
78	31
78	32
78	33
78	35
78	36
78	38
78	39
78	40
78	41
78	42
78	43
78	44
78	46
78	47
78	49
78	50
78	51
78	52
78	54
78	55
78	56
78	57
78	61
78	63
78	65
78	66
78	67
78	68
78	70
78	71
78	73
78	74
78	76
78	77
78	78
78	79
78	80
78	82
78	83
78	84
78	86
78	87
78	88
78	90
78	92
78	93
78	95
78	97
78	98
78	99
78	100
78	101
78	103
78	104
78	106
78	107
78	109
78	111
78	112
79	3
79	4
79	5
79	6
79	7
79	8
79	9
79	13
79	14
79	15
79	17
79	18
79	19
79	21
79	22
79	24
79	25
79	28
79	31
79	32
79	34
79	36
79	37
79	41
79	44
79	46
79	47
79	49
79	51
79	52
79	53
79	54
79	57
79	59
79	60
79	61
79	62
79	63
79	64
79	65
79	67
79	69
79	70
79	71
79	72
79	74
79	75
79	76
79	78
79	80
79	81
79	82
79	83
79	85
79	87
79	88
79	90
79	94
79	97
79	100
79	102
79	103
79	104
79	106
79	107
79	108
79	110
79	111
79	112
80	3
80	4
80	5
80	6
80	7
80	8
80	9
80	10
80	14
80	17
80	18
80	19
80	20
80	21
80	23
80	24
80	25
80	26
80	29
80	30
80	31
80	33
80	34
80	35
80	36
80	39
80	40
80	41
80	51
80	54
80	55
80	58
80	62
80	63
80	64
80	66
80	67
80	68
80	70
80	71
80	72
80	73
80	75
80	80
80	83
80	85
80	86
80	88
80	89
80	90
80	91
80	92
80	94
80	95
80	98
80	99
80	101
80	102
80	105
80	106
80	107
80	108
80	109
80	111
80	112
81	2
81	3
81	5
81	8
81	9
81	10
81	11
81	12
81	13
81	16
81	17
81	19
81	22
81	24
81	25
81	26
81	27
81	28
81	29
81	30
81	31
81	32
81	33
81	34
81	35
81	37
81	38
81	39
81	41
81	43
81	45
81	46
81	47
81	50
81	52
81	53
81	54
81	55
81	56
81	57
81	58
81	59
81	61
81	63
81	66
81	67
81	71
81	73
81	74
81	75
81	76
81	77
81	78
81	79
81	80
81	83
81	84
81	85
81	86
81	87
81	89
81	90
81	91
81	93
81	94
81	95
81	96
81	97
81	100
81	101
81	106
81	107
81	108
81	109
81	112
82	2
82	4
82	6
82	7
82	8
82	9
82	10
82	11
82	15
82	16
82	17
82	20
82	21
82	22
82	23
82	24
82	26
82	29
82	30
82	32
82	33
82	34
82	36
82	37
82	39
82	40
82	41
82	43
82	45
82	46
82	49
82	51
82	52
82	54
82	55
82	57
82	58
82	59
82	60
82	61
82	63
82	64
82	65
82	66
82	67
82	68
82	69
82	74
82	75
82	76
82	77
82	78
82	79
82	80
82	82
82	83
82	84
82	85
82	88
82	91
82	92
82	93
82	94
82	95
82	97
82	99
82	100
82	103
82	104
82	106
82	108
82	109
82	110
82	111
83	1
83	2
83	3
83	4
83	5
83	8
83	9
83	11
83	13
83	14
83	15
83	16
83	18
83	19
83	22
83	23
83	26
83	27
83	30
83	31
83	32
83	33
83	36
83	37
83	38
83	39
83	40
83	43
83	44
83	45
83	46
83	47
83	49
83	50
83	51
83	52
83	53
83	54
83	57
83	58
83	59
83	60
83	61
83	62
83	64
83	65
83	67
83	68
83	69
83	70
83	71
83	72
83	73
83	77
83	80
83	82
83	83
83	84
83	85
83	86
83	88
83	89
83	93
83	94
83	95
83	97
83	98
83	99
83	100
83	102
83	103
83	105
83	106
83	109
83	110
83	111
83	112
84	1
84	2
84	4
84	5
84	6
84	8
84	10
84	11
84	12
84	13
84	14
84	15
84	16
84	19
84	21
84	22
84	23
84	28
84	31
84	33
84	34
84	36
84	37
84	39
84	40
84	41
84	43
84	44
84	45
84	46
84	48
84	49
84	50
84	51
84	52
84	53
84	54
84	57
84	59
84	60
84	61
84	63
84	65
84	67
84	68
84	69
84	70
84	71
84	73
84	74
84	76
84	77
84	78
84	81
84	87
84	89
84	90
84	91
84	93
84	94
84	97
84	98
84	100
84	102
84	103
84	105
84	109
84	110
84	111
85	1
85	2
85	3
85	4
85	7
85	12
85	13
85	14
85	15
85	18
85	19
85	20
85	23
85	26
85	29
85	31
85	32
85	33
85	34
85	35
85	36
85	38
85	41
85	43
85	44
85	45
85	46
85	47
85	48
85	49
85	50
85	52
85	53
85	54
85	56
85	57
85	59
85	61
85	62
85	63
85	64
85	65
85	67
85	68
85	71
85	72
85	74
85	75
85	76
85	77
85	78
85	79
85	80
85	81
85	82
85	86
85	88
85	91
85	92
85	93
85	94
85	95
85	99
85	100
85	102
85	104
85	105
85	107
85	111
86	1
86	3
86	4
86	5
86	7
86	8
86	10
86	11
86	13
86	15
86	17
86	18
86	22
86	23
86	24
86	26
86	27
86	29
86	30
86	31
86	32
86	33
86	34
86	35
86	36
86	38
86	39
86	42
86	43
86	45
86	46
86	47
86	48
86	49
86	50
86	52
86	53
86	54
86	55
86	57
86	58
86	60
86	62
86	63
86	64
86	65
86	66
86	68
86	69
86	70
86	71
86	74
86	75
86	76
86	77
86	78
86	81
86	82
86	84
86	85
86	86
86	91
86	92
86	93
86	94
86	96
86	105
86	106
86	108
86	109
86	111
87	1
87	2
87	3
87	5
87	8
87	9
87	10
87	11
87	12
87	13
87	14
87	15
87	16
87	17
87	18
87	19
87	20
87	23
87	24
87	25
87	26
87	27
87	29
87	30
87	31
87	32
87	34
87	36
87	37
87	42
87	43
87	46
87	48
87	49
87	52
87	55
87	58
87	60
87	63
87	64
87	65
87	68
87	70
87	77
87	78
87	80
87	81
87	83
87	84
87	85
87	86
87	87
87	89
87	90
87	91
87	92
87	94
87	96
87	97
87	98
87	99
87	103
87	104
87	107
87	108
87	109
87	110
87	112
88	4
88	5
88	7
88	9
88	10
88	11
88	12
88	13
88	14
88	15
88	16
88	18
88	19
88	20
88	22
88	23
88	24
88	28
88	29
88	30
88	31
88	32
88	38
88	39
88	42
88	45
88	46
88	48
88	53
88	54
88	57
88	58
88	60
88	62
88	64
88	69
88	70
88	71
88	73
88	74
88	78
88	80
88	81
88	82
88	83
88	84
88	86
88	87
88	91
88	92
88	93
88	95
88	99
88	100
88	101
88	103
88	107
88	109
88	110
88	112
89	1
89	2
89	3
89	4
89	5
89	6
89	7
89	9
89	10
89	11
89	13
89	14
89	16
89	17
89	18
89	20
89	21
89	22
89	24
89	27
89	28
89	29
89	30
89	32
89	33
89	37
89	39
89	40
89	41
89	42
89	44
89	45
89	46
89	47
89	48
89	50
89	51
89	52
89	53
89	54
89	55
89	57
89	59
89	61
89	63
89	64
89	65
89	67
89	69
89	70
89	71
89	73
89	74
89	75
89	76
89	77
89	78
89	80
89	83
89	84
89	85
89	86
89	87
89	88
89	90
89	92
89	93
89	95
89	96
89	97
89	98
89	99
89	100
89	102
89	103
89	104
89	107
89	108
89	111
90	1
90	2
90	3
90	4
90	5
90	6
90	7
90	8
90	9
90	10
90	11
90	15
90	19
90	20
90	21
90	23
90	24
90	25
90	26
90	27
90	28
90	29
90	30
90	31
90	33
90	35
90	37
90	38
90	42
90	43
90	44
90	46
90	47
90	50
90	51
90	53
90	55
90	56
90	57
90	58
90	59
90	61
90	62
90	64
90	65
90	67
90	68
90	69
90	70
90	71
90	72
90	73
90	74
90	75
90	76
90	78
90	79
90	80
90	81
90	83
90	84
90	85
90	86
90	87
90	88
90	90
90	91
90	92
90	94
90	96
90	98
90	99
90	100
90	101
90	102
90	104
90	105
90	106
90	109
90	112
91	1
91	2
91	3
91	4
91	5
91	6
91	7
91	10
91	11
91	14
91	15
91	16
91	18
91	19
91	20
91	21
91	22
91	23
91	27
91	29
91	32
91	36
91	37
91	38
91	39
91	40
91	42
91	45
91	47
91	48
91	49
91	50
91	54
91	55
91	57
91	58
91	59
91	60
91	63
91	64
91	65
91	66
91	67
91	68
91	69
91	70
91	71
91	72
91	73
91	74
91	75
91	76
91	77
91	78
91	80
91	82
91	83
91	84
91	85
91	86
91	87
91	90
91	91
91	93
91	95
91	98
91	100
91	102
91	107
91	109
91	110
91	111
91	112
92	2
92	3
92	4
92	7
92	8
92	12
92	14
92	15
92	19
92	22
92	23
92	25
92	26
92	27
92	29
92	30
92	31
92	32
92	35
92	36
92	37
92	39
92	40
92	41
92	43
92	44
92	46
92	48
92	50
92	51
92	53
92	55
92	56
92	59
92	60
92	61
92	62
92	64
92	65
92	68
92	70
92	74
92	75
92	76
92	78
92	79
92	80
92	81
92	86
92	87
92	88
92	89
92	95
92	96
92	97
92	98
92	102
92	103
92	106
92	107
92	109
92	110
92	112
93	1
93	3
93	4
93	5
93	6
93	8
93	11
93	12
93	14
93	16
93	17
93	18
93	19
93	20
93	22
93	23
93	24
93	25
93	28
93	30
93	31
93	32
93	34
93	36
93	37
93	38
93	39
93	42
93	45
93	48
93	49
93	50
93	51
93	52
93	56
93	57
93	58
93	59
93	60
93	61
93	63
93	64
93	65
93	66
93	69
93	70
93	71
93	72
93	74
93	77
93	79
93	80
93	81
93	82
93	83
93	86
93	88
93	90
93	92
93	93
93	94
93	95
93	96
93	97
93	98
93	99
93	100
93	101
93	103
93	109
93	110
93	111
94	2
94	9
94	10
94	11
94	13
94	14
94	15
94	18
94	19
94	20
94	22
94	23
94	25
94	26
94	29
94	30
94	31
94	33
94	34
94	35
94	36
94	37
94	38
94	39
94	40
94	41
94	42
94	46
94	49
94	50
94	51
94	52
94	53
94	54
94	55
94	56
94	59
94	60
94	61
94	62
94	63
94	64
94	65
94	67
94	68
94	69
94	70
94	75
94	76
94	78
94	80
94	81
94	84
94	85
94	86
94	87
94	88
94	89
94	93
94	94
94	95
94	96
94	99
94	103
94	104
94	106
94	107
94	110
94	111
94	112
95	1
95	2
95	3
95	4
95	5
95	6
95	8
95	11
95	14
95	15
95	16
95	17
95	18
95	20
95	22
95	23
95	25
95	30
95	32
95	33
95	35
95	36
95	37
95	38
95	39
95	40
95	41
95	42
95	43
95	44
95	45
95	46
95	47
95	48
95	49
95	50
95	52
95	53
95	54
95	56
95	57
95	58
95	59
95	60
95	61
95	63
95	64
95	66
95	67
95	68
95	70
95	71
95	72
95	73
95	74
95	79
95	82
95	83
95	84
95	89
95	90
95	93
95	94
95	96
95	97
95	99
95	102
95	103
95	104
95	106
95	109
95	110
95	112
96	1
96	3
96	4
96	5
96	6
96	7
96	8
96	12
96	15
96	17
96	18
96	20
96	22
96	23
96	25
96	27
96	28
96	30
96	31
96	32
96	34
96	35
96	37
96	38
96	41
96	43
96	46
96	47
96	48
96	53
96	55
96	56
96	57
96	60
96	62
96	65
96	66
96	67
96	70
96	71
96	72
96	73
96	76
96	77
96	79
96	80
96	81
96	82
96	83
96	84
96	85
96	88
96	90
96	92
96	94
96	96
96	98
96	100
96	101
96	102
96	103
96	104
96	105
96	106
96	107
96	108
96	110
96	111
96	112
97	1
97	4
97	5
97	7
97	8
97	9
97	10
97	14
97	16
97	17
97	18
97	19
97	20
97	23
97	25
97	26
97	28
97	33
97	34
97	35
97	36
97	39
97	41
97	42
97	43
97	44
97	45
97	47
97	48
97	49
97	50
97	51
97	54
97	55
97	56
97	57
97	58
97	60
97	61
97	62
97	65
97	68
97	69
97	71
97	73
97	76
97	79
97	82
97	83
97	86
97	87
97	88
97	90
97	91
97	94
97	95
97	96
97	98
97	101
97	103
97	104
97	105
97	106
97	107
97	109
97	110
97	112
98	1
98	2
98	3
98	5
98	6
98	7
98	9
98	10
98	11
98	12
98	15
98	18
98	20
98	22
98	23
98	25
98	26
98	28
98	29
98	30
98	32
98	33
98	35
98	37
98	38
98	40
98	41
98	42
98	43
98	44
98	45
98	47
98	51
98	55
98	56
98	57
98	58
98	59
98	61
98	64
98	65
98	66
98	67
98	68
98	69
98	71
98	72
98	73
98	74
98	76
98	77
98	79
98	80
98	81
98	82
98	83
98	84
98	85
98	86
98	87
98	88
98	89
98	90
98	92
98	93
98	94
98	97
98	98
98	99
98	100
98	101
98	103
98	104
98	105
98	106
98	107
98	108
98	109
99	1
99	2
99	3
99	6
99	7
99	8
99	12
99	13
99	14
99	15
99	16
99	18
99	21
99	22
99	23
99	24
99	26
99	27
99	29
99	30
99	31
99	32
99	33
99	35
99	36
99	37
99	41
99	44
99	45
99	46
99	47
99	55
99	56
99	58
99	59
99	62
99	63
99	64
99	67
99	69
99	70
99	71
99	73
99	74
99	75
99	76
99	77
99	78
99	79
99	81
99	82
99	83
99	84
99	85
99	88
99	89
99	90
99	91
99	92
99	93
99	94
99	95
99	96
99	97
99	98
99	99
99	100
99	102
99	103
99	105
99	107
99	110
99	111
99	112
100	1
100	2
100	3
100	4
100	6
100	9
100	12
100	13
100	14
100	15
100	16
100	19
100	20
100	21
100	22
100	23
100	24
100	25
100	26
100	27
100	31
100	32
100	33
100	34
100	36
100	38
100	39
100	40
100	41
100	45
100	46
100	48
100	50
100	51
100	55
100	57
100	58
100	59
100	60
100	62
100	64
100	65
100	67
100	69
100	71
100	75
100	76
100	78
100	80
100	81
100	82
100	83
100	84
100	85
100	86
100	89
100	90
100	91
100	92
100	93
100	94
100	96
100	98
100	99
100	103
100	104
100	105
100	107
100	108
100	109
100	110
100	112
101	2
101	4
101	5
101	6
101	7
101	10
101	14
101	18
101	22
101	25
101	27
101	29
101	30
101	31
101	32
101	35
101	41
101	42
101	45
101	46
101	49
101	51
101	52
101	54
101	56
101	57
101	58
101	59
101	60
101	61
101	62
101	63
101	64
101	65
101	66
101	67
101	68
101	69
101	70
101	71
101	72
101	74
101	75
101	76
101	78
101	79
101	80
101	83
101	84
101	85
101	86
101	88
101	90
101	91
101	102
101	103
101	104
101	105
101	107
101	108
101	109
101	110
101	112
102	1
102	2
102	3
102	6
102	10
102	11
102	21
102	23
102	24
102	26
102	27
102	28
102	29
102	30
102	32
102	33
102	34
102	35
102	37
102	38
102	41
102	43
102	44
102	45
102	48
102	50
102	52
102	54
102	55
102	56
102	57
102	58
102	60
102	61
102	63
102	65
102	66
102	67
102	68
102	69
102	70
102	71
102	73
102	74
102	75
102	76
102	79
102	80
102	86
102	90
102	92
102	93
102	94
102	95
102	97
102	98
102	99
102	100
102	101
102	102
102	104
102	106
102	107
102	109
102	112
103	1
103	2
103	3
103	5
103	6
103	7
103	8
103	13
103	14
103	15
103	18
103	19
103	20
103	21
103	24
103	25
103	29
103	32
103	34
103	35
103	36
103	38
103	39
103	40
103	41
103	42
103	45
103	46
103	47
103	50
103	51
103	52
103	53
103	55
103	56
103	58
103	59
103	60
103	62
103	63
103	66
103	68
103	70
103	73
103	74
103	75
103	77
103	78
103	79
103	80
103	83
103	84
103	85
103	87
103	89
103	90
103	91
103	92
103	95
103	96
103	103
103	105
103	106
103	110
103	111
103	112
104	7
104	8
104	9
104	11
104	13
104	14
104	15
104	16
104	17
104	18
104	19
104	20
104	21
104	22
104	24
104	25
104	26
104	27
104	29
104	30
104	31
104	32
104	33
104	34
104	35
104	36
104	39
104	40
104	43
104	45
104	46
104	47
104	48
104	49
104	52
104	53
104	54
104	57
104	58
104	62
104	63
104	67
104	68
104	69
104	70
104	71
104	74
104	76
104	77
104	82
104	83
104	85
104	86
104	87
104	88
104	92
104	93
104	94
104	95
104	96
104	97
104	98
104	100
104	101
104	102
104	103
104	106
104	108
104	109
104	110
104	111
104	112
105	2
105	4
105	5
105	7
105	9
105	10
105	11
105	12
105	13
105	14
105	17
105	18
105	19
105	21
105	22
105	23
105	24
105	26
105	28
105	29
105	30
105	32
105	35
105	36
105	37
105	38
105	41
105	42
105	43
105	45
105	47
105	48
105	49
105	51
105	52
105	54
105	56
105	57
105	62
105	63
105	65
105	66
105	68
105	71
105	74
105	75
105	78
105	80
105	83
105	84
105	85
105	86
105	87
105	88
105	89
105	90
105	92
105	93
105	94
105	96
105	97
105	98
105	99
105	100
105	101
105	102
105	106
105	107
105	108
105	110
105	111
106	2
106	4
106	6
106	9
106	10
106	12
106	13
106	15
106	17
106	19
106	21
106	22
106	23
106	24
106	25
106	27
106	28
106	29
106	30
106	36
106	37
106	39
106	40
106	41
106	42
106	43
106	44
106	45
106	46
106	47
106	48
106	50
106	51
106	52
106	53
106	54
106	55
106	56
106	57
106	58
106	61
106	62
106	64
106	65
106	66
106	67
106	68
106	70
106	73
106	74
106	75
106	76
106	77
106	78
106	79
106	80
106	82
106	84
106	86
106	87
106	89
106	94
106	95
106	96
106	97
106	98
106	99
106	101
106	103
106	104
106	106
106	107
106	108
106	109
106	111
106	112
107	2
107	4
107	5
107	6
107	8
107	10
107	11
107	13
107	15
107	18
107	19
107	21
107	23
107	26
107	27
107	28
107	29
107	30
107	31
107	32
107	33
107	35
107	37
107	38
107	39
107	40
107	41
107	42
107	43
107	46
107	47
107	48
107	50
107	51
107	52
107	55
107	56
107	58
107	60
107	63
107	65
107	68
107	69
107	71
107	72
107	73
107	76
107	79
107	81
107	82
107	83
107	84
107	86
107	88
107	90
107	91
107	94
107	95
107	97
107	98
107	100
107	101
107	102
107	103
107	104
107	105
107	106
107	108
107	110
107	111
108	1
108	2
108	4
108	5
108	6
108	7
108	10
108	11
108	12
108	13
108	15
108	17
108	18
108	20
108	22
108	23
108	24
108	26
108	31
108	33
108	34
108	35
108	37
108	38
108	42
108	44
108	45
108	46
108	47
108	48
108	50
108	52
108	53
108	54
108	55
108	57
108	59
108	60
108	61
108	62
108	63
108	64
108	68
108	69
108	73
108	74
108	75
108	76
108	78
108	79
108	80
108	82
108	84
108	85
108	86
108	87
108	88
108	89
108	91
108	92
108	95
108	99
108	100
108	102
108	103
108	104
108	107
108	108
109	3
109	4
109	5
109	6
109	8
109	9
109	10
109	12
109	14
109	16
109	17
109	18
109	19
109	20
109	21
109	23
109	24
109	25
109	26
109	27
109	30
109	32
109	33
109	35
109	40
109	41
109	42
109	45
109	48
109	51
109	52
109	55
109	56
109	57
109	61
109	62
109	66
109	67
109	68
109	69
109	70
109	74
109	75
109	78
109	81
109	85
109	86
109	88
109	89
109	90
109	92
109	94
109	95
109	97
109	98
109	99
109	101
109	108
109	109
109	110
109	111
109	112
110	3
110	4
110	5
110	6
110	7
110	8
110	12
110	18
110	19
110	20
110	21
110	22
110	23
110	24
110	25
110	27
110	30
110	32
110	35
110	36
110	37
110	40
110	41
110	44
110	47
110	48
110	49
110	53
110	55
110	57
110	58
110	59
110	64
110	65
110	66
110	67
110	68
110	69
110	70
110	71
110	74
110	78
110	79
110	80
110	83
110	84
110	85
110	86
110	88
110	89
110	90
110	91
110	92
110	93
110	96
110	97
110	99
110	101
110	102
110	103
110	104
110	105
110	107
110	108
110	109
110	110
110	111
111	1
111	2
111	3
111	6
111	7
111	9
111	10
111	11
111	14
111	15
111	16
111	17
111	18
111	19
111	20
111	22
111	23
111	25
111	26
111	27
111	28
111	29
111	31
111	33
111	38
111	40
111	41
111	43
111	44
111	45
111	46
111	48
111	51
111	52
111	54
111	55
111	58
111	60
111	63
111	64
111	65
111	69
111	70
111	71
111	72
111	73
111	74
111	75
111	78
111	80
111	81
111	82
111	85
111	87
111	88
111	91
111	92
111	96
111	97
111	99
111	100
111	101
111	104
111	105
111	107
111	110
111	111
111	112
112	1
112	2
112	3
112	7
112	9
112	10
112	11
112	12
112	13
112	14
112	15
112	16
112	17
112	18
112	20
112	21
112	22
112	24
112	26
112	27
112	28
112	30
112	31
112	32
112	33
112	34
112	35
112	36
112	39
112	41
112	42
112	44
112	49
112	50
112	51
112	52
112	54
112	55
112	57
112	58
112	59
112	61
112	64
112	65
112	68
112	69
112	70
112	71
112	74
112	75
112	77
112	78
112	80
112	81
112	82
112	84
112	87
112	89
112	91
112	92
112	93
112	94
112	95
112	97
112	98
112	99
112	100
112	101
112	104
112	106
112	109
112	110
112	111
112	112
1	113
2	113
3	113
4	113
5	113
6	113
7	113
8	113
9	113
10	113
11	113
12	113
13	113
14	113
15	113
16	113
17	113
18	113
19	113
20	113
21	113
22	113
23	113
24	113
25	113
26	113
27	113
28	113
29	113
30	113
31	113
32	113
33	113
34	113
35	113
36	113
37	113
38	113
39	113
40	113
41	113
42	113
43	113
44	113
45	113
46	113
47	113
48	113
49	113
50	113
51	113
52	113
53	113
54	113
55	113
56	113
57	113
58	113
59	113
60	113
61	113
62	113
63	113
64	113
65	113
66	113
67	113
68	113
69	113
70	113
71	113
72	113
73	113
74	113
75	113
76	113
77	113
78	113
79	113
80	113
81	113
82	113
83	113
84	113
85	113
86	113
87	113
88	113
89	113
90	113
91	113
92	113
93	113
94	113
95	113
96	113
97	113
98	113
99	113
100	113
101	113
102	113
103	113
104	113
105	113
106	113
107	113
108	113
109	113
110	113
111	113
112	113
113	113
