1	1
1	2
1	3
1	4
1	5
1	6
1	8
1	9
1	10
1	11
1	13
1	14
1	16
1	18
1	19
1	21
1	22
1	23
1	26
1	28
1	32
1	33
1	34
1	35
1	37
1	38
1	39
1	41
1	43
1	44
1	45
1	49
1	52
1	53
1	54
1	55
1	56
1	58
1	59
1	61
1	64
1	65
1	66
1	67
1	68
1	69
1	70
1	72
1	73
1	75
1	76
1	80
1	81
1	82
1	84
1	87
1	90
1	92
1	96
1	99
1	100
1	102
1	106
1	107
1	109
1	110
1	113
1	114
1	115
1	118
1	120
2	3
2	5
2	6
2	7
2	9
2	10
2	11
2	12
2	13
2	14
2	15
2	18
2	19
2	20
2	21
2	23
2	24
2	27
2	28
2	30
2	31
2	32
2	34
2	39
2	40
2	42
2	43
2	44
2	45
2	47
2	49
2	50
2	51
2	53
2	54
2	56
2	59
2	61
2	62
2	64
2	65
2	70
2	71
2	73
2	76
2	78
2	79
2	80
2	81
2	82
2	84
2	86
2	91
2	92
2	93
2	95
2	96
2	98
2	100
2	101
2	103
2	104
2	107
2	108
2	110
2	113
2	114
2	115
2	116
2	117
2	118
2	119
3	4
3	6
3	8
3	9
3	11
3	12
3	13
3	14
3	16
3	17
3	18
3	19
3	20
3	21
3	23
3	24
3	25
3	26
3	28
3	30
3	32
3	34
3	35
3	36
3	38
3	39
3	42
3	43
3	44
3	46
3	49
3	50
3	51
3	53
3	54
3	55
3	57
3	58
3	59
3	60
3	61
3	63
3	64
3	65
3	67
3	69
3	71
3	74
3	77
3	81
3	82
3	83
3	85
3	87
3	88
3	89
3	90
3	91
3	92
3	93
3	95
3	96
3	97
3	98
3	99
3	101
3	102
3	103
3	106
3	108
3	109
3	110
3	111
3	112
3	113
3	114
3	115
3	116
3	117
3	118
3	120
4	1
4	3
4	4
4	5
4	6
4	7
4	12
4	19
4	20
4	21
4	22
4	24
4	25
4	27
4	30
4	32
4	33
4	35
4	36
4	37
4	38
4	39
4	40
4	42
4	43
4	45
4	46
4	47
4	48
4	49
4	50
4	51
4	52
4	56
4	57
4	58
4	59
4	61
4	62
4	63
4	64
4	65
4	66
4	67
4	68
4	69
4	70
4	71
4	72
4	76
4	77
4	80
4	81
4	82
4	83
4	84
4	86
4	87
4	89
4	90
4	94
4	95
4	96
4	97
4	100
4	101
4	102
4	103
4	105
4	106
4	107
4	108
4	110
4	111
4	112
4	114
4	115
4	116
4	117
4	119
5	1
5	2
5	3
5	6
5	7
5	10
5	14
5	19
5	20
5	21
5	22
5	23
5	25
5	26
5	27
5	31
5	36
5	37
5	38
5	39
5	41
5	42
5	43
5	44
5	46
5	48
5	49
5	51
5	52
5	58
5	60
5	65
5	67
5	69
5	71
5	72
5	73
5	76
5	77
5	79
5	80
5	81
5	85
5	87
5	88
5	89
5	90
5	91
5	92
5	93
5	94
5	96
5	98
5	99
5	101
5	103
5	104
5	105
5	106
5	108
5	109
5	110
5	111
5	112
5	114
5	115
5	116
5	117
5	118
5	120
6	2
6	3
6	4
6	5
6	8
6	9
6	10
6	12
6	13
6	14
6	17
6	19
6	21
6	22
6	23
6	25
6	26
6	29
6	31
6	32
6	36
6	37
6	38
6	39
6	40
6	41
6	43
6	45
6	46
6	47
6	50
6	51
6	53
6	55
6	56
6	57
6	59
6	61
6	63
6	64
6	66
6	67
6	68
6	69
6	71
6	72
6	75
6	76
6	77
6	79
6	80
6	81
6	82
6	85
6	87
6	88
6	89
6	91
6	92
6	95
6	99
6	100
6	101
6	103
6	105
6	108
6	109
6	111
6	113
6	114
6	115
6	116
6	118
6	119
7	1
7	3
7	7
7	8
7	9
7	10
7	11
7	12
7	13
7	14
7	15
7	16
7	19
7	20
7	21
7	24
7	25
7	28
7	29
7	31
7	32
7	33
7	34
7	36
7	41
7	42
7	45
7	46
7	47
7	48
7	50
7	51
7	53
7	54
7	55
7	56
7	57
7	60
7	61
7	62
7	64
7	66
7	70
7	72
7	74
7	77
7	79
7	80
7	82
7	83
7	85
7	87
7	88
7	90
7	92
7	93
7	96
7	98
7	104
7	110
7	111
7	112
7	115
7	117
7	118
7	120
8	4
8	7
8	8
8	9
8	10
8	11
8	12
8	13
8	14
8	15
8	17
8	18
8	21
8	22
8	23
8	26
8	28
8	30
8	31
8	32
8	34
8	35
8	36
8	37
8	39
8	40
8	41
8	43
8	45
8	47
8	48
8	49
8	54
8	55
8	56
8	57
8	58
8	59
8	60
8	62
8	63
8	64
8	65
8	66
8	67
8	68
8	69
8	70
8	71
8	73
8	74
8	75
8	79
8	80
8	81
8	82
8	83
8	84
8	85
8	86
8	87
8	88
8	89
8	90
8	92
8	93
8	94
8	95
8	97
8	98
8	99
8	100
8	102
8	103
8	104
8	106
8	108
8	110
8	111
8	117
8	118
8	120
9	1
9	2
9	3
9	4
9	5
9	6
9	8
9	9
9	11
9	12
9	13
9	15
9	17
9	18
9	19
9	20
9	23
9	24
9	25
9	26
9	29
9	30
9	32
9	35
9	36
9	37
9	39
9	41
9	42
9	43
9	44
9	45
9	47
9	48
9	50
9	52
9	54
9	55
9	56
9	57
9	59
9	60
9	61
9	62
9	64
9	65
9	69
9	71
9	72
9	74
9	75
9	76
9	77
9	79
9	80
9	81
9	85
9	86
9	87
9	89
9	90
9	91
9	92
9	93
9	97
9	98
9	99
9	100
9	102
9	104
9	106
9	107
9	108
9	109
9	110
9	112
9	114
9	115
9	116
9	118
9	120
10	2
10	3
10	4
10	5
10	6
10	7
10	10
10	11
10	12
10	13
10	15
10	19
10	20
10	21
10	22
10	24
10	25
10	26
10	27
10	28
10	29
10	30
10	31
10	33
10	34
10	35
10	36
10	38
10	41
10	42
10	43
10	44
10	46
10	48
10	50
10	51
10	52
10	53
10	55
10	56
10	57
10	58
10	59
10	60
10	65
10	67
10	68
10	69
10	70
10	71
10	73
10	74
10	75
10	76
10	77
10	78
10	79
10	82
10	83
10	84
10	88
10	89
10	94
10	95
10	97
10	100
10	101
10	104
10	105
10	106
10	108
10	109
10	111
10	113
10	114
10	118
10	119
11	1
11	4
11	5
11	7
11	8
11	9
11	10
11	12
11	15
11	18
11	20
11	21
11	22
11	23
11	26
11	32
11	33
11	35
11	36
11	37
11	38
11	39
11	40
11	42
11	44
11	45
11	47
11	48
11	49
11	50
11	54
11	55
11	56
11	59
11	61
11	63
11	65
11	66
11	67
11	68
11	71
11	73
11	74
11	76
11	77
11	78
11	79
11	80
11	81
11	82
11	84
11	86
11	87
11	89
11	90
11	95
11	96
11	98
11	99
11	100
11	101
11	102
11	103
11	104
11	106
11	107
11	108
11	109
11	110
11	111
11	112
11	113
11	114
11	115
11	118
12	2
12	3
12	6
12	7
12	9
12	10
12	14
12	15
12	17
12	20
12	23
12	24
12	29
12	30
12	32
12	33
12	34
12	35
12	36
12	37
12	38
12	39
12	40
12	44
12	46
12	47
12	48
12	49
12	50
12	51
12	53
12	54
12	55
12	56
12	61
12	62
12	63
12	64
12	66
12	67
12	68
12	69
12	70
12	71
12	73
12	75
12	76
12	77
12	78
12	79
12	82
12	85
12	86
12	87
12	90
12	92
12	93
12	94
12	95
12	96
12	97
12	98
12	99
12	102
12	104
12	106
12	108
12	109
12	110
12	111
12	114
12	115
12	116
12	117
12	119
12	120
13	4
13	6
13	7
13	8
13	13
13	14
13	17
13	18
13	25
13	27
13	28
13	29
13	32
13	37
13	39
13	40
13	44
13	46
13	47
13	48
13	49
13	50
13	51
13	53
13	54
13	56
13	57
13	58
13	59
13	60
13	61
13	62
13	64
13	67
13	68
13	69
13	72
13	77
13	78
13	79
13	80
13	81
13	82
13	84
13	86
13	89
13	91
13	93
13	94
13	95
13	97
13	100
13	103
13	104
13	105
13	107
13	110
13	111
13	112
13	113
13	114
13	115
13	116
14	1
14	2
14	3
14	7
14	9
14	10
14	13
14	15
14	17
14	18
14	20
14	22
14	26
14	27
14	28
14	30
14	31
14	33
14	35
14	39
14	40
14	41
14	42
14	43
14	44
14	46
14	47
14	48
14	50
14	52
14	53
14	55
14	57
14	59
14	62
14	63
14	64
14	65
14	67
14	68
14	69
14	70
14	72
14	73
14	74
14	77
14	78
14	79
14	80
14	81
14	82
14	84
14	87
14	88
14	90
14	91
14	93
14	95
14	96
14	99
14	102
14	103
14	104
14	106
14	109
14	110
14	111
14	115
14	118
14	119
14	120
15	1
15	3
15	4
15	5
15	6
15	7
15	8
15	9
15	10
15	11
15	12
15	14
15	15
15	16
15	17
15	19
15	22
15	24
15	27
15	29
15	30
15	31
15	32
15	33
15	35
15	37
15	38
15	39
15	41
15	43
15	44
15	45
15	47
15	48
15	49
15	51
15	52
15	53
15	54
15	56
15	57
15	58
15	60
15	61
15	62
15	63
15	65
15	66
15	67
15	69
15	70
15	73
15	74
15	75
15	76
15	78
15	79
15	80
15	84
15	85
15	88
15	89
15	90
15	91
15	92
15	94
15	96
15	97
15	98
15	100
15	101
15	102
15	103
15	104
15	105
15	106
15	107
15	108
15	109
15	110
15	113
15	115
15	116
15	117
15	118
16	1
16	5
16	6
16	8
16	9
16	10
16	13
16	15
16	16
16	18
16	19
16	21
16	23
16	24
16	25
16	26
16	27
16	28
16	29
16	30
16	33
16	34
16	35
16	37
16	38
16	39
16	40
16	41
16	44
16	45
16	46
16	48
16	49
16	51
16	52
16	53
16	56
16	57
16	58
16	59
16	60
16	61
16	62
16	64
16	65
16	66
16	67
16	68
16	69
16	72
16	77
16	78
16	80
16	81
16	84
16	85
16	86
16	87
16	88
16	89
16	90
16	91
16	94
16	96
16	97
16	98
16	99
16	100
16	101
16	102
16	104
16	105
16	106
16	108
16	109
16	111
16	113
16	114
16	115
16	116
16	117
16	118
16	119
17	1
17	3
17	4
17	5
17	8
17	9
17	10
17	12
17	13
17	14
17	15
17	18
17	20
17	22
17	25
17	26
17	27
17	29
17	30
17	33
17	34
17	35
17	36
17	37
17	38
17	43
17	44
17	45
17	46
17	47
17	48
17	49
17	50
17	51
17	53
17	54
17	55
17	56
17	59
17	60
17	61
17	62
17	63
17	64
17	67
17	68
17	69
17	70
17	71
17	73
17	75
17	78
17	80
17	82
17	84
17	86
17	88
17	90
17	91
17	92
17	93
17	94
17	96
17	98
17	99
17	100
17	101
17	103
17	106
17	108
17	109
17	110
17	111
17	112
17	113
17	114
17	115
17	117
17	118
17	120
18	1
18	2
18	3
18	5
18	6
18	8
18	10
18	12
18	13
18	14
18	15
18	16
18	19
18	20
18	22
18	27
18	29
18	30
18	32
18	33
18	34
18	36
18	38
18	39
18	40
18	41
18	42
18	43
18	46
18	47
18	48
18	49
18	50
18	51
18	52
18	53
18	54
18	55
18	56
18	57
18	61
18	62
18	64
18	65
18	66
18	67
18	68
18	69
18	70
18	71
18	72
18	73
18	74
18	77
18	79
18	80
18	82
18	85
18	87
18	88
18	89
18	91
18	92
18	94
18	95
18	96
18	99
18	100
18	102
18	104
18	105
18	106
18	107
18	108
18	109
18	110
18	111
18	113
18	114
18	115
18	117
18	118
18	119
18	120
19	3
19	4
19	11
19	12
19	13
19	14
19	16
19	17
19	19
19	22
19	24
19	26
19	27
19	28
19	30
19	32
19	34
19	35
19	36
19	39
19	40
19	41
19	42
19	43
19	46
19	48
19	49
19	50
19	52
19	54
19	55
19	56
19	57
19	58
19	61
19	62
19	63
19	65
19	66
19	67
19	68
19	72
19	73
19	74
19	76
19	77
19	78
19	79
19	80
19	82
19	83
19	84
19	85
19	87
19	88
19	90
19	91
19	92
19	94
19	96
19	97
19	98
19	99
19	100
19	101
19	102
19	103
19	104
19	105
19	107
19	108
19	109
19	111
19	112
19	114
19	115
19	116
19	118
19	119
20	1
20	2
20	4
20	5
20	6
20	7
20	8
20	10
20	11
20	13
20	15
20	16
20	18
20	21
20	22
20	24
20	31
20	33
20	35
20	36
20	37
20	38
20	40
20	41
20	42
20	43
20	45
20	47
20	48
20	49
20	51
20	52
20	53
20	54
20	55
20	56
20	57
20	59
20	61
20	62
20	63
20	64
20	65
20	66
20	68
20	69
20	70
20	71
20	72
20	73
20	75
20	76
20	77
20	78
20	79
20	80
20	81
20	83
20	84
20	87
20	92
20	93
20	94
20	96
20	97
20	100
20	101
20	102
20	103
20	106
20	108
20	109
20	110
20	111
20	112
20	113
20	114
20	116
20	117
20	118
20	119
20	120
21	1
21	2
21	4
21	5
21	8
21	9
21	10
21	11
21	12
21	13
21	14
21	15
21	16
21	18
21	19
21	23
21	26
21	28
21	29
21	30
21	33
21	37
21	38
21	39
21	40
21	41
21	42
21	43
21	44
21	45
21	47
21	48
21	52
21	53
21	54
21	55
21	57
21	58
21	59
21	62
21	64
21	66
21	67
21	68
21	70
21	72
21	73
21	74
21	75
21	77
21	78
21	79
21	81
21	83
21	84
21	85
21	86
21	87
21	88
21	89
21	91
21	92
21	93
21	94
21	95
21	96
21	97
21	98
21	99
21	103
21	105
21	106
21	109
21	112
21	113
21	114
21	115
21	116
21	117
21	118
21	119
22	1
22	2
22	4
22	5
22	8
22	9
22	10
22	11
22	14
22	15
22	17
22	18
22	19
22	20
22	21
22	22
22	25
22	27
22	29
22	30
22	32
22	35
22	36
22	37
22	38
22	39
22	40
22	41
22	42
22	43
22	44
22	46
22	48
22	50
22	52
22	55
22	57
22	58
22	59
22	60
22	63
22	64
22	67
22	69
22	70
22	72
22	75
22	77
22	78
22	79
22	80
22	81
22	82
22	88
22	89
22	91
22	92
22	93
22	95
22	96
22	98
22	99
22	100
22	102
22	103
22	104
22	106
22	108
22	109
22	110
22	114
22	115
22	116
22	117
22	118
22	119
23	2
23	4
23	7
23	8
23	9
23	12
23	13
23	14
23	17
23	19
23	20
23	21
23	22
23	24
23	25
23	26
23	27
23	28
23	29
23	30
23	31
23	32
23	35
23	37
23	39
23	40
23	43
23	46
23	47
23	49
23	50
23	51
23	54
23	55
23	56
23	58
23	59
23	61
23	62
23	63
23	64
23	65
23	66
23	67
23	69
23	73
23	74
23	75
23	79
23	81
23	82
23	83
23	84
23	85
23	86
23	89
23	91
23	95
23	97
23	98
23	99
23	104
23	105
23	106
23	107
23	109
23	110
23	111
23	112
23	113
23	114
23	117
23	118
23	120
24	1
24	2
24	3
24	4
24	6
24	8
24	9
24	12
24	13
24	15
24	17
24	18
24	19
24	20
24	21
24	22
24	23
24	24
24	26
24	27
24	28
24	30
24	31
24	33
24	34
24	35
24	36
24	39
24	40
24	42
24	43
24	44
24	47
24	48
24	51
24	52
24	53
24	54
24	56
24	57
24	58
24	59
24	60
24	64
24	66
24	68
24	69
24	72
24	73
24	74
24	77
24	78
24	79
24	80
24	81
24	84
24	85
24	86
24	87
24	89
24	90
24	92
24	93
24	94
24	95
24	97
24	98
24	99
24	100
24	103
24	106
24	107
24	109
24	110
24	112
24	115
24	116
25	4
25	5
25	6
25	7
25	9
25	13
25	14
25	15
25	16
25	17
25	18
25	19
25	20
25	21
25	22
25	23
25	24
25	26
25	27
25	28
25	29
25	31
25	32
25	33
25	34
25	36
25	37
25	40
25	41
25	42
25	43
25	45
25	46
25	48
25	49
25	51
25	52
25	53
25	55
25	56
25	57
25	58
25	59
25	61
25	63
25	64
25	67
25	69
25	71
25	72
25	73
25	74
25	75
25	76
25	77
25	78
25	79
25	80
25	83
25	84
25	85
25	86
25	88
25	89
25	90
25	91
25	92
25	93
25	96
25	97
25	99
25	100
25	105
25	107
25	109
25	110
25	112
25	115
25	116
25	119
26	1
26	2
26	4
26	5
26	6
26	7
26	10
26	13
26	14
26	15
26	17
26	18
26	21
26	22
26	23
26	24
26	26
26	28
26	29
26	30
26	32
26	33
26	34
26	35
26	36
26	37
26	38
26	39
26	40
26	42
26	44
26	46
26	47
26	48
26	49
26	50
26	51
26	52
26	53
26	54
26	55
26	56
26	59
26	61
26	64
26	65
26	66
26	67
26	68
26	70
26	71
26	72
26	74
26	75
26	79
26	81
26	82
26	84
26	85
26	87
26	88
26	90
26	93
26	95
26	96
26	98
26	101
26	102
26	103
26	104
26	105
26	107
26	108
26	110
26	113
26	114
26	116
26	117
26	118
26	120
27	1
27	2
27	3
27	4
27	10
27	13
27	15
27	16
27	18
27	22
27	23
27	28
27	29
27	32
27	33
27	34
27	35
27	36
27	40
27	41
27	42
27	44
27	47
27	51
27	52
27	53
27	55
27	57
27	58
27	59
27	60
27	61
27	63
27	66
27	68
27	69
27	70
27	71
27	72
27	73
27	74
27	75
27	76
27	77
27	78
27	79
27	82
27	83
27	84
27	85
27	87
27	88
27	89
27	92
27	93
27	94
27	95
27	96
27	99
27	100
27	101
27	105
27	106
27	107
27	108
27	109
27	113
27	117
27	118
27	119
28	1
28	2
28	5
28	9
28	15
28	17
28	21
28	22
28	23
28	24
28	30
28	35
28	37
28	39
28	40
28	42
28	43
28	44
28	49
28	50
28	51
28	54
28	55
28	57
28	58
28	59
28	63
28	64
28	66
28	67
28	68
28	72
28	75
28	76
28	78
28	80
28	82
28	84
28	85
28	87
28	88
28	89
28	93
28	94
28	95
28	97
28	100
28	101
28	103
28	105
28	107
28	108
28	109
28	111
28	112
28	116
28	117
28	118
28	119
29	1
29	2
29	3
29	5
29	6
29	7
29	8
29	9
29	10
29	11
29	12
29	13
29	14
29	15
29	16
29	19
29	20
29	21
29	22
29	23
29	25
29	26
29	28
29	30
29	31
29	32
29	33
29	34
29	35
29	36
29	37
29	38
29	39
29	41
29	42
29	43
29	44
29	45
29	46
29	47
29	48
29	50
29	53
29	54
29	56
29	58
29	59
29	66
29	68
29	70
29	71
29	73
29	74
29	77
29	78
29	80
29	83
29	84
29	85
29	87
29	90
29	91
29	92
29	95
29	97
29	98
29	100
29	103
29	105
29	106
29	107
29	108
29	109
29	110
29	111
29	112
29	114
29	116
29	119
29	120
30	1
30	2
30	3
30	4
30	5
30	6
30	7
30	8
30	10
30	12
30	13
30	14
30	16
30	17
30	18
30	19
30	21
30	22
30	23
30	24
30	25
30	26
30	27
30	28
30	30
30	31
30	32
30	33
30	34
30	35
30	36
30	38
30	39
30	41
30	42
30	44
30	45
30	46
30	47
30	51
30	54
30	55
30	56
30	57
30	58
30	61
30	62
30	65
30	66
30	67
30	68
30	73
30	76
30	78
30	80
30	81
30	82
30	83
30	84
30	85
30	87
30	88
30	89
30	90
30	91
30	92
30	93
30	94
30	99
30	101
30	102
30	103
30	106
30	107
30	108
30	109
30	110
30	111
30	112
30	113
30	115
30	116
30	118
30	119
30	120
31	4
31	5
31	6
31	8
31	10
31	11
31	12
31	13
31	15
31	16
31	18
31	22
31	24
31	25
31	26
31	27
31	28
31	29
31	30
31	32
31	33
31	34
31	36
31	37
31	38
31	40
31	42
31	43
31	44
31	45
31	47
31	49
31	51
31	52
31	54
31	55
31	57
31	59
31	61
31	62
31	63
31	64
31	66
31	67
31	68
31	70
31	71
31	73
31	74
31	75
31	77
31	79
31	81
31	82
31	83
31	84
31	85
31	86
31	87
31	89
31	90
31	91
31	92
31	96
31	97
31	98
31	100
31	101
31	102
31	104
31	107
31	110
31	111
31	115
31	116
31	117
31	118
31	119
31	120
32	4
32	5
32	6
32	10
32	12
32	13
32	15
32	17
32	18
32	20
32	21
32	22
32	23
32	24
32	25
32	28
32	30
32	31
32	32
32	34
32	35
32	36
32	37
32	38
32	39
32	42
32	43
32	45
32	46
32	47
32	49
32	50
32	52
32	53
32	54
32	55
32	58
32	59
32	60
32	61
32	62
32	63
32	64
32	65
32	66
32	67
32	68
32	70
32	72
32	73
32	74
32	75
32	76
32	78
32	80
32	81
32	83
32	84
32	85
32	86
32	87
32	88
32	91
32	93
32	94
32	96
32	97
32	98
32	99
32	102
32	103
32	104
32	105
32	106
32	108
32	110
32	112
32	113
32	114
32	115
32	116
32	117
32	119
32	120
33	3
33	4
33	5
33	7
33	8
33	9
33	10
33	11
33	12
33	13
33	16
33	17
33	18
33	23
33	24
33	25
33	26
33	27
33	30
33	33
33	34
33	35
33	36
33	39
33	40
33	41
33	43
33	46
33	47
33	48
33	51
33	53
33	56
33	57
33	60
33	61
33	62
33	63
33	64
33	65
33	69
33	70
33	71
33	73
33	76
33	77
33	79
33	80
33	81
33	84
33	85
33	87
33	88
33	89
33	90
33	91
33	92
33	95
33	98
33	100
33	102
33	103
33	104
33	106
33	107
33	111
33	113
33	115
33	118
33	119
34	1
34	2
34	8
34	10
34	11
34	12
34	13
34	14
34	15
34	16
34	17
34	18
34	22
34	26
34	28
34	29
34	30
34	35
34	37
34	38
34	39
34	40
34	42
34	43
34	44
34	45
34	47
34	50
34	53
34	54
34	55
34	56
34	57
34	59
34	61
34	62
34	64
34	65
34	66
34	68
34	70
34	72
34	73
34	74
34	77
34	78
34	80
34	81
34	82
34	83
34	84
34	86
34	89
34	90
34	92
34	93
34	94
34	95
34	96
34	97
34	99
34	100
34	101
34	102
34	103
34	104
34	105
34	107
34	108
34	109
34	110
34	111
34	113
34	114
34	115
34	118
35	3
35	7
35	10
35	11
35	12
35	14
35	16
35	17
35	19
35	21
35	23
35	24
35	28
35	29
35	30
35	31
35	33
35	35
35	36
35	38
35	39
35	40
35	41
35	42
35	43
35	45
35	46
35	47
35	48
35	49
35	50
35	53
35	54
35	55
35	57
35	58
35	59
35	60
35	61
35	64
35	66
35	67
35	68
35	72
35	75
35	76
35	79
35	80
35	81
35	82
35	83
35	87
35	88
35	89
35	90
35	92
35	94
35	95
35	96
35	97
35	99
35	100
35	101
35	102
35	103
35	105
35	106
35	108
35	109
35	110
35	111
35	112
35	113
35	116
35	118
35	119
36	1
36	2
36	3
36	4
36	6
36	7
36	8
36	9
36	11
36	12
36	13
36	14
36	15
36	19
36	23
36	24
36	25
36	26
36	27
36	28
36	30
36	31
36	32
36	33
36	36
36	38
36	39
36	41
36	43
36	44
36	45
36	46
36	47
36	48
36	49
36	50
36	54
36	55
36	58
36	59
36	61
36	62
36	63
36	65
36	69
36	71
36	72
36	73
36	74
36	75
36	76
36	78
36	79
36	80
36	82
36	84
36	85
36	87
36	88
36	90
36	92
36	93
36	94
36	95
36	100
36	103
36	104
36	105
36	106
36	107
36	110
36	111
36	113
36	114
36	116
36	118
36	119
36	120
37	1
37	2
37	3
37	4
37	5
37	6
37	7
37	8
37	9
37	10
37	11
37	16
37	17
37	19
37	21
37	24
37	25
37	26
37	28
37	29
37	32
37	33
37	34
37	35
37	37
37	39
37	40
37	42
37	44
37	45
37	47
37	48
37	49
37	50
37	51
37	53
37	55
37	56
37	58
37	61
37	62
37	63
37	64
37	66
37	67
37	68
37	69
37	70
37	71
37	73
37	74
37	75
37	80
37	81
37	82
37	83
37	85
37	86
37	87
37	88
37	89
37	90
37	93
37	94
37	95
37	96
37	97
37	99
37	101
37	102
37	103
37	104
37	105
37	106
37	107
37	108
37	109
37	110
37	111
37	113
37	114
37	115
37	117
37	118
37	119
37	120
38	1
38	2
38	5
38	7
38	12
38	14
38	15
38	16
38	17
38	20
38	21
38	23
38	24
38	25
38	26
38	30
38	32
38	33
38	34
38	36
38	37
38	38
38	41
38	42
38	46
38	48
38	50
38	51
38	52
38	54
38	55
38	56
38	57
38	58
38	59
38	60
38	61
38	62
38	63
38	64
38	65
38	67
38	68
38	70
38	71
38	74
38	76
38	77
38	81
38	84
38	85
38	87
38	88
38	89
38	94
38	95
38	96
38	97
38	99
38	100
38	101
38	103
38	104
38	105
38	106
38	107
38	109
38	113
38	114
38	116
38	117
38	118
38	119
38	120
39	1
39	2
39	5
39	7
39	8
39	11
39	12
39	13
39	15
39	16
39	17
39	18
39	19
39	20
39	22
39	23
39	27
39	28
39	29
39	31
39	33
39	34
39	36
39	37
39	38
39	39
39	43
39	45
39	46
39	47
39	48
39	49
39	50
39	53
39	54
39	55
39	56
39	58
39	61
39	62
39	63
39	64
39	65
39	67
39	68
39	69
39	70
39	74
39	75
39	76
39	77
39	79
39	80
39	81
39	83
39	85
39	87
39	89
39	90
39	91
39	92
39	94
39	96
39	97
39	98
39	100
39	101
39	102
39	104
39	105
39	107
39	108
39	111
39	112
39	115
39	116
39	118
39	119
39	120
40	1
40	2
40	3
40	5
40	6
40	7
40	9
40	10
40	12
40	13
40	15
40	16
40	25
40	27
40	28
40	29
40	30
40	31
40	35
40	36
40	38
40	42
40	43
40	45
40	46
40	47
40	49
40	50
40	51
40	52
40	53
40	56
40	57
40	60
40	62
40	63
40	66
40	67
40	69
40	70
40	72
40	73
40	75
40	77
40	78
40	79
40	80
40	82
40	83
40	84
40	86
40	87
40	88
40	89
40	91
40	92
40	93
40	94
40	96
40	97
40	98
40	102
40	103
40	104
40	105
40	106
40	107
40	110
40	111
40	112
40	113
40	115
40	116
40	117
40	119
41	2
41	3
41	4
41	5
41	10
41	11
41	14
41	16
41	18
41	19
41	20
41	21
41	23
41	24
41	25
41	26
41	27
41	28
41	30
41	35
41	36
41	37
41	39
41	40
41	41
41	42
41	43
41	44
41	45
41	46
41	47
41	48
41	50
41	52
41	53
41	56
41	57
41	58
41	59
41	60
41	61
41	62
41	63
41	64
41	66
41	67
41	68
41	71
41	73
41	75
41	76
41	78
41	79
41	80
41	81
41	82
41	84
41	85
41	86
41	92
41	93
41	94
41	96
41	97
41	100
41	101
41	102
41	104
41	109
41	110
41	111
41	112
41	113
41	114
41	116
41	117
41	119
42	1
42	4
42	5
42	7
42	8
42	9
42	10
42	13
42	14
42	15
42	16
42	19
42	20
42	21
42	22
42	23
42	26
42	28
42	29
42	33
42	34
42	35
42	37
42	42
42	43
42	44
42	45
42	46
42	48
42	51
42	52
42	53
42	55
42	57
42	59
42	60
42	62
42	63
42	64
42	67
42	69
42	70
42	72
42	73
42	74
42	77
42	80
42	81
42	82
42	83
42	84
42	85
42	88
42	89
42	90
42	94
42	96
42	98
42	100
42	101
42	102
42	106
42	107
42	110
42	112
42	113
42	116
42	117
42	120
43	1
43	5
43	8
43	9
43	11
43	12
43	13
43	15
43	18
43	21
43	22
43	24
43	28
43	29
43	30
43	32
43	33
43	34
43	36
43	37
43	39
43	42
43	43
43	44
43	45
43	47
43	49
43	52
43	53
43	54
43	58
43	59
43	60
43	61
43	62
43	63
43	64
43	67
43	68
43	69
43	71
43	72
43	73
43	74
43	76
43	78
43	80
43	84
43	85
43	87
43	88
43	89
43	91
43	92
43	95
43	96
43	97
43	98
43	100
43	103
43	104
43	108
43	109
43	110
43	111
43	114
43	115
43	116
43	117
43	120
44	1
44	4
44	5
44	7
44	8
44	9
44	13
44	14
44	15
44	16
44	18
44	19
44	20
44	22
44	24
44	25
44	26
44	27
44	28
44	31
44	32
44	34
44	35
44	36
44	37
44	38
44	39
44	40
44	41
44	43
44	44
44	47
44	49
44	52
44	53
44	54
44	55
44	58
44	59
44	60
44	61
44	63
44	64
44	65
44	67
44	68
44	69
44	71
44	73
44	74
44	75
44	77
44	78
44	79
44	80
44	82
44	85
44	87
44	88
44	91
44	92
44	94
44	95
44	96
44	97
44	98
44	99
44	100
44	102
44	104
44	105
44	107
44	108
44	110
44	111
44	112
44	114
44	115
44	116
44	117
44	118
44	119
45	2
45	4
45	7
45	8
45	9
45	10
45	13
45	14
45	15
45	17
45	18
45	21
45	22
45	23
45	25
45	26
45	28
45	30
45	35
45	36
45	37
45	39
45	41
45	43
45	45
45	47
45	48
45	49
45	50
45	51
45	52
45	53
45	55
45	56
45	58
45	59
45	60
45	61
45	62
45	64
45	65
45	66
45	67
45	68
45	72
45	74
45	75
45	78
45	79
45	80
45	82
45	85
45	87
45	88
45	90
45	91
45	92
45	93
45	95
45	96
45	97
45	98
45	99
45	100
45	102
45	103
45	109
45	110
45	111
45	113
45	114
45	115
45	116
45	117
45	119
45	120
46	2
46	3
46	4
46	6
46	7
46	9
46	11
46	12
46	13
46	14
46	16
46	18
46	20
46	21
46	23
46	24
46	27
46	31
46	33
46	34
46	35
46	37
46	38
46	39
46	41
46	44
46	45
46	46
46	47
46	49
46	51
46	52
46	53
46	54
46	55
46	56
46	57
46	58
46	59
46	60
46	61
46	62
46	63
46	64
46	65
46	67
46	68
46	69
46	70
46	72
46	73
46	76
46	78
46	79
46	80
46	81
46	82
46	83
46	84
46	85
46	87
46	88
46	89
46	92
46	93
46	97
46	99
46	100
46	102
46	103
46	104
46	105
46	106
46	108
46	110
46	112
46	113
46	115
46	116
46	117
46	118
46	119
46	120
47	2
47	5
47	6
47	7
47	8
47	10
47	11
47	13
47	15
47	17
47	20
47	21
47	26
47	27
47	28
47	29
47	30
47	31
47	32
47	33
47	34
47	35
47	37
47	39
47	40
47	41
47	42
47	43
47	44
47	46
47	47
47	49
47	50
47	52
47	53
47	54
47	56
47	57
47	58
47	59
47	60
47	61
47	65
47	66
47	67
47	72
47	75
47	76
47	77
47	78
47	80
47	81
47	82
47	84
47	87
47	88
47	90
47	92
47	93
47	95
47	96
47	97
47	100
47	101
47	102
47	103
47	104
47	106
47	107
47	108
47	109
47	110
47	113
47	114
47	116
47	117
47	119
48	1
48	2
48	4
48	8
48	10
48	11
48	13
48	14
48	15
48	18
48	19
48	22
48	23
48	25
48	26
48	28
48	31
48	33
48	34
48	35
48	38
48	39
48	40
48	41
48	42
48	45
48	47
48	48
48	49
48	50
48	51
48	53
48	56
48	59
48	60
48	61
48	62
48	63
48	66
48	68
48	70
48	71
48	74
48	77
48	78
48	82
48	83
48	84
48	85
48	86
48	87
48	90
48	91
48	94
48	95
48	96
48	97
48	100
48	101
48	103
48	104
48	106
48	107
48	108
48	109
48	110
48	111
48	112
48	113
48	114
48	116
48	117
48	118
48	119
48	120
49	1
49	2
49	3
49	5
49	6
49	7
49	10
49	12
49	13
49	14
49	18
49	19
49	20
49	22
49	24
49	25
49	27
49	32
49	33
49	34
49	35
49	36
49	39
49	40
49	42
49	43
49	44
49	45
49	46
49	47
49	48
49	49
49	50
49	51
49	52
49	55
49	56
49	57
49	58
49	59
49	61
49	64
49	65
49	66
49	67
49	70
49	71
49	72
49	73
49	75
49	76
49	77
49	79
49	81
49	82
49	83
49	85
49	86
49	88
49	89
49	93
49	95
49	96
49	98
49	99
49	100
49	103
49	105
49	106
49	107
49	108
49	109
49	111
49	112
49	114
49	115
49	116
49	117
49	118
49	120
50	1
50	2
50	3
50	4
50	5
50	6
50	7
50	9
50	11
50	13
50	14
50	15
50	17
50	19
50	20
50	21
50	22
50	23
50	24
50	25
50	27
50	28
50	30
50	31
50	32
50	33
50	34
50	36
50	37
50	38
50	39
50	40
50	43
50	44
50	45
50	47
50	48
50	49
50	50
50	52
50	54
50	55
50	56
50	58
50	59
50	62
50	64
50	65
50	66
50	70
50	71
50	72
50	74
50	75
50	77
50	82
50	83
50	84
50	85
50	86
50	87
50	88
50	90
50	92
50	93
50	94
50	96
50	99
50	102
50	105
50	106
50	108
50	109
50	111
50	113
50	114
50	115
50	116
50	117
50	118
50	119
50	120
51	1
51	5
51	6
51	7
51	8
51	10
51	11
51	12
51	14
51	15
51	18
51	21
51	22
51	24
51	29
51	31
51	32
51	34
51	35
51	37
51	42
51	43
51	44
51	45
51	46
51	47
51	49
51	51
51	53
51	54
51	56
51	58
51	65
51	67
51	68
51	70
51	71
51	72
51	75
51	76
51	79
51	81
51	83
51	86
51	88
51	89
51	90
51	91
51	92
51	94
51	95
51	96
51	99
51	101
51	102
51	103
51	104
51	107
51	108
51	110
51	112
51	113
51	114
51	115
51	116
51	118
51	119
51	120
52	1
52	4
52	5
52	9
52	10
52	11
52	12
52	13
52	14
52	15
52	16
52	19
52	20
52	24
52	27
52	28
52	29
52	30
52	32
52	36
52	37
52	38
52	44
52	49
52	50
52	52
52	54
52	57
52	58
52	59
52	60
52	61
52	62
52	65
52	66
52	67
52	68
52	69
52	71
52	74
52	75
52	76
52	77
52	80
52	83
52	84
52	85
52	86
52	87
52	90
52	93
52	96
52	97
52	99
52	100
52	102
52	103
52	104
52	105
52	106
52	107
52	108
52	109
52	113
52	115
52	117
52	118
52	119
52	120
53	1
53	2
53	3
53	5
53	6
53	7
53	8
53	9
53	10
53	11
53	13
53	17
53	19
53	20
53	21
53	24
53	25
53	27
53	28
53	30
53	33
53	40
53	41
53	43
53	44
53	46
53	48
53	50
53	52
53	53
53	54
53	55
53	57
53	59
53	60
53	61
53	63
53	64
53	66
53	68
53	69
53	70
53	71
53	72
53	73
53	74
53	77
53	78
53	79
53	80
53	81
53	82
53	83
53	84
53	85
53	86
53	87
53	88
53	89
53	91
53	93
53	95
53	96
53	101
53	102
53	104
53	105
53	107
53	110
53	111
53	113
53	116
53	117
53	118
53	119
53	120
54	1
54	2
54	3
54	5
54	11
54	12
54	14
54	15
54	16
54	17
54	18
54	19
54	26
54	29
54	32
54	33
54	34
54	35
54	36
54	37
54	39
54	40
54	41
54	42
54	43
54	49
54	50
54	51
54	52
54	54
54	55
54	56
54	58
54	60
54	63
54	64
54	65
54	68
54	69
54	73
54	75
54	76
54	78
54	82
54	83
54	84
54	85
54	86
54	88
54	89
54	93
54	95
54	97
54	98
54	99
54	105
54	106
54	107
54	108
54	110
54	113
54	114
54	115
54	118
54	119
55	1
55	2
55	3
55	5
55	8
55	11
55	14
55	18
55	20
55	21
55	22
55	24
55	25
55	26
55	30
55	31
55	33
55	34
55	36
55	37
55	38
55	40
55	41
55	42
55	44
55	46
55	48
55	50
55	52
55	53
55	55
55	60
55	61
55	62
55	63
55	64
55	67
55	68
55	69
55	70
55	71
55	73
55	74
55	75
55	76
55	78
55	79
55	80
55	81
55	83
55	84
55	85
55	87
55	89
55	90
55	91
55	93
55	94
55	96
55	98
55	99
55	101
55	104
55	106
55	108
55	109
55	110
55	111
55	114
55	120
56	1
56	2
56	3
56	4
56	6
56	7
56	11
56	12
56	13
56	17
56	18
56	19
56	20
56	21
56	22
56	23
56	24
56	25
56	26
56	27
56	28
56	29
56	33
56	34
56	36
56	38
56	39
56	40
56	41
56	43
56	44
56	45
56	46
56	47
56	50
56	51
56	52
56	53
56	59
56	61
56	62
56	63
56	64
56	66
56	67
56	69
56	70
56	71
56	76
56	77
56	78
56	79
56	80
56	81
56	82
56	83
56	84
56	85
56	88
56	89
56	90
56	91
56	92
56	93
56	94
56	96
56	97
56	99
56	100
56	101
56	102
56	104
56	106
56	107
56	108
56	109
56	110
56	111
56	112
56	113
56	114
56	115
56	116
56	117
56	118
56	119
56	120
57	1
57	2
57	4
57	5
57	6
57	7
57	9
57	11
57	12
57	13
57	14
57	15
57	18
57	19
57	20
57	21
57	22
57	23
57	24
57	28
57	30
57	31
57	32
57	35
57	36
57	37
57	38
57	39
57	40
57	41
57	43
57	45
57	46
57	47
57	49
57	53
57	54
57	56
57	57
57	59
57	62
57	63
57	65
57	66
57	67
57	68
57	69
57	70
57	71
57	72
57	74
57	75
57	76
57	77
57	78
57	79
57	80
57	81
57	84
57	85
57	88
57	89
57	90
57	91
57	92
57	94
57	97
57	101
57	103
57	105
57	108
57	109
57	111
57	112
57	114
57	115
57	116
57	117
57	118
57	119
58	1
58	3
58	4
58	5
58	8
58	9
58	11
58	12
58	13
58	14
58	15
58	16
58	17
58	18
58	21
58	24
58	26
58	31
58	32
58	34
58	35
58	36
58	37
58	38
58	39
58	40
58	42
58	43
58	46
58	47
58	48
58	49
58	50
58	51
58	52
58	55
58	57
58	59
58	64
58	65
58	66
58	67
58	68
58	71
58	74
58	75
58	76
58	81
58	82
58	83
58	84
58	85
58	88
58	90
58	92
58	93
58	94
58	96
58	97
58	98
58	99
58	100
58	101
58	102
58	104
58	105
58	106
58	107
58	108
58	110
58	112
58	114
58	115
58	118
58	119
58	120
59	1
59	3
59	4
59	5
59	6
59	7
59	8
59	9
59	10
59	11
59	13
59	14
59	20
59	21
59	22
59	23
59	24
59	26
59	28
59	29
59	30
59	34
59	35
59	37
59	39
59	40
59	41
59	43
59	47
59	48
59	49
59	52
59	53
59	54
59	56
59	57
59	58
59	59
59	62
59	63
59	64
59	66
59	67
59	70
59	71
59	77
59	80
59	84
59	86
59	87
59	88
59	90
59	91
59	92
59	93
59	94
59	96
59	97
59	98
59	100
59	101
59	102
59	103
59	104
59	105
59	108
59	109
59	111
59	112
59	113
59	114
59	116
59	117
60	1
60	3
60	4
60	5
60	6
60	8
60	10
60	11
60	12
60	14
60	16
60	17
60	18
60	20
60	21
60	23
60	24
60	27
60	28
60	29
60	30
60	32
60	36
60	37
60	39
60	42
60	43
60	44
60	45
60	46
60	49
60	50
60	52
60	54
60	59
60	60
60	62
60	64
60	65
60	66
60	68
60	69
60	73
60	74
60	77
60	80
60	81
60	82
60	83
60	84
60	85
60	86
60	87
60	88
60	89
60	91
60	92
60	93
60	97
60	99
60	100
60	101
60	103
60	104
60	107
60	109
60	111
60	112
60	114
60	115
60	117
60	118
60	119
61	1
61	3
61	4
61	5
61	9
61	13
61	15
61	16
61	17
61	18
61	19
61	20
61	21
61	22
61	25
61	26
61	27
61	28
61	31
61	32
61	36
61	37
61	41
61	44
61	46
61	47
61	48
61	49
61	50
61	52
61	53
61	57
61	58
61	59
61	61
61	63
61	67
61	68
61	69
61	70
61	73
61	77
61	78
61	80
61	81
61	86
61	87
61	88
61	89
61	92
61	94
61	96
61	99
61	100
61	101
61	102
61	103
61	107
61	115
61	116
61	117
61	119
62	1
62	2
62	3
62	5
62	6
62	7
62	8
62	10
62	11
62	14
62	16
62	17
62	19
62	21
62	25
62	26
62	27
62	28
62	33
62	34
62	35
62	36
62	39
62	40
62	41
62	46
62	47
62	48
62	49
62	50
62	51
62	53
62	54
62	56
62	57
62	58
62	59
62	60
62	61
62	62
62	63
62	64
62	67
62	68
62	69
62	71
62	72
62	73
62	74
62	75
62	76
62	79
62	80
62	81
62	82
62	86
62	89
62	90
62	91
62	96
62	97
62	98
62	100
62	103
62	105
62	106
62	108
62	109
62	110
62	111
62	112
62	113
62	114
62	117
62	120
63	2
63	3
63	4
63	5
63	6
63	7
63	8
63	9
63	10
63	11
63	12
63	15
63	18
63	19
63	22
63	23
63	24
63	28
63	29
63	30
63	32
63	33
63	34
63	35
63	36
63	37
63	40
63	41
63	42
63	43
63	46
63	48
63	49
63	51
63	52
63	53
63	56
63	57
63	58
63	59
63	61
63	62
63	65
63	66
63	68
63	70
63	73
63	74
63	76
63	77
63	78
63	79
63	82
63	83
63	84
63	87
63	88
63	89
63	90
63	91
63	92
63	93
63	94
63	96
63	97
63	99
63	100
63	101
63	102
63	103
63	104
63	105
63	106
63	107
63	108
63	110
63	111
63	113
63	114
63	116
63	117
63	118
63	120
64	2
64	10
64	11
64	12
64	13
64	16
64	17
64	18
64	20
64	21
64	23
64	24
64	25
64	26
64	27
64	28
64	30
64	33
64	34
64	35
64	37
64	38
64	39
64	40
64	41
64	43
64	44
64	47
64	52
64	53
64	54
64	56
64	57
64	59
64	63
64	66
64	67
64	69
64	71
64	72
64	73
64	75
64	76
64	77
64	78
64	79
64	81
64	83
64	84
64	85
64	86
64	87
64	88
64	89
64	91
64	92
64	93
64	96
64	98
64	100
64	101
64	105
64	107
64	108
64	110
64	111
64	113
64	114
64	115
64	116
64	117
64	118
64	119
64	120
65	1
65	3
65	4
65	5
65	7
65	9
65	11
65	13
65	15
65	17
65	18
65	20
65	21
65	22
65	24
65	25
65	28
65	29
65	30
65	31
65	32
65	38
65	39
65	40
65	41
65	42
65	43
65	45
65	47
65	50
65	52
65	54
65	55
65	58
65	59
65	61
65	62
65	64
65	67
65	68
65	69
65	70
65	72
65	73
65	76
65	77
65	78
65	79
65	81
65	82
65	86
65	88
65	90
65	91
65	96
65	97
65	99
65	101
65	102
65	104
65	105
65	106
65	107
65	109
65	115
65	119
66	3
66	4
66	6
66	11
66	12
66	13
66	15
66	16
66	17
66	19
66	20
66	24
66	26
66	27
66	28
66	30
66	31
66	32
66	33
66	34
66	36
66	38
66	42
66	43
66	44
66	45
66	47
66	48
66	49
66	50
66	52
66	53
66	54
66	55
66	56
66	57
66	58
66	59
66	61
66	69
66	70
66	71
66	72
66	73
66	76
66	78
66	79
66	80
66	82
66	83
66	84
66	85
66	86
66	88
66	89
66	90
66	91
66	92
66	95
66	96
66	97
66	98
66	99
66	100
66	101
66	102
66	104
66	105
66	107
66	109
66	110
66	112
66	113
66	114
66	115
66	119
67	1
67	4
67	7
67	8
67	9
67	11
67	13
67	16
67	17
67	20
67	23
67	24
67	27
67	30
67	31
67	34
67	35
67	36
67	38
67	39
67	40
67	43
67	44
67	45
67	48
67	50
67	51
67	52
67	53
67	55
67	56
67	57
67	58
67	61
67	65
67	67
67	70
67	71
67	73
67	75
67	77
67	79
67	80
67	82
67	84
67	86
67	87
67	89
67	91
67	92
67	93
67	94
67	95
67	97
67	99
67	100
67	102
67	103
67	104
67	105
67	106
67	107
67	108
67	109
67	110
67	114
67	115
67	118
67	120
68	1
68	4
68	5
68	6
68	7
68	8
68	9
68	10
68	12
68	14
68	16
68	17
68	18
68	19
68	21
68	22
68	23
68	24
68	25
68	26
68	28
68	31
68	33
68	34
68	36
68	40
68	41
68	42
68	43
68	45
68	46
68	47
68	50
68	51
68	52
68	55
68	57
68	59
68	60
68	61
68	62
68	63
68	65
68	66
68	68
68	69
68	70
68	71
68	72
68	74
68	76
68	77
68	78
68	83
68	85
68	86
68	87
68	88
68	89
68	92
68	94
68	95
68	98
68	100
68	101
68	102
68	104
68	105
68	109
68	111
68	112
68	117
68	118
68	120
69	1
69	3
69	5
69	6
69	7
69	8
69	9
69	12
69	13
69	14
69	15
69	16
69	18
69	19
69	20
69	21
69	22
69	23
69	24
69	26
69	27
69	29
69	31
69	33
69	35
69	37
69	39
69	42
69	43
69	46
69	47
69	48
69	49
69	50
69	51
69	52
69	54
69	55
69	56
69	58
69	60
69	61
69	63
69	64
69	66
69	68
69	69
69	70
69	71
69	73
69	74
69	75
69	76
69	78
69	79
69	84
69	85
69	86
69	87
69	88
69	89
69	90
69	91
69	92
69	93
69	95
69	96
69	97
69	101
69	102
69	103
69	104
69	106
69	108
69	109
69	110
69	111
69	114
69	115
69	116
69	118
69	119
69	120
70	2
70	3
70	6
70	7
70	8
70	9
70	10
70	11
70	14
70	16
70	17
70	18
70	20
70	22
70	26
70	28
70	29
70	30
70	31
70	32
70	33
70	34
70	35
70	37
70	41
70	42
70	44
70	45
70	46
70	47
70	48
70	50
70	51
70	52
70	53
70	58
70	59
70	61
70	62
70	65
70	66
70	67
70	75
70	76
70	79
70	80
70	82
70	84
70	87
70	88
70	90
70	91
70	92
70	94
70	95
70	96
70	97
70	98
70	100
70	102
70	103
70	104
70	106
70	108
70	112
70	113
70	114
70	115
70	116
70	118
70	119
71	1
71	2
71	3
71	5
71	8
71	9
71	10
71	11
71	12
71	15
71	18
71	22
71	24
71	26
71	27
71	28
71	29
71	30
71	31
71	32
71	35
71	36
71	39
71	40
71	41
71	42
71	43
71	45
71	46
71	47
71	49
71	51
71	52
71	59
71	62
71	63
71	65
71	66
71	67
71	69
71	72
71	73
71	74
71	75
71	76
71	77
71	80
71	81
71	84
71	85
71	86
71	87
71	88
71	90
71	91
71	92
71	93
71	94
71	95
71	98
71	100
71	102
71	104
71	107
71	108
71	109
71	111
71	112
71	114
71	118
71	119
71	120
72	6
72	7
72	8
72	9
72	10
72	12
72	14
72	15
72	18
72	19
72	21
72	22
72	23
72	24
72	25
72	26
72	27
72	29
72	31
72	35
72	36
72	37
72	38
72	39
72	40
72	41
72	43
72	44
72	46
72	47
72	48
72	49
72	50
72	51
72	54
72	55
72	57
72	59
72	61
72	62
72	63
72	67
72	69
72	70
72	71
72	74
72	75
72	77
72	79
72	80
72	81
72	84
72	85
72	88
72	92
72	93
72	94
72	95
72	97
72	99
72	100
72	101
72	103
72	105
72	107
72	108
72	111
72	112
72	113
72	116
72	117
72	118
72	119
73	1
73	3
73	4
73	7
73	8
73	9
73	11
73	12
73	13
73	14
73	17
73	18
73	20
73	21
73	22
73	23
73	24
73	25
73	27
73	30
73	31
73	34
73	35
73	36
73	37
73	40
73	42
73	43
73	45
73	46
73	48
73	50
73	51
73	54
73	55
73	57
73	59
73	60
73	62
73	63
73	64
73	65
73	67
73	71
73	72
73	73
73	74
73	75
73	76
73	78
73	79
73	81
73	82
73	83
73	84
73	85
73	87
73	88
73	90
73	91
73	92
73	93
73	94
73	95
73	98
73	99
73	100
73	101
73	102
73	104
73	105
73	106
73	110
73	112
73	114
73	115
73	116
73	117
74	1
74	2
74	5
74	6
74	7
74	8
74	9
74	10
74	14
74	16
74	17
74	18
74	19
74	20
74	21
74	22
74	23
74	24
74	25
74	27
74	29
74	30
74	31
74	33
74	34
74	35
74	36
74	37
74	38
74	39
74	42
74	43
74	44
74	46
74	47
74	48
74	49
74	51
74	54
74	56
74	58
74	59
74	62
74	65
74	66
74	67
74	68
74	69
74	71
74	72
74	73
74	74
74	75
74	77
74	78
74	84
74	85
74	86
74	87
74	88
74	90
74	91
74	92
74	93
74	94
74	95
74	96
74	97
74	99
74	100
74	101
74	102
74	104
74	105
74	107
74	108
74	109
74	113
74	115
74	120
75	2
75	3
75	4
75	6
75	9
75	14
75	15
75	18
75	20
75	21
75	24
75	26
75	27
75	28
75	29
75	30
75	31
75	32
75	33
75	36
75	37
75	40
75	41
75	43
75	44
75	45
75	46
75	47
75	48
75	49
75	52
75	53
75	58
75	59
75	60
75	61
75	62
75	63
75	64
75	65
75	67
75	68
75	70
75	73
75	74
75	75
75	77
75	78
75	79
75	80
75	81
75	83
75	84
75	85
75	86
75	87
75	88
75	89
75	93
75	96
75	97
75	98
75	99
75	100
75	102
75	104
75	105
75	108
75	109
75	110
75	112
75	113
75	114
75	116
75	117
76	2
76	4
76	5
76	7
76	9
76	11
76	12
76	13
76	20
76	23
76	24
76	25
76	26
76	28
76	29
76	32
76	33
76	37
76	39
76	40
76	41
76	43
76	44
76	45
76	46
76	47
76	49
76	50
76	51
76	52
76	55
76	59
76	63
76	64
76	65
76	67
76	69
76	70
76	71
76	72
76	73
76	74
76	75
76	76
76	77
76	78
76	80
76	81
76	83
76	87
76	89
76	90
76	94
76	96
76	97
76	98
76	99
76	100
76	101
76	102
76	103
76	104
76	105
76	107
76	108
76	109
76	113
76	114
76	115
76	117
76	118
76	120
77	3
77	5
77	6
77	7
77	8
77	10
77	12
77	13
77	15
77	17
77	18
77	20
77	22
77	23
77	25
77	27
77	28
77	30
77	31
77	32
77	33
77	34
77	35
77	36
77	38
77	40
77	42
77	45
77	46
77	47
77	49
77	50
77	51
77	52
77	53
77	61
77	63
77	65
77	66
77	68
77	72
77	76
77	77
77	78
77	79
77	80
77	81
77	82
77	84
77	85
77	87
77	88
77	89
77	90
77	91
77	92
77	93
77	94
77	95
77	96
77	98
77	99
77	102
77	104
77	105
77	106
77	107
77	108
77	109
77	110
77	115
77	117
77	118
78	1
78	2
78	3
78	6
78	7
78	11
78	14
78	15
78	17
78	18
78	20
78	21
78	22
78	23
78	25
78	26
78	27
78	28
78	30
78	31
78	33
78	34
78	36
78	37
78	38
78	39
78	41
78	42
78	43
78	45
78	46
78	47
78	49
78	50
78	51
78	52
78	53
78	54
78	55
78	57
78	58
78	64
78	65
78	67
78	69
78	73
78	74
78	76
78	77
78	78
78	79
78	81
78	83
78	84
78	88
78	90
78	91
78	92
78	93
78	94
78	95
78	96
78	97
78	98
78	100
78	101
78	102
78	103
78	105
78	107
78	108
78	112
78	113
78	114
78	116
78	117
78	118
78	120
79	2
79	3
79	4
79	5
79	12
79	14
79	16
79	17
79	19
79	20
79	21
79	23
79	24
79	25
79	26
79	29
79	30
79	32
79	34
79	35
79	37
79	39
79	40
79	41
79	42
79	46
79	48
79	51
79	52
79	53
79	54
79	57
79	58
79	59
79	60
79	61
79	63
79	64
79	65
79	68
79	69
79	70
79	71
79	72
79	73
79	75
79	76
79	77
79	78
79	81
79	83
79	84
79	90
79	91
79	92
79	96
79	97
79	98
79	99
79	101
79	102
79	103
79	108
79	111
79	114
79	117
79	118
80	4
80	5
80	6
80	7
80	8
80	9
80	11
80	13
80	23
80	24
80	26
80	27
80	30
80	31
80	36
80	37
80	38
80	39
80	40
80	42
80	44
80	45
80	47
80	48
80	52
80	53
80	54
80	55
80	56
80	57
80	58
80	61
80	62
80	63
80	64
80	66
80	67
80	68
80	69
80	70
80	73
80	74
80	75
80	76
80	78
80	79
80	80
80	82
80	83
80	84
80	85
80	86
80	88
80	91
80	94
80	95
80	96
80	97
80	98
80	101
80	102
80	103
80	104
80	105
80	106
80	108
80	109
80	110
80	112
80	115
80	116
80	118
80	119
81	1
81	2
81	3
81	4
81	5
81	6
81	7
81	8
81	9
81	11
81	12
81	14
81	15
81	17
81	18
81	20
81	21
81	22
81	25
81	26
81	27
81	28
81	31
81	34
81	35
81	36
81	37
81	39
81	40
81	45
81	46
81	48
81	49
81	50
81	51
81	54
81	55
81	56
81	57
81	58
81	59
81	60
81	61
81	66
81	67
81	69
81	70
81	72
81	73
81	74
81	75
81	77
81	79
81	81
81	82
81	83
81	84
81	86
81	87
81	88
81	89
81	90
81	92
81	93
81	95
81	96
81	99
81	100
81	101
81	103
81	104
81	106
81	107
81	108
81	110
81	111
81	112
81	113
81	114
81	115
81	116
81	118
81	120
82	1
82	2
82	3
82	5
82	6
82	7
82	9
82	10
82	12
82	14
82	17
82	19
82	20
82	21
82	22
82	23
82	25
82	29
82	30
82	31
82	32
82	33
82	35
82	37
82	38
82	39
82	41
82	42
82	43
82	45
82	47
82	50
82	51
82	53
82	54
82	55
82	58
82	59
82	60
82	62
82	64
82	66
82	68
82	70
82	72
82	73
82	74
82	75
82	76
82	78
82	79
82	80
82	82
82	83
82	84
82	86
82	87
82	91
82	92
82	96
82	97
82	98
82	99
82	101
82	103
82	106
82	107
82	108
82	109
82	110
82	111
82	112
82	113
82	114
82	116
82	119
83	2
83	3
83	4
83	7
83	8
83	9
83	10
83	12
83	13
83	14
83	15
83	16
83	17
83	19
83	20
83	23
83	25
83	26
83	27
83	30
83	31
83	33
83	36
83	37
83	38
83	39
83	40
83	41
83	43
83	44
83	45
83	47
83	48
83	49
83	50
83	51
83	52
83	53
83	54
83	55
83	56
83	57
83	58
83	59
83	61
83	63
83	64
83	67
83	68
83	69
83	70
83	71
83	72
83	73
83	74
83	75
83	76
83	78
83	79
83	81
83	82
83	83
83	84
83	86
83	87
83	89
83	90
83	91
83	93
83	95
83	96
83	97
83	99
83	102
83	103
83	105
83	106
83	108
83	109
83	113
83	118
83	119
83	120
84	1
84	3
84	7
84	10
84	11
84	14
84	16
84	17
84	19
84	20
84	21
84	23
84	24
84	26
84	27
84	29
84	30
84	31
84	33
84	34
84	35
84	36
84	39
84	41
84	42
84	43
84	45
84	47
84	48
84	51
84	52
84	53
84	54
84	56
84	58
84	59
84	60
84	61
84	62
84	64
84	66
84	67
84	69
84	70
84	72
84	73
84	74
84	76
84	77
84	79
84	81
84	82
84	83
84	84
84	86
84	87
84	88
84	94
84	95
84	99
84	101
84	102
84	103
84	106
84	107
84	109
84	110
84	113
84	117
84	119
84	120
85	3
85	6
85	7
85	10
85	11
85	12
85	14
85	15
85	16
85	19
85	20
85	23
85	25
85	26
85	27
85	28
85	30
85	35
85	36
85	39
85	41
85	42
85	43
85	46
85	47
85	48
85	49
85	51
85	55
85	56
85	57
85	58
85	60
85	61
85	62
85	64
85	67
85	68
85	69
85	70
85	73
85	74
85	75
85	76
85	77
85	78
85	80
85	82
85	83
85	85
85	87
85	88
85	89
85	90
85	91
85	92
85	95
85	96
85	97
85	99
85	101
85	102
85	103
85	104
85	105
85	106
85	107
85	109
85	112
85	114
85	115
85	116
85	117
85	118
85	119
86	1
86	2
86	4
86	6
86	7
86	8
86	9
86	10
86	11
86	15
86	16
86	21
86	22
86	23
86	24
86	27
86	28
86	29
86	31
86	32
86	33
86	34
86	35
86	36
86	39
86	40
86	41
86	43
86	44
86	45
86	46
86	47
86	49
86	51
86	52
86	53
86	54
86	55
86	56
86	57
86	58
86	59
86	63
86	64
86	65
86	68
86	70
86	71
86	72
86	75
86	78
86	80
86	82
86	84
86	85
86	90
86	91
86	92
86	93
86	94
86	96
86	97
86	98
86	99
86	100
86	101
86	102
86	103
86	104
86	105
86	106
86	107
86	109
86	110
86	111
86	112
86	114
86	115
86	116
86	117
86	118
86	120
87	1
87	2
87	4
87	5
87	8
87	9
87	10
87	11
87	12
87	13
87	14
87	15
87	16
87	17
87	18
87	19
87	21
87	26
87	27
87	30
87	34
87	37
87	38
87	39
87	40
87	42
87	44
87	45
87	46
87	48
87	49
87	52
87	53
87	55
87	57
87	58
87	59
87	60
87	64
87	65
87	68
87	75
87	76
87	78
87	79
87	80
87	81
87	83
87	86
87	87
87	88
87	92
87	93
87	94
87	96
87	97
87	98
87	99
87	101
87	102
87	104
87	105
87	106
87	107
87	110
87	111
87	115
87	118
87	119
87	120
88	1
88	4
88	6
88	7
88	8
88	9
88	11
88	13
88	14
88	17
88	18
88	20
88	22
88	24
88	25
88	26
88	27
88	29
88	30
88	31
88	32
88	33
88	34
88	36
88	37
88	38
88	39
88	40
88	41
88	42
88	43
88	45
88	51
88	53
88	54
88	55
88	57
88	60
88	63
88	64
88	65
88	66
88	67
88	68
88	69
88	70
88	71
88	72
88	73
88	74
88	75
88	76
88	79
88	80
88	81
88	83
88	84
88	89
88	91
88	92
88	93
88	94
88	95
88	97
88	100
88	102
88	103
88	104
88	106
88	107
88	111
88	112
88	113
88	116
88	117
88	119
88	120
89	1
89	2
89	4
89	5
89	7
89	8
89	9
89	12
89	14
89	15
89	16
89	17
89	19
89	20
89	21
89	22
89	23
89	24
89	25
89	27
89	28
89	29
89	30
89	31
89	32
89	33
89	34
89	35
89	37
89	38
89	41
89	43
89	44
89	46
89	49
89	50
89	53
89	54
89	56
89	58
89	59
89	62
89	63
89	65
89	66
89	68
89	71
89	72
89	74
89	75
89	77
89	81
89	82
89	83
89	84
89	85
89	87
89	88
89	89
89	90
89	92
89	93
89	96
89	100
89	101
89	102
89	103
89	104
89	105
89	108
89	109
89	111
89	112
89	113
89	115
89	116
89	119
90	1
90	2
90	3
90	7
90	8
90	9
90	10
90	11
90	12
90	16
90	17
90	19
90	20
90	21
90	22
90	23
90	27
90	28
90	29
90	31
90	32
90	34
90	35
90	36
90	44
90	45
90	48
90	49
90	50
90	52
90	53
90	54
90	55
90	56
90	59
90	60
90	61
90	62
90	64
90	65
90	66
90	67
90	68
90	69
90	72
90	73
90	75
90	76
90	77
90	80
90	83
90	84
90	85
90	86
90	87
90	88
90	89
90	91
90	92
90	94
90	95
90	104
90	105
90	106
90	107
90	108
90	111
90	112
90	116
90	117
90	119
90	120
91	1
91	3
91	4
91	6
91	7
91	8
91	10
91	11
91	12
91	13
91	14
91	16
91	17
91	18
91	19
91	20
91	21
91	22
91	23
91	24
91	27
91	28
91	29
91	33
91	35
91	37
91	38
91	41
91	43
91	44
91	46
91	47
91	48
91	49
91	53
91	54
91	56
91	58
91	60
91	61
91	65
91	66
91	68
91	69
91	70
91	71
91	75
91	78
91	80
91	82
91	83
91	84
91	85
91	86
91	87
91	89
91	90
91	92
91	93
91	94
91	95
91	97
91	99
91	102
91	103
91	105
91	106
91	107
91	108
91	109
91	110
91	111
91	112
91	116
91	118
91	119
92	3
92	4
92	5
92	6
92	7
92	8
92	9
92	10
92	13
92	14
92	16
92	19
92	20
92	21
92	22
92	23
92	24
92	25
92	29
92	30
92	31
92	32
92	33
92	34
92	35
92	36
92	38
92	40
92	41
92	42
92	43
92	46
92	48
92	49
92	50
92	51
92	52
92	53
92	55
92	56
92	58
92	60
92	61
92	64
92	66
92	67
92	68
92	69
92	71
92	72
92	75
92	78
92	79
92	80
92	82
92	83
92	84
92	85
92	86
92	87
92	91
92	92
92	93
92	94
92	95
92	96
92	97
92	99
92	100
92	101
92	102
92	103
92	104
92	105
92	106
92	107
92	111
92	112
92	113
92	114
92	115
92	116
92	118
92	119
92	120
93	1
93	5
93	6
93	7
93	8
93	11
93	12
93	14
93	16
93	18
93	19
93	20
93	21
93	23
93	25
93	26
93	28
93	32
93	34
93	35
93	36
93	38
93	43
93	44
93	45
93	46
93	48
93	49
93	50
93	51
93	52
93	53
93	54
93	57
93	58
93	60
93	61
93	63
93	64
93	65
93	66
93	67
93	68
93	72
93	77
93	78
93	79
93	81
93	82
93	83
93	84
93	86
93	87
93	89
93	90
93	91
93	92
93	93
93	94
93	95
93	97
93	98
93	99
93	100
93	104
93	105
93	107
93	110
93	111
93	113
93	114
93	115
93	116
93	118
93	120
94	1
94	2
94	8
94	9
94	10
94	11
94	12
94	17
94	19
94	21
94	22
94	25
94	26
94	27
94	28
94	30
94	32
94	33
94	34
94	35
94	36
94	37
94	38
94	39
94	40
94	43
94	44
94	46
94	48
94	49
94	52
94	54
94	55
94	56
94	57
94	58
94	59
94	60
94	61
94	68
94	69
94	72
94	73
94	74
94	76
94	78
94	79
94	83
94	84
94	85
94	86
94	89
94	91
94	92
94	96
94	97
94	98
94	103
94	104
94	105
94	108
94	109
94	112
94	114
94	115
94	116
94	118
94	119
95	1
95	2
95	6
95	7
95	11
95	12
95	13
95	14
95	15
95	16
95	17
95	19
95	20
95	21
95	22
95	23
95	24
95	26
95	29
95	30
95	31
95	32
95	33
95	35
95	37
95	38
95	40
95	41
95	42
95	43
95	46
95	47
95	50
95	51
95	53
95	57
95	58
95	59
95	60
95	61
95	63
95	64
95	67
95	68
95	69
95	70
95	71
95	72
95	73
95	75
95	78
95	79
95	80
95	84
95	85
95	87
95	88
95	90
95	93
95	94
95	96
95	97
95	98
95	99
95	100
95	101
95	102
95	103
95	109
95	113
95	114
95	115
95	116
95	117
95	118
95	119
96	1
96	4
96	6
96	7
96	9
96	10
96	13
96	17
96	19
96	20
96	21
96	22
96	24
96	25
96	27
96	28
96	29
96	33
96	35
96	39
96	40
96	42
96	43
96	44
96	45
96	47
96	50
96	51
96	52
96	55
96	57
96	59
96	60
96	61
96	63
96	67
96	69
96	70
96	75
96	76
96	77
96	78
96	80
96	84
96	85
96	86
96	88
96	90
96	91
96	92
96	93
96	94
96	96
96	98
96	100
96	104
96	105
96	106
96	107
96	109
96	110
96	111
96	112
96	113
96	115
96	118
97	1
97	2
97	3
97	8
97	9
97	10
97	13
97	14
97	16
97	19
97	22
97	23
97	27
97	28
97	29
97	32
97	33
97	34
97	38
97	39
97	41
97	42
97	43
97	47
97	48
97	49
97	50
97	51
97	52
97	54
97	56
97	57
97	58
97	59
97	60
97	61
97	62
97	64
97	65
97	66
97	68
97	71
97	72
97	73
97	75
97	76
97	79
97	80
97	81
97	82
97	83
97	84
97	85
97	87
97	88
97	89
97	90
97	95
97	99
97	101
97	103
97	104
97	107
97	109
97	111
97	113
97	114
97	117
98	1
98	2
98	5
98	6
98	8
98	9
98	10
98	14
98	15
98	16
98	19
98	20
98	21
98	22
98	23
98	24
98	26
98	29
98	30
98	31
98	33
98	34
98	35
98	36
98	37
98	38
98	40
98	41
98	42
98	44
98	46
98	48
98	49
98	50
98	51
98	52
98	53
98	54
98	55
98	56
98	57
98	61
98	62
98	63
98	64
98	65
98	67
98	68
98	71
98	72
98	74
98	76
98	77
98	78
98	80
98	81
98	82
98	85
98	86
98	87
98	89
98	90
98	93
98	94
98	95
98	99
98	101
98	104
98	105
98	106
98	109
98	111
98	112
98	113
98	114
98	115
98	116
98	118
98	120
99	2
99	3
99	5
99	6
99	8
99	10
99	13
99	14
99	15
99	16
99	17
99	19
99	20
99	21
99	22
99	25
99	29
99	30
99	33
99	34
99	35
99	36
99	37
99	38
99	40
99	45
99	47
99	50
99	51
99	52
99	53
99	54
99	55
99	56
99	57
99	58
99	59
99	60
99	62
99	63
99	64
99	67
99	68
99	69
99	70
99	71
99	72
99	73
99	76
99	78
99	80
99	83
99	84
99	87
99	88
99	91
99	92
99	93
99	94
99	95
99	97
99	98
99	99
99	102
99	103
99	104
99	105
99	107
99	108
99	109
99	117
99	118
100	1
100	3
100	4
100	5
100	7
100	8
100	9
100	10
100	11
100	12
100	13
100	14
100	16
100	19
100	20
100	21
100	22
100	23
100	24
100	27
100	28
100	31
100	34
100	35
100	38
100	39
100	40
100	41
100	42
100	43
100	45
100	47
100	48
100	49
100	50
100	51
100	53
100	54
100	55
100	57
100	59
100	62
100	64
100	66
100	67
100	68
100	69
100	70
100	71
100	72
100	73
100	76
100	77
100	78
100	79
100	81
100	82
100	83
100	84
100	85
100	86
100	87
100	88
100	90
100	91
100	93
100	94
100	95
100	97
100	98
100	99
100	100
100	101
100	104
100	105
100	107
100	113
100	114
100	115
100	116
100	117
100	118
100	119
101	1
101	4
101	7
101	8
101	9
101	11
101	12
101	13
101	14
101	19
101	20
101	22
101	23
101	24
101	25
101	26
101	30
101	32
101	35
101	37
101	39
101	43
101	44
101	47
101	48
101	49
101	51
101	55
101	56
101	57
101	59
101	60
101	61
101	63
101	64
101	65
101	66
101	67
101	68
101	70
101	73
101	74
101	75
101	76
101	78
101	80
101	82
101	84
101	88
101	90
101	92
101	93
101	96
101	97
101	98
101	100
101	101
101	102
101	104
101	105
101	107
101	110
101	112
101	113
101	114
101	115
101	118
101	119
101	120
102	2
102	3
102	4
102	6
102	7
102	11
102	12
102	13
102	14
102	15
102	16
102	17
102	20
102	24
102	25
102	27
102	29
102	31
102	34
102	35
102	36
102	38
102	41
102	42
102	43
102	47
102	49
102	51
102	52
102	53
102	55
102	56
102	57
102	58
102	59
102	60
102	61
102	62
102	68
102	71
102	72
102	73
102	74
102	75
102	78
102	79
102	80
102	81
102	83
102	85
102	86
102	87
102	88
102	89
102	90
102	92
102	93
102	96
102	97
102	99
102	103
102	104
102	105
102	107
102	108
102	110
102	114
102	115
102	116
102	119
103	2
103	3
103	4
103	5
103	7
103	8
103	9
103	11
103	13
103	14
103	17
103	18
103	19
103	20
103	21
103	22
103	23
103	24
103	25
103	27
103	28
103	29
103	30
103	31
103	32
103	34
103	35
103	36
103	37
103	38
103	39
103	40
103	41
103	42
103	44
103	45
103	46
103	48
103	49
103	51
103	53
103	54
103	55
103	56
103	57
103	58
103	59
103	60
103	61
103	66
103	68
103	69
103	70
103	75
103	77
103	78
103	79
103	80
103	81
103	82
103	85
103	86
103	87
103	89
103	91
103	92
103	93
103	94
103	96
103	99
103	100
103	102
103	103
103	104
103	105
103	106
103	107
103	108
103	110
103	112
103	113
103	114
103	116
103	118
104	1
104	2
104	3
104	5
104	6
104	7
104	13
104	14
104	15
104	17
104	19
104	20
104	21
104	22
104	23
104	24
104	25
104	26
104	27
104	28
104	29
104	30
104	31
104	34
104	38
104	40
104	41
104	43
104	44
104	46
104	47
104	48
104	50
104	52
104	53
104	54
104	55
104	57
104	59
104	61
104	63
104	64
104	65
104	68
104	72
104	73
104	74
104	77
104	78
104	80
104	81
104	83
104	84
104	87
104	88
104	89
104	91
104	94
104	98
104	99
104	100
104	101
104	102
104	103
104	104
104	105
104	106
104	108
104	109
104	111
104	112
104	115
104	117
104	119
104	120
105	1
105	2
105	3
105	4
105	7
105	8
105	9
105	10
105	12
105	14
105	16
105	18
105	22
105	25
105	29
105	32
105	35
105	36
105	38
105	40
105	42
105	45
105	46
105	47
105	48
105	50
105	51
105	52
105	53
105	54
105	57
105	58
105	61
105	63
105	64
105	65
105	67
105	68
105	69
105	70
105	71
105	72
105	73
105	76
105	77
105	80
105	82
105	83
105	86
105	87
105	88
105	90
105	92
105	93
105	94
105	96
105	97
105	100
105	101
105	103
105	104
105	106
105	107
105	108
105	109
105	110
105	111
105	112
105	113
105	114
105	116
105	119
105	120
106	1
106	2
106	3
106	5
106	7
106	8
106	9
106	10
106	11
106	14
106	15
106	16
106	17
106	18
106	19
106	20
106	21
106	24
106	26
106	27
106	28
106	29
106	30
106	32
106	36
106	37
106	38
106	39
106	41
106	42
106	45
106	47
106	48
106	49
106	51
106	52
106	53
106	54
106	57
106	59
106	61
106	62
106	63
106	64
106	65
106	66
106	70
106	73
106	75
106	76
106	77
106	79
106	80
106	81
106	82
106	83
106	84
106	85
106	86
106	89
106	92
106	96
106	97
106	99
106	100
106	101
106	102
106	103
106	104
106	106
106	107
106	113
106	115
106	119
106	120
107	1
107	2
107	3
107	5
107	6
107	7
107	8
107	9
107	12
107	13
107	15
107	16
107	17
107	18
107	19
107	21
107	22
107	23
107	24
107	26
107	27
107	29
107	30
107	34
107	36
107	38
107	39
107	40
107	41
107	42
107	43
107	44
107	45
107	47
107	48
107	49
107	50
107	51
107	53
107	54
107	56
107	57
107	58
107	63
107	64
107	65
107	67
107	69
107	70
107	71
107	73
107	75
107	79
107	81
107	82
107	83
107	84
107	85
107	86
107	87
107	88
107	90
107	92
107	93
107	94
107	95
107	97
107	98
107	99
107	100
107	101
107	102
107	104
107	107
107	109
107	110
107	111
107	113
107	114
107	115
107	117
107	118
107	120
108	3
108	6
108	7
108	8
108	9
108	10
108	11
108	12
108	13
108	14
108	15
108	17
108	18
108	19
108	21
108	22
108	23
108	24
108	25
108	27
108	28
108	29
108	31
108	34
108	35
108	36
108	39
108	40
108	43
108	45
108	46
108	47
108	48
108	49
108	51
108	53
108	54
108	57
108	61
108	63
108	68
108	71
108	72
108	73
108	74
108	76
108	79
108	80
108	81
108	83
108	85
108	86
108	87
108	88
108	90
108	91
108	92
108	94
108	95
108	101
108	103
108	105
108	106
108	107
108	108
108	109
108	110
108	111
108	112
108	116
108	117
108	118
108	119
109	1
109	3
109	10
109	11
109	12
109	13
109	14
109	15
109	17
109	21
109	22
109	25
109	27
109	29
109	30
109	32
109	33
109	34
109	35
109	37
109	40
109	41
109	42
109	43
109	44
109	46
109	47
109	50
109	53
109	54
109	56
109	57
109	58
109	59
109	60
109	61
109	64
109	65
109	66
109	67
109	70
109	71
109	76
109	77
109	78
109	79
109	81
109	85
109	86
109	87
109	88
109	90
109	91
109	94
109	96
109	97
109	99
109	100
109	101
109	102
109	103
109	104
109	105
109	106
109	108
109	109
109	111
109	113
109	117
109	118
110	1
110	2
110	4
110	5
110	6
110	8
110	9
110	10
110	11
110	15
110	17
110	18
110	19
110	21
110	22
110	24
110	25
110	28
110	29
110	31
110	33
110	35
110	36
110	37
110	39
110	40
110	41
110	42
110	43
110	44
110	45
110	47
110	48
110	53
110	54
110	58
110	61
110	62
110	63
110	64
110	66
110	67
110	69
110	70
110	72
110	73
110	74
110	75
110	76
110	77
110	78
110	80
110	81
110	82
110	83
110	84
110	85
110	86
110	89
110	90
110	91
110	92
110	93
110	94
110	95
110	96
110	97
110	99
110	103
110	104
110	106
110	107
110	108
110	113
110	114
110	116
110	117
110	118
110	119
110	120
111	1
111	2
111	3
111	4
111	5
111	6
111	7
111	10
111	12
111	13
111	14
111	16
111	17
111	18
111	25
111	26
111	27
111	28
111	29
111	30
111	31
111	33
111	34
111	35
111	36
111	37
111	39
111	40
111	41
111	42
111	43
111	44
111	46
111	48
111	50
111	51
111	52
111	54
111	55
111	56
111	57
111	58
111	60
111	61
111	62
111	64
111	65
111	66
111	67
111	70
111	72
111	74
111	75
111	76
111	77
111	78
111	79
111	82
111	83
111	84
111	85
111	86
111	89
111	91
111	92
111	94
111	96
111	98
111	99
111	101
111	103
111	106
111	108
111	109
111	110
111	112
111	114
111	115
111	116
111	117
111	119
111	120
112	3
112	4
112	5
112	6
112	9
112	10
112	11
112	13
112	14
112	15
112	16
112	17
112	18
112	19
112	20
112	21
112	22
112	24
112	26
112	27
112	28
112	30
112	31
112	32
112	33
112	34
112	35
112	36
112	37
112	38
112	39
112	40
112	41
112	44
112	45
112	46
112	47
112	49
112	50
112	52
112	54
112	56
112	57
112	58
112	59
112	61
112	62
112	63
112	64
112	65
112	66
112	67
112	69
112	70
112	72
112	73
112	75
112	76
112	78
112	80
112	82
112	84
112	86
112	87
112	89
112	93
112	94
112	95
112	96
112	97
112	100
112	102
112	103
112	104
112	105
112	106
112	108
112	109
112	111
112	112
112	115
112	116
112	120
113	2
113	4
113	5
113	6
113	7
113	8
113	9
113	13
113	15
113	18
113	19
113	20
113	23
113	24
113	25
113	27
113	28
113	29
113	30
113	31
113	32
113	33
113	34
113	37
113	38
113	39
113	40
113	41
113	42
113	44
113	45
113	46
113	47
113	48
113	52
113	53
113	55
113	56
113	57
113	60
113	61
113	65
113	67
113	68
113	70
113	71
113	72
113	74
113	77
113	79
113	81
113	82
113	83
113	84
113	86
113	88
113	90
113	92
113	93
113	95
113	96
113	97
113	99
113	102
113	103
113	105
113	107
113	108
113	109
113	110
113	111
113	112
113	113
113	114
113	116
113	117
113	118
113	119
113	120
114	4
114	5
114	8
114	10
114	11
114	12
114	13
114	22
114	26
114	28
114	29
114	30
114	32
114	34
114	35
114	36
114	37
114	40
114	41
114	43
114	44
114	45
114	48
114	49
114	52
114	53
114	55
114	59
114	60
114	62
114	63
114	64
114	66
114	68
114	69
114	71
114	72
114	77
114	79
114	81
114	82
114	83
114	85
114	86
114	87
114	88
114	89
114	95
114	96
114	99
114	102
114	105
114	106
114	108
114	109
114	110
114	112
114	113
114	114
114	115
114	117
114	118
114	120
115	1
115	2
115	3
115	10
115	13
115	15
115	19
115	20
115	21
115	23
115	25
115	26
115	27
115	28
115	29
115	30
115	31
115	32
115	35
115	36
115	40
115	42
115	45
115	47
115	48
115	49
115	53
115	54
115	56
115	58
115	59
115	60
115	61
115	62
115	63
115	65
115	67
115	68
115	69
115	71
115	72
115	73
115	75
115	76
115	77
115	78
115	79
115	81
115	82
115	86
115	87
115	88
115	89
115	90
115	91
115	92
115	94
115	95
115	98
115	99
115	101
115	103
115	106
115	107
115	109
115	111
115	113
115	114
115	116
115	118
115	119
115	120
116	1
116	3
116	6
116	7
116	8
116	9
116	11
116	12
116	13
116	14
116	15
116	16
116	20
116	21
116	22
116	23
116	24
116	25
116	26
116	27
116	28
116	29
116	31
116	35
116	36
116	37
116	38
116	39
116	40
116	41
116	44
116	45
116	47
116	48
116	49
116	50
116	51
116	53
116	54
116	55
116	56
116	57
116	58
116	59
116	60
116	62
116	63
116	64
116	65
116	66
116	68
116	69
116	70
116	72
116	73
116	74
116	75
116	76
116	77
116	82
116	83
116	85
116	87
116	88
116	89
116	90
116	91
116	92
116	93
116	94
116	95
116	96
116	97
116	98
116	102
116	103
116	104
116	106
116	107
116	108
116	110
116	112
116	113
116	114
116	115
116	117
116	119
116	120
117	1
117	2
117	3
117	4
117	5
117	7
117	9
117	14
117	16
117	17
117	18
117	19
117	20
117	21
117	24
117	25
117	27
117	34
117	36
117	37
117	38
117	39
117	40
117	41
117	42
117	43
117	44
117	47
117	49
117	51
117	52
117	53
117	56
117	57
117	59
117	60
117	63
117	64
117	65
117	67
117	68
117	69
117	71
117	78
117	82
117	83
117	84
117	86
117	89
117	90
117	91
117	92
117	94
117	95
117	96
117	97
117	99
117	100
117	103
117	104
117	111
117	113
117	115
117	117
117	118
118	3
118	4
118	5
118	6
118	7
118	8
118	9
118	10
118	11
118	12
118	14
118	16
118	17
118	18
118	21
118	23
118	25
118	26
118	29
118	30
118	34
118	39
118	40
118	43
118	46
118	47
118	50
118	51
118	52
118	53
118	54
118	55
118	56
118	57
118	58
118	59
118	60
118	61
118	63
118	64
118	65
118	66
118	68
118	71
118	72
118	74
118	76
118	77
118	79
118	81
118	82
118	83
118	85
118	88
118	89
118	90
118	95
118	96
118	97
118	98
118	99
118	100
118	107
118	108
118	109
118	110
118	111
118	112
118	114
118	117
118	118
118	119
118	120
119	1
119	2
119	3
119	4
119	6
119	7
119	10
119	15
119	16
119	18
119	20
119	22
119	24
119	25
119	27
119	28
119	30
119	31
119	33
119	34
119	36
119	37
119	38
119	40
119	42
119	45
119	46
119	47
119	51
119	53
119	55
119	58
119	59
119	60
119	61
119	62
119	69
119	70
119	71
119	73
119	75
119	76
119	78
119	80
119	81
119	82
119	85
119	86
119	87
119	88
119	91
119	94
119	95
119	96
119	97
119	98
119	99
119	100
119	102
119	104
119	105
119	106
119	107
119	108
119	109
119	110
119	111
119	112
119	113
119	117
119	118
119	119
119	120
120	2
120	4
120	6
120	7
120	9
120	11
120	12
120	18
120	23
120	24
120	25
120	26
120	27
120	28
120	29
120	30
120	33
120	34
120	35
120	36
120	37
120	40
120	42
120	43
120	45
120	46
120	47
120	48
120	49
120	50
120	53
120	55
120	57
120	60
120	61
120	62
120	63
120	64
120	67
120	68
120	70
120	71
120	72
120	73
120	75
120	77
120	78
120	79
120	81
120	85
120	86
120	87
120	89
120	90
120	91
120	92
120	94
120	96
120	97
120	98
120	99
120	101
120	102
120	103
120	105
120	107
120	108
120	109
120	111
120	112
120	113
120	115
120	116
120	117
1	121
2	121
3	121
4	121
5	121
6	121
7	121
8	121
9	121
10	121
11	121
12	121
13	121
14	121
15	121
16	121
17	121
18	121
19	121
20	121
21	121
22	121
23	121
24	121
25	121
26	121
27	121
28	121
29	121
30	121
31	121
32	121
33	121
34	121
35	121
36	121
37	121
38	121
39	121
40	121
41	121
42	121
43	121
44	121
45	121
46	121
47	121
48	121
49	121
50	121
51	121
52	121
53	121
54	121
55	121
56	121
57	121
58	121
59	121
60	121
61	121
62	121
63	121
64	121
65	121
66	121
67	121
68	121
69	121
70	121
71	121
72	121
73	121
74	121
75	121
76	121
77	121
78	121
79	121
80	121
81	121
82	121
83	121
84	121
85	121
86	121
87	121
88	121
89	121
90	121
91	121
92	121
93	121
94	121
95	121
96	121
97	121
98	121
99	121
100	121
101	121
102	121
103	121
104	121
105	121
106	121
107	121
108	121
109	121
110	121
111	121
112	121
113	121
114	121
115	121
116	121
117	121
118	121
119	121
120	121
121	121
