1	2
1	3
1	9
1	10
1	12
1	13
1	14
1	15
1	17
1	18
1	19
1	20
1	22
1	24
1	25
1	26
1	27
1	28
1	29
1	30
1	32
1	33
1	35
1	36
1	40
1	46
1	47
1	50
1	51
1	55
1	56
1	59
1	60
1	61
1	62
1	63
1	64
1	67
1	68
1	69
1	70
1	71
1	72
1	75
1	76
1	77
1	78
1	80
1	81
1	82
1	83
1	84
1	86
1	87
1	88
1	89
1	90
1	91
1	92
1	95
1	98
1	99
1	100
1	102
1	104
1	106
1	107
1	109
1	110
1	111
1	112
1	114
1	115
1	116
1	117
1	118
1	119
1	120
1	121
1	123
1	125
2	1
2	2
2	4
2	7
2	8
2	9
2	11
2	12
2	13
2	16
2	17
2	18
2	20
2	24
2	25
2	27
2	28
2	29
2	31
2	32
2	33
2	34
2	35
2	36
2	37
2	38
2	39
2	40
2	42
2	43
2	44
2	46
2	47
2	49
2	50
2	52
2	53
2	55
2	57
2	59
2	60
2	64
2	65
2	66
2	67
2	69
2	71
2	72
2	73
2	74
2	75
2	78
2	79
2	80
2	81
2	82
2	85
2	88
2	89
2	92
2	93
2	97
2	98
2	99
2	100
2	103
2	107
2	108
2	109
2	111
2	112
2	113
2	115
2	116
2	118
2	119
2	120
2	121
2	122
2	125
3	4
3	5
3	6
3	7
3	11
3	12
3	13
3	14
3	15
3	16
3	22
3	24
3	27
3	30
3	33
3	34
3	35
3	39
3	41
3	42
3	43
3	44
3	46
3	47
3	48
3	52
3	53
3	55
3	56
3	59
3	60
3	61
3	62
3	64
3	65
3	68
3	69
3	72
3	74
3	76
3	78
3	80
3	81
3	84
3	85
3	86
3	89
3	90
3	92
3	93
3	94
3	95
3	96
3	97
3	98
3	99
3	100
3	104
3	106
3	107
3	108
3	110
3	111
3	115
3	117
3	118
3	120
3	122
3	123
3	124
3	125
4	1
4	2
4	3
4	4
4	5
4	7
4	8
4	9
4	10
4	11
4	13
4	14
4	16
4	18
4	20
4	21
4	22
4	24
4	25
4	26
4	27
4	28
4	29
4	30
4	33
4	36
4	37
4	39
4	40
4	41
4	42
4	45
4	47
4	48
4	50
4	52
4	53
4	54
4	55
4	56
4	57
4	58
4	60
4	61
4	62
4	68
4	71
4	72
4	73
4	74
4	76
4	77
4	78
4	79
4	81
4	82
4	83
4	85
4	90
4	91
4	92
4	93
4	94
4	95
4	96
4	97
4	98
4	100
4	101
4	102
4	103
4	104
4	107
4	108
4	109
4	110
4	111
4	112
4	114
4	115
4	116
4	117
4	118
4	119
4	123
5	1
5	2
5	3
5	5
5	7
5	8
5	9
5	10
5	11
5	12
5	13
5	14
5	17
5	18
5	19
5	20
5	23
5	25
5	28
5	29
5	30
5	32
5	33
5	35
5	37
5	38
5	41
5	42
5	43
5	44
5	47
5	49
5	52
5	54
5	56
5	57
5	58
5	59
5	60
5	61
5	63
5	65
5	66
5	67
5	68
5	69
5	72
5	74
5	75
5	76
5	78
5	80
5	82
5	83
5	84
5	85
5	86
5	89
5	90
5	91
5	92
5	93
5	96
5	98
5	99
5	103
5	104
5	105
5	106
5	109
5	110
5	113
5	114
5	115
5	116
5	119
5	120
5	121
5	122
5	123
5	124
5	125
6	1
6	4
6	5
6	6
6	7
6	8
6	9
6	10
6	11
6	12
6	13
6	14
6	15
6	16
6	19
6	20
6	22
6	23
6	24
6	27
6	28
6	30
6	31
6	32
6	33
6	34
6	36
6	37
6	38
6	40
6	42
6	43
6	48
6	49
6	50
6	52
6	53
6	56
6	57
6	58
6	59
6	61
6	62
6	64
6	66
6	67
6	70
6	72
6	76
6	77
6	79
6	80
6	82
6	83
6	86
6	88
6	89
6	90
6	93
6	95
6	97
6	99
6	100
6	101
6	102
6	104
6	105
6	107
6	109
6	112
6	117
6	118
6	119
6	122
6	124
7	1
7	2
7	3
7	5
7	8
7	9
7	10
7	11
7	12
7	13
7	14
7	16
7	22
7	23
7	26
7	27
7	28
7	29
7	31
7	32
7	33
7	34
7	36
7	37
7	40
7	41
7	43
7	44
7	46
7	48
7	49
7	50
7	51
7	52
7	53
7	54
7	56
7	57
7	59
7	60
7	61
7	63
7	64
7	65
7	69
7	73
7	74
7	75
7	76
7	79
7	80
7	81
7	84
7	85
7	87
7	90
7	91
7	93
7	97
7	99
7	100
7	104
7	105
7	106
7	107
7	108
7	109
7	111
7	112
7	115
7	117
7	118
7	119
7	120
7	121
7	123
7	124
8	1
8	2
8	3
8	4
8	7
8	8
8	9
8	10
8	12
8	13
8	14
8	15
8	17
8	19
8	21
8	22
8	24
8	25
8	27
8	28
8	29
8	30
8	31
8	34
8	36
8	37
8	39
8	40
8	41
8	42
8	44
8	45
8	47
8	48
8	49
8	52
8	53
8	54
8	55
8	56
8	57
8	58
8	59
8	60
8	61
8	62
8	63
8	64
8	67
8	70
8	71
8	72
8	73
8	74
8	78
8	79
8	80
8	81
8	82
8	88
8	92
8	93
8	94
8	95
8	96
8	98
8	100
8	101
8	104
8	106
8	109
8	110
8	111
8	112
8	113
8	114
8	116
8	117
8	118
8	119
8	120
8	121
8	122
8	123
8	124
8	125
9	1
9	2
9	7
9	8
9	9
9	10
9	11
9	12
9	13
9	14
9	15
9	16
9	19
9	20
9	21
9	24
9	27
9	28
9	32
9	36
9	37
9	38
9	39
9	40
9	42
9	43
9	44
9	45
9	48
9	52
9	54
9	55
9	56
9	57
9	58
9	62
9	64
9	65
9	66
9	68
9	70
9	74
9	76
9	77
9	78
9	79
9	80
9	82
9	83
9	84
9	85
9	86
9	87
9	88
9	92
9	93
9	95
9	98
9	99
9	100
9	105
9	106
9	110
9	111
9	112
9	113
9	114
9	118
9	119
9	120
9	122
9	124
10	2
10	3
10	5
10	7
10	8
10	9
10	10
10	12
10	13
10	14
10	15
10	16
10	17
10	21
10	24
10	25
10	26
10	27
10	28
10	30
10	31
10	34
10	35
10	37
10	38
10	39
10	42
10	43
10	46
10	47
10	50
10	52
10	53
10	55
10	56
10	57
10	58
10	61
10	62
10	65
10	66
10	68
10	69
10	70
10	72
10	73
10	74
10	76
10	77
10	82
10	83
10	85
10	87
10	88
10	90
10	91
10	92
10	94
10	95
10	98
10	99
10	100
10	101
10	102
10	103
10	104
10	108
10	109
10	110
10	111
10	112
10	113
10	114
10	117
10	120
10	125
11	5
11	6
11	7
11	8
11	11
11	12
11	13
11	14
11	15
11	17
11	19
11	23
11	24
11	25
11	26
11	27
11	28
11	29
11	30
11	31
11	33
11	34
11	35
11	36
11	37
11	38
11	39
11	40
11	41
11	42
11	43
11	45
11	47
11	48
11	49
11	51
11	54
11	57
11	58
11	59
11	60
11	62
11	64
11	65
11	66
11	67
11	68
11	69
11	70
11	71
11	72
11	74
11	75
11	76
11	79
11	80
11	81
11	83
11	84
11	85
11	86
11	87
11	88
11	89
11	94
11	96
11	97
11	98
11	100
11	101
11	102
11	103
11	104
11	107
11	109
11	111
11	113
11	114
11	116
11	117
11	119
11	120
11	121
11	122
11	123
11	125
12	2
12	4
12	10
12	11
12	12
12	14
12	17
12	18
12	20
12	22
12	23
12	24
12	25
12	26
12	28
12	29
12	34
12	36
12	37
12	39
12	41
12	46
12	48
12	54
12	56
12	59
12	62
12	63
12	64
12	65
12	66
12	67
12	68
12	70
12	72
12	75
12	77
12	79
12	80
12	83
12	84
12	85
12	86
12	87
12	90
12	91
12	94
12	95
12	96
12	98
12	99
12	100
12	101
12	103
12	106
12	107
12	110
12	112
12	114
12	115
12	116
12	117
12	120
12	122
12	125
13	2
13	3
13	6
13	7
13	8
13	9
13	11
13	15
13	17
13	18
13	19
13	20
13	21
13	23
13	25
13	26
13	27
13	29
13	30
13	31
13	32
13	33
13	35
13	37
13	41
13	42
13	43
13	46
13	49
13	50
13	51
13	52
13	53
13	54
13	55
13	57
13	59
13	60
13	62
13	63
13	64
13	67
13	68
13	70
13	72
13	73
13	74
13	76
13	80
13	81
13	84
13	85
13	90
13	91
13	93
13	94
13	97
13	101
13	104
13	110
13	111
13	113
13	115
13	119
13	120
13	121
13	122
13	123
13	125
14	1
14	4
14	6
14	7
14	8
14	9
14	10
14	11
14	12
14	15
14	17
14	19
14	20
14	21
14	22
14	23
14	24
14	26
14	27
14	30
14	33
14	34
14	35
14	39
14	40
14	43
14	46
14	48
14	51
14	52
14	55
14	56
14	57
14	58
14	60
14	61
14	62
14	63
14	65
14	66
14	67
14	70
14	72
14	73
14	74
14	76
14	77
14	79
14	80
14	81
14	83
14	84
14	85
14	86
14	87
14	88
14	90
14	91
14	95
14	96
14	98
14	99
14	101
14	102
14	103
14	105
14	107
14	110
14	111
14	113
14	114
14	117
14	118
14	119
14	120
14	121
14	123
14	124
14	125
15	1
15	3
15	4
15	7
15	10
15	11
15	12
15	13
15	15
15	17
15	18
15	20
15	23
15	24
15	26
15	28
15	30
15	31
15	32
15	33
15	36
15	37
15	39
15	41
15	42
15	43
15	45
15	46
15	47
15	49
15	50
15	51
15	52
15	53
15	54
15	55
15	60
15	61
15	63
15	64
15	66
15	67
15	69
15	71
15	74
15	76
15	77
15	78
15	81
15	82
15	84
15	85
15	86
15	87
15	89
15	90
15	93
15	94
15	95
15	98
15	102
15	103
15	107
15	108
15	110
15	113
15	114
15	115
15	117
15	118
15	119
15	121
15	123
15	125
16	2
16	5
16	6
16	7
16	8
16	10
16	13
16	14
16	16
16	17
16	20
16	21
16	22
16	24
16	25
16	27
16	30
16	32
16	33
16	39
16	40
16	41
16	42
16	43
16	44
16	46
16	48
16	50
16	51
16	52
16	53
16	56
16	57
16	58
16	59
16	61
16	62
16	63
16	64
16	66
16	69
16	70
16	71
16	72
16	73
16	74
16	76
16	77
16	79
16	80
16	81
16	82
16	83
16	85
16	86
16	87
16	88
16	89
16	91
16	93
16	99
16	100
16	102
16	103
16	104
16	105
16	106
16	107
16	108
16	109
16	110
16	111
16	114
16	118
16	120
16	121
16	122
16	124
16	125
17	1
17	3
17	5
17	7
17	8
17	9
17	13
17	15
17	17
17	19
17	21
17	22
17	23
17	24
17	28
17	29
17	31
17	35
17	36
17	38
17	39
17	40
17	42
17	43
17	46
17	47
17	48
17	50
17	52
17	55
17	56
17	57
17	58
17	59
17	60
17	61
17	62
17	65
17	68
17	69
17	71
17	72
17	74
17	76
17	77
17	82
17	84
17	86
17	87
17	88
17	91
17	93
17	94
17	95
17	96
17	97
17	98
17	101
17	102
17	103
17	105
17	106
17	107
17	109
17	110
17	111
17	112
17	113
17	114
17	115
17	119
17	121
17	123
17	125
18	1
18	4
18	5
18	7
18	9
18	10
18	11
18	12
18	15
18	16
18	17
18	18
18	19
18	20
18	21
18	23
18	25
18	27
18	28
18	30
18	32
18	33
18	35
18	36
18	37
18	38
18	39
18	41
18	42
18	43
18	44
18	45
18	46
18	48
18	49
18	52
18	53
18	54
18	55
18	56
18	58
18	60
18	61
18	63
18	64
18	65
18	67
18	68
18	69
18	70
18	71
18	75
18	76
18	78
18	79
18	82
18	85
18	86
18	87
18	89
18	90
18	91
18	92
18	93
18	94
18	95
18	96
18	97
18	98
18	100
18	101
18	102
18	104
18	106
18	110
18	112
18	113
18	114
18	120
18	123
18	124
18	125
19	3
19	4
19	6
19	7
19	8
19	9
19	13
19	15
19	17
19	19
19	20
19	22
19	23
19	26
19	27
19	28
19	30
19	31
19	32
19	35
19	36
19	37
19	39
19	42
19	44
19	46
19	47
19	48
19	49
19	50
19	52
19	53
19	55
19	56
19	57
19	58
19	60
19	62
19	64
19	65
19	67
19	68
19	69
19	70
19	71
19	72
19	73
19	74
19	75
19	76
19	78
19	79
19	80
19	81
19	86
19	88
19	89
19	91
19	92
19	93
19	96
19	97
19	99
19	100
19	102
19	103
19	104
19	105
19	107
19	108
19	109
19	110
19	115
19	119
19	120
19	121
19	124
20	1
20	4
20	5
20	6
20	7
20	8
20	12
20	14
20	15
20	16
20	17
20	18
20	19
20	22
20	27
20	30
20	31
20	33
20	34
20	36
20	37
20	39
20	40
20	42
20	43
20	45
20	46
20	50
20	56
20	57
20	60
20	61
20	62
20	64
20	65
20	66
20	67
20	71
20	72
20	73
20	75
20	76
20	78
20	80
20	81
20	82
20	83
20	86
20	87
20	88
20	89
20	90
20	91
20	92
20	93
20	94
20	96
20	97
20	99
20	101
20	103
20	104
20	105
20	107
20	109
20	110
20	112
20	114
20	116
20	119
20	120
20	121
20	122
20	123
20	125
21	4
21	5
21	6
21	7
21	8
21	10
21	11
21	13
21	17
21	18
21	20
21	21
21	22
21	23
21	25
21	27
21	29
21	31
21	32
21	34
21	36
21	37
21	38
21	39
21	40
21	42
21	43
21	44
21	45
21	46
21	49
21	51
21	52
21	53
21	54
21	55
21	57
21	58
21	59
21	60
21	61
21	63
21	65
21	67
21	70
21	71
21	72
21	75
21	77
21	78
21	79
21	81
21	83
21	84
21	85
21	90
21	91
21	92
21	93
21	95
21	96
21	97
21	98
21	99
21	100
21	103
21	105
21	106
21	107
21	108
21	109
21	111
21	112
21	114
21	115
21	118
21	119
21	122
21	123
21	124
22	1
22	3
22	4
22	7
22	8
22	10
22	12
22	14
22	17
22	18
22	19
22	20
22	21
22	22
22	23
22	25
22	26
22	27
22	28
22	29
22	30
22	32
22	34
22	35
22	37
22	38
22	39
22	40
22	42
22	44
22	45
22	46
22	48
22	49
22	52
22	55
22	57
22	60
22	62
22	65
22	66
22	67
22	68
22	70
22	71
22	73
22	74
22	76
22	79
22	80
22	81
22	82
22	84
22	87
22	90
22	91
22	93
22	95
22	97
22	98
22	99
22	102
22	107
22	109
22	113
22	115
22	118
22	123
22	124
22	125
23	1
23	2
23	3
23	7
23	8
23	10
23	11
23	13
23	14
23	15
23	17
23	18
23	19
23	20
23	22
23	23
23	24
23	26
23	28
23	31
23	32
23	33
23	34
23	36
23	37
23	39
23	43
23	44
23	45
23	47
23	48
23	49
23	53
23	54
23	58
23	59
23	60
23	61
23	62
23	63
23	64
23	66
23	67
23	68
23	69
23	70
23	73
23	74
23	77
23	79
23	80
23	81
23	83
23	84
23	85
23	86
23	87
23	88
23	89
23	90
23	92
23	93
23	95
23	96
23	97
23	98
23	101
23	105
23	111
23	114
23	115
23	116
23	117
23	118
23	119
23	120
23	123
24	1
24	3
24	5
24	6
24	7
24	10
24	12
24	13
24	14
24	17
24	18
24	19
24	20
24	21
24	22
24	23
24	24
24	28
24	29
24	31
24	33
24	34
24	35
24	36
24	37
24	41
24	42
24	46
24	47
24	48
24	49
24	51
24	53
24	58
24	60
24	62
24	64
24	65
24	66
24	68
24	69
24	70
24	71
24	72
24	74
24	77
24	79
24	81
24	84
24	85
24	87
24	88
24	90
24	92
24	93
24	94
24	95
24	96
24	97
24	98
24	99
24	100
24	102
24	103
24	107
24	109
24	110
24	111
24	112
24	114
24	117
24	118
24	119
24	120
24	121
24	123
25	3
25	4
25	5
25	9
25	10
25	12
25	13
25	15
25	17
25	18
25	19
25	20
25	21
25	23
25	25
25	26
25	29
25	31
25	32
25	33
25	34
25	35
25	36
25	38
25	39
25	40
25	41
25	42
25	44
25	45
25	46
25	48
25	49
25	51
25	53
25	54
25	55
25	56
25	57
25	61
25	62
25	63
25	64
25	65
25	66
25	67
25	68
25	70
25	71
25	72
25	74
25	75
25	78
25	80
25	81
25	83
25	84
25	87
25	88
25	92
25	93
25	95
25	98
25	99
25	100
25	101
25	102
25	104
25	106
25	108
25	110
25	113
25	114
25	115
25	117
25	118
25	122
25	123
25	124
25	125
26	1
26	4
26	5
26	6
26	7
26	8
26	10
26	11
26	12
26	13
26	14
26	15
26	17
26	18
26	20
26	21
26	23
26	25
26	28
26	29
26	31
26	32
26	35
26	37
26	38
26	39
26	40
26	41
26	42
26	44
26	45
26	46
26	47
26	52
26	53
26	55
26	58
26	59
26	60
26	62
26	65
26	66
26	67
26	72
26	73
26	75
26	78
26	81
26	82
26	84
26	87
26	89
26	90
26	91
26	93
26	96
26	97
26	98
26	100
26	101
26	102
26	103
26	110
26	111
26	113
26	114
26	115
26	116
26	117
26	119
26	120
26	122
26	123
26	124
26	125
27	3
27	6
27	9
27	10
27	12
27	14
27	15
27	16
27	18
27	20
27	22
27	23
27	24
27	25
27	27
27	28
27	29
27	30
27	32
27	33
27	35
27	36
27	37
27	39
27	42
27	43
27	44
27	45
27	46
27	48
27	50
27	51
27	52
27	53
27	54
27	55
27	56
27	57
27	59
27	60
27	61
27	64
27	65
27	66
27	67
27	68
27	70
27	71
27	72
27	74
27	75
27	78
27	79
27	84
27	85
27	87
27	88
27	89
27	90
27	91
27	93
27	94
27	95
27	96
27	97
27	98
27	101
27	103
27	106
27	107
27	108
27	109
27	112
27	115
27	116
27	117
27	119
27	121
27	122
27	123
27	124
27	125
28	2
28	3
28	4
28	5
28	7
28	8
28	9
28	11
28	12
28	13
28	14
28	15
28	16
28	18
28	19
28	24
28	25
28	27
28	28
28	29
28	32
28	34
28	35
28	36
28	37
28	38
28	39
28	40
28	41
28	42
28	45
28	47
28	48
28	50
28	54
28	55
28	56
28	57
28	58
28	61
28	62
28	64
28	65
28	68
28	69
28	72
28	73
28	75
28	76
28	79
28	81
28	82
28	83
28	85
28	86
28	87
28	88
28	89
28	91
28	92
28	93
28	94
28	96
28	99
28	100
28	102
28	104
28	106
28	108
28	109
28	110
28	111
28	113
28	116
28	117
28	118
28	119
28	120
28	121
29	1
29	2
29	4
29	5
29	8
29	9
29	10
29	11
29	14
29	15
29	16
29	18
29	19
29	20
29	21
29	23
29	24
29	25
29	26
29	27
29	28
29	29
29	32
29	33
29	34
29	35
29	36
29	37
29	38
29	39
29	41
29	42
29	43
29	45
29	47
29	48
29	50
29	51
29	52
29	57
29	58
29	60
29	61
29	62
29	63
29	64
29	65
29	66
29	69
29	70
29	71
29	72
29	74
29	75
29	77
29	78
29	80
29	83
29	84
29	85
29	86
29	87
29	89
29	91
29	94
29	95
29	98
29	99
29	101
29	105
29	108
29	110
29	112
29	114
29	117
29	121
29	122
29	125
30	1
30	3
30	5
30	7
30	8
30	10
30	11
30	13
30	14
30	16
30	20
30	21
30	25
30	26
30	27
30	32
30	34
30	38
30	39
30	40
30	42
30	43
30	45
30	46
30	48
30	52
30	53
30	54
30	56
30	57
30	59
30	60
30	61
30	63
30	65
30	66
30	67
30	70
30	73
30	74
30	76
30	78
30	79
30	80
30	81
30	82
30	84
30	86
30	88
30	89
30	92
30	93
30	94
30	96
30	97
30	98
30	99
30	103
30	108
30	109
30	110
30	111
30	114
30	115
30	117
30	119
30	120
31	2
31	3
31	4
31	9
31	10
31	12
31	13
31	18
31	19
31	21
31	23
31	24
31	25
31	26
31	27
31	29
31	32
31	34
31	35
31	36
31	37
31	38
31	39
31	40
31	41
31	43
31	44
31	46
31	47
31	48
31	49
31	50
31	52
31	54
31	56
31	58
31	60
31	62
31	65
31	67
31	69
31	70
31	73
31	74
31	75
31	79
31	81
31	82
31	84
31	85
31	86
31	87
31	88
31	90
31	91
31	94
31	96
31	98
31	100
31	101
31	103
31	105
31	108
31	109
31	110
31	113
31	114
31	116
31	119
31	120
31	122
31	123
31	125
32	2
32	3
32	4
32	5
32	6
32	7
32	8
32	10
32	11
32	12
32	15
32	18
32	20
32	23
32	24
32	25
32	26
32	27
32	30
32	31
32	34
32	35
32	37
32	38
32	40
32	41
32	43
32	44
32	45
32	46
32	48
32	49
32	52
32	53
32	55
32	56
32	58
32	59
32	60
32	63
32	64
32	66
32	67
32	68
32	71
32	72
32	73
32	74
32	75
32	76
32	77
32	80
32	82
32	83
32	84
32	86
32	87
32	88
32	91
32	94
32	96
32	99
32	100
32	101
32	102
32	103
32	104
32	109
32	110
32	113
32	114
32	115
32	117
32	118
32	119
32	120
32	122
32	123
32	124
33	1
33	2
33	3
33	4
33	5
33	6
33	7
33	8
33	9
33	11
33	12
33	13
33	14
33	15
33	16
33	19
33	20
33	21
33	22
33	23
33	24
33	25
33	26
33	27
33	28
33	30
33	32
33	35
33	40
33	44
33	48
33	50
33	51
33	52
33	54
33	56
33	57
33	58
33	60
33	62
33	63
33	65
33	66
33	67
33	68
33	69
33	70
33	71
33	72
33	73
33	75
33	77
33	78
33	80
33	81
33	84
33	85
33	87
33	88
33	89
33	92
33	93
33	94
33	95
33	96
33	98
33	99
33	100
33	101
33	102
33	103
33	106
33	108
33	109
33	110
33	111
33	112
33	113
33	114
33	115
33	118
33	119
33	121
33	125
34	1
34	2
34	3
34	4
34	5
34	6
34	9
34	10
34	11
34	12
34	13
34	14
34	17
34	18
34	20
34	22
34	23
34	25
34	26
34	27
34	28
34	30
34	32
34	36
34	37
34	38
34	39
34	40
34	42
34	43
34	45
34	49
34	53
34	54
34	55
34	61
34	66
34	67
34	69
34	70
34	71
34	72
34	73
34	74
34	76
34	78
34	81
34	83
34	85
34	87
34	88
34	89
34	90
34	92
34	93
34	94
34	95
34	98
34	99
34	100
34	101
34	103
34	104
34	105
34	107
34	109
34	110
34	111
34	112
34	113
34	114
34	115
34	116
34	117
34	119
34	121
34	125
35	1
35	2
35	3
35	4
35	6
35	8
35	10
35	12
35	13
35	14
35	16
35	17
35	18
35	21
35	22
35	25
35	26
35	30
35	31
35	32
35	33
35	34
35	35
35	36
35	39
35	44
35	46
35	47
35	51
35	53
35	54
35	56
35	57
35	58
35	59
35	60
35	62
35	63
35	64
35	67
35	68
35	69
35	70
35	71
35	72
35	73
35	75
35	78
35	80
35	81
35	82
35	84
35	86
35	87
35	88
35	90
35	91
35	92
35	93
35	94
35	97
35	98
35	103
35	104
35	105
35	106
35	107
35	110
35	112
35	113
35	114
35	115
35	117
35	120
35	122
35	123
35	124
35	125
36	1
36	2
36	6
36	7
36	8
36	12
36	13
36	14
36	15
36	16
36	17
36	18
36	19
36	20
36	23
36	24
36	25
36	27
36	29
36	30
36	33
36	36
36	37
36	38
36	40
36	41
36	43
36	44
36	46
36	47
36	48
36	49
36	50
36	51
36	52
36	53
36	56
36	60
36	63
36	64
36	65
36	66
36	68
36	69
36	70
36	71
36	73
36	77
36	78
36	79
36	82
36	84
36	86
36	87
36	89
36	90
36	91
36	92
36	93
36	94
36	95
36	96
36	97
36	98
36	99
36	100
36	102
36	105
36	107
36	109
36	112
36	114
36	116
36	118
36	119
36	120
36	122
36	123
36	124
36	125
37	2
37	3
37	4
37	5
37	6
37	8
37	9
37	11
37	16
37	19
37	20
37	21
37	22
37	24
37	25
37	26
37	27
37	28
37	29
37	30
37	31
37	32
37	33
37	35
37	37
37	38
37	41
37	43
37	44
37	46
37	47
37	48
37	49
37	50
37	54
37	55
37	56
37	57
37	58
37	59
37	62
37	63
37	64
37	67
37	68
37	69
37	70
37	71
37	72
37	73
37	74
37	75
37	77
37	78
37	79
37	80
37	81
37	82
37	84
37	85
37	86
37	87
37	90
37	92
37	93
37	94
37	95
37	96
37	97
37	98
37	99
37	100
37	101
37	102
37	104
37	108
37	109
37	111
37	112
37	113
37	115
37	117
37	120
37	121
37	122
37	124
37	125
38	1
38	2
38	3
38	5
38	6
38	7
38	8
38	11
38	12
38	14
38	17
38	18
38	20
38	22
38	25
38	26
38	27
38	28
38	29
38	30
38	31
38	32
38	33
38	37
38	38
38	39
38	40
38	45
38	46
38	48
38	49
38	50
38	51
38	52
38	54
38	55
38	56
38	57
38	58
38	60
38	62
38	63
38	64
38	67
38	68
38	69
38	70
38	73
38	74
38	76
38	78
38	79
38	81
38	82
38	84
38	86
38	87
38	88
38	89
38	90
38	91
38	93
38	94
38	95
38	96
38	97
38	98
38	99
38	101
38	102
38	103
38	104
38	105
38	109
38	110
38	111
38	112
38	113
38	115
38	116
38	118
38	120
39	1
39	2
39	6
39	8
39	9
39	10
39	11
39	12
39	13
39	14
39	15
39	16
39	17
39	18
39	19
39	20
39	21
39	25
39	26
39	27
39	30
39	34
39	35
39	38
39	40
39	41
39	44
39	48
39	49
39	50
39	52
39	53
39	54
39	55
39	57
39	58
39	61
39	62
39	63
39	64
39	67
39	68
39	70
39	71
39	72
39	73
39	75
39	76
39	77
39	78
39	79
39	81
39	83
39	84
39	85
39	87
39	88
39	89
39	90
39	93
39	94
39	96
39	99
39	101
39	103
39	106
39	107
39	108
39	109
39	113
39	114
39	118
39	120
39	122
39	123
39	124
40	2
40	6
40	7
40	8
40	9
40	10
40	11
40	13
40	16
40	17
40	19
40	21
40	22
40	23
40	25
40	26
40	30
40	31
40	33
40	35
40	37
40	39
40	41
40	42
40	43
40	44
40	45
40	46
40	47
40	48
40	49
40	53
40	55
40	56
40	57
40	58
40	59
40	61
40	63
40	65
40	66
40	68
40	69
40	71
40	72
40	74
40	75
40	76
40	77
40	81
40	85
40	87
40	88
40	89
40	90
40	91
40	92
40	94
40	95
40	96
40	100
40	102
40	103
40	104
40	107
40	108
40	110
40	111
40	112
40	113
40	114
40	119
40	120
40	122
40	123
40	125
41	1
41	2
41	3
41	4
41	7
41	8
41	10
41	12
41	13
41	15
41	16
41	17
41	19
41	20
41	21
41	22
41	25
41	26
41	27
41	28
41	30
41	31
41	33
41	36
41	37
41	38
41	41
41	43
41	45
41	47
41	48
41	49
41	50
41	51
41	55
41	57
41	58
41	59
41	60
41	61
41	62
41	64
41	65
41	66
41	68
41	69
41	71
41	76
41	77
41	83
41	84
41	85
41	86
41	87
41	88
41	89
41	90
41	92
41	94
41	95
41	98
41	99
41	100
41	101
41	102
41	104
41	106
41	107
41	109
41	110
41	112
41	114
41	115
41	116
41	117
41	118
41	120
41	121
41	122
42	2
42	3
42	4
42	5
42	6
42	9
42	10
42	14
42	16
42	17
42	19
42	21
42	23
42	24
42	27
42	28
42	29
42	31
42	33
42	34
42	35
42	39
42	40
42	41
42	43
42	47
42	48
42	50
42	51
42	52
42	53
42	55
42	57
42	58
42	59
42	60
42	61
42	64
42	65
42	66
42	67
42	68
42	70
42	71
42	73
42	77
42	79
42	81
42	85
42	87
42	88
42	90
42	91
42	93
42	94
42	95
42	97
42	98
42	101
42	103
42	104
42	105
42	106
42	107
42	109
42	111
42	112
42	114
42	115
42	116
42	117
42	118
42	119
42	120
42	122
42	123
42	125
43	3
43	8
43	9
43	10
43	11
43	14
43	15
43	17
43	19
43	20
43	24
43	25
43	27
43	29
43	30
43	31
43	32
43	34
43	35
43	36
43	37
43	41
43	43
43	44
43	45
43	46
43	47
43	52
43	53
43	54
43	57
43	58
43	59
43	60
43	61
43	62
43	64
43	65
43	66
43	67
43	71
43	72
43	73
43	74
43	75
43	76
43	78
43	79
43	80
43	81
43	82
43	84
43	86
43	87
43	88
43	89
43	92
43	94
43	95
43	96
43	97
43	98
43	99
43	100
43	101
43	102
43	103
43	105
43	107
43	109
43	111
43	118
43	119
43	121
43	124
43	125
44	4
44	5
44	8
44	9
44	11
44	13
44	14
44	16
44	17
44	18
44	19
44	20
44	21
44	22
44	24
44	26
44	27
44	33
44	34
44	35
44	36
44	37
44	39
44	40
44	42
44	43
44	44
44	46
44	48
44	49
44	50
44	53
44	54
44	57
44	59
44	60
44	61
44	62
44	63
44	64
44	69
44	71
44	73
44	74
44	75
44	76
44	78
44	79
44	80
44	81
44	82
44	83
44	85
44	86
44	87
44	88
44	89
44	91
44	92
44	93
44	94
44	96
44	97
44	98
44	99
44	100
44	107
44	113
44	115
44	117
44	119
44	120
44	121
44	123
44	124
44	125
45	1
45	2
45	3
45	4
45	6
45	7
45	10
45	11
45	12
45	13
45	14
45	15
45	16
45	17
45	19
45	22
45	23
45	25
45	29
45	31
45	32
45	33
45	35
45	38
45	39
45	40
45	41
45	42
45	44
45	45
45	46
45	49
45	52
45	53
45	55
45	57
45	58
45	60
45	61
45	64
45	65
45	67
45	68
45	69
45	70
45	71
45	73
45	74
45	75
45	76
45	77
45	78
45	80
45	81
45	83
45	85
45	86
45	87
45	89
45	90
45	91
45	92
45	93
45	94
45	96
45	97
45	101
45	102
45	103
45	104
45	107
45	108
45	110
45	112
45	113
45	114
45	116
45	117
45	118
45	120
45	121
45	122
45	124
46	2
46	4
46	5
46	6
46	7
46	8
46	9
46	14
46	15
46	16
46	17
46	18
46	19
46	20
46	21
46	25
46	26
46	27
46	28
46	29
46	30
46	31
46	32
46	33
46	34
46	35
46	36
46	37
46	38
46	39
46	40
46	41
46	44
46	45
46	46
46	47
46	48
46	49
46	51
46	52
46	53
46	55
46	56
46	58
46	59
46	60
46	61
46	64
46	65
46	66
46	68
46	69
46	70
46	73
46	74
46	75
46	76
46	78
46	80
46	83
46	84
46	85
46	86
46	87
46	92
46	93
46	95
46	97
46	99
46	100
46	101
46	102
46	103
46	104
46	105
46	107
46	108
46	109
46	113
46	115
46	116
46	117
46	118
46	119
46	120
46	123
46	124
47	3
47	4
47	6
47	8
47	9
47	10
47	11
47	12
47	13
47	18
47	19
47	20
47	22
47	23
47	24
47	26
47	27
47	29
47	31
47	33
47	35
47	36
47	37
47	41
47	42
47	43
47	44
47	47
47	49
47	51
47	52
47	53
47	59
47	63
47	64
47	67
47	69
47	71
47	73
47	74
47	75
47	76
47	77
47	78
47	81
47	82
47	84
47	86
47	87
47	89
47	90
47	91
47	93
47	94
47	95
47	98
47	99
47	101
47	103
47	105
47	106
47	107
47	108
47	109
47	110
47	113
47	114
47	116
47	117
47	119
47	121
47	122
47	123
47	124
47	125
48	1
48	2
48	7
48	9
48	10
48	13
48	14
48	15
48	17
48	18
48	19
48	20
48	21
48	22
48	24
48	28
48	29
48	32
48	33
48	34
48	35
48	38
48	39
48	40
48	41
48	43
48	44
48	45
48	46
48	49
48	50
48	51
48	53
48	54
48	55
48	56
48	58
48	59
48	61
48	62
48	66
48	67
48	68
48	71
48	72
48	74
48	77
48	78
48	79
48	81
48	82
48	84
48	85
48	86
48	88
48	92
48	94
48	96
48	99
48	100
48	101
48	104
48	105
48	106
48	107
48	108
48	109
48	110
48	111
48	114
48	115
48	116
48	120
48	121
48	123
48	125
49	1
49	4
49	8
49	11
49	13
49	14
49	17
49	18
49	19
49	20
49	22
49	24
49	26
49	27
49	28
49	29
49	32
49	33
49	34
49	36
49	39
49	40
49	42
49	44
49	45
49	49
49	51
49	52
49	54
49	55
49	56
49	57
49	59
49	60
49	65
49	66
49	68
49	70
49	71
49	72
49	73
49	74
49	77
49	78
49	80
49	81
49	82
49	85
49	86
49	87
49	88
49	89
49	90
49	91
49	93
49	96
49	98
49	102
49	104
49	106
49	111
49	117
49	118
49	120
49	122
49	124
49	125
50	1
50	2
50	3
50	4
50	6
50	7
50	8
50	9
50	10
50	11
50	13
50	14
50	15
50	16
50	18
50	19
50	21
50	22
50	24
50	25
50	26
50	29
50	30
50	31
50	33
50	34
50	35
50	36
50	39
50	40
50	42
50	43
50	46
50	48
50	50
50	52
50	55
50	56
50	59
50	60
50	61
50	62
50	63
50	64
50	67
50	70
50	72
50	73
50	75
50	76
50	77
50	78
50	80
50	81
50	82
50	83
50	85
50	86
50	87
50	88
50	90
50	91
50	96
50	99
50	100
50	101
50	102
50	103
50	104
50	105
50	106
50	107
50	109
50	110
50	112
50	113
50	115
50	117
50	119
50	121
50	122
50	123
50	124
50	125
51	1
51	2
51	3
51	4
51	7
51	8
51	9
51	11
51	12
51	14
51	16
51	17
51	19
51	20
51	21
51	22
51	23
51	25
51	26
51	27
51	29
51	31
51	32
51	33
51	34
51	35
51	37
51	39
51	41
51	42
51	43
51	49
51	50
51	52
51	53
51	54
51	55
51	57
51	60
51	61
51	62
51	63
51	65
51	66
51	67
51	70
51	73
51	74
51	80
51	81
51	82
51	84
51	85
51	86
51	88
51	89
51	92
51	93
51	94
51	97
51	99
51	100
51	102
51	104
51	106
51	107
51	109
51	110
51	111
51	112
51	113
51	114
51	115
51	116
51	117
51	118
51	119
51	120
51	122
51	125
52	2
52	3
52	4
52	5
52	6
52	7
52	8
52	9
52	10
52	11
52	12
52	14
52	15
52	17
52	21
52	25
52	26
52	29
52	30
52	32
52	33
52	34
52	36
52	41
52	42
52	43
52	44
52	45
52	46
52	47
52	48
52	49
52	50
52	51
52	53
52	55
52	57
52	58
52	59
52	60
52	62
52	66
52	67
52	68
52	71
52	72
52	74
52	76
52	78
52	79
52	80
52	83
52	84
52	85
52	86
52	88
52	89
52	91
52	92
52	93
52	94
52	95
52	97
52	98
52	101
52	103
52	104
52	105
52	106
52	108
52	110
52	111
52	113
52	114
52	115
52	116
52	117
52	119
52	121
52	122
52	123
52	125
53	1
53	4
53	6
53	7
53	8
53	9
53	10
53	11
53	12
53	15
53	16
53	17
53	18
53	19
53	20
53	21
53	22
53	23
53	24
53	25
53	26
53	27
53	30
53	31
53	34
53	35
53	36
53	37
53	42
53	43
53	48
53	49
53	50
53	51
53	52
53	53
53	55
53	57
53	58
53	59
53	60
53	61
53	62
53	65
53	66
53	67
53	68
53	69
53	70
53	71
53	72
53	79
53	80
53	82
53	84
53	87
53	88
53	89
53	94
53	96
53	100
53	101
53	102
53	106
53	108
53	109
53	110
53	114
53	115
53	119
53	120
53	123
53	124
54	1
54	3
54	6
54	8
54	11
54	13
54	14
54	18
54	20
54	21
54	23
54	24
54	25
54	27
54	28
54	32
54	33
54	34
54	35
54	36
54	37
54	40
54	41
54	42
54	43
54	45
54	46
54	48
54	49
54	50
54	52
54	54
54	55
54	56
54	59
54	60
54	62
54	63
54	64
54	65
54	66
54	68
54	69
54	71
54	72
54	73
54	75
54	76
54	78
54	79
54	80
54	83
54	84
54	86
54	87
54	89
54	90
54	91
54	92
54	93
54	97
54	98
54	99
54	103
54	104
54	105
54	107
54	108
54	109
54	110
54	112
54	113
54	114
54	115
54	117
54	118
54	119
54	120
54	123
55	1
55	2
55	3
55	5
55	6
55	9
55	10
55	11
55	12
55	13
55	16
55	19
55	22
55	23
55	25
55	26
55	27
55	31
55	32
55	33
55	34
55	35
55	36
55	40
55	41
55	44
55	47
55	48
55	49
55	52
55	53
55	59
55	61
55	64
55	66
55	68
55	69
55	70
55	71
55	73
55	74
55	75
55	76
55	77
55	78
55	80
55	82
55	83
55	84
55	85
55	86
55	90
55	91
55	93
55	95
55	96
55	97
55	99
55	100
55	101
55	103
55	104
55	105
55	106
55	107
55	114
55	115
55	116
55	117
55	120
55	122
55	123
55	124
55	125
56	1
56	3
56	6
56	7
56	8
56	9
56	11
56	12
56	13
56	16
56	17
56	18
56	21
56	23
56	24
56	27
56	29
56	31
56	32
56	33
56	34
56	35
56	36
56	38
56	39
56	40
56	43
56	45
56	49
56	50
56	51
56	53
56	54
56	55
56	56
56	57
56	58
56	59
56	60
56	61
56	62
56	64
56	65
56	68
56	69
56	70
56	71
56	73
56	74
56	76
56	77
56	78
56	79
56	80
56	82
56	83
56	84
56	86
56	87
56	88
56	90
56	91
56	94
56	96
56	97
56	98
56	99
56	100
56	101
56	102
56	103
56	104
56	105
56	106
56	107
56	108
56	109
56	111
56	114
56	115
56	116
56	117
56	118
56	119
56	120
56	121
56	122
56	123
56	124
56	125
57	2
57	3
57	4
57	7
57	8
57	9
57	10
57	14
57	15
57	16
57	17
57	21
57	22
57	23
57	24
57	25
57	26
57	27
57	29
57	30
57	31
57	32
57	34
57	36
57	37
57	38
57	39
57	41
57	42
57	47
57	49
57	50
57	51
57	54
57	55
57	56
57	57
57	58
57	59
57	61
57	62
57	67
57	69
57	71
57	73
57	74
57	75
57	77
57	78
57	79
57	80
57	82
57	83
57	84
57	88
57	90
57	91
57	92
57	93
57	96
57	98
57	99
57	100
57	103
57	106
57	107
57	108
57	109
57	111
57	115
57	117
57	118
57	120
57	123
57	124
57	125
58	2
58	3
58	4
58	6
58	8
58	9
58	11
58	13
58	14
58	15
58	16
58	17
58	20
58	21
58	22
58	23
58	27
58	30
58	32
58	34
58	36
58	37
58	38
58	40
58	42
58	43
58	44
58	45
58	46
58	48
58	50
58	51
58	54
58	56
58	58
58	60
58	61
58	62
58	63
58	67
58	69
58	70
58	71
58	73
58	74
58	75
58	76
58	77
58	78
58	79
58	82
58	84
58	85
58	86
58	88
58	89
58	91
58	92
58	93
58	94
58	96
58	97
58	98
58	99
58	101
58	104
58	108
58	109
58	110
58	111
58	112
58	115
58	117
58	118
58	119
58	120
58	121
58	123
58	124
59	1
59	3
59	5
59	7
59	8
59	15
59	18
59	21
59	22
59	23
59	24
59	25
59	29
59	31
59	32
59	33
59	34
59	35
59	36
59	37
59	41
59	42
59	44
59	47
59	49
59	50
59	51
59	52
59	54
59	55
59	56
59	59
59	62
59	63
59	64
59	66
59	68
59	69
59	70
59	71
59	72
59	73
59	74
59	75
59	79
59	82
59	87
59	89
59	91
59	93
59	94
59	96
59	97
59	98
59	99
59	100
59	101
59	102
59	103
59	105
59	108
59	109
59	111
59	112
59	113
59	114
59	117
59	118
59	120
59	121
59	122
59	123
59	124
59	125
60	1
60	3
60	5
60	6
60	7
60	9
60	10
60	12
60	15
60	16
60	18
60	21
60	25
60	26
60	28
60	30
60	33
60	36
60	37
60	38
60	39
60	41
60	42
60	46
60	47
60	48
60	49
60	50
60	51
60	52
60	56
60	57
60	59
60	60
60	62
60	63
60	64
60	65
60	66
60	68
60	69
60	70
60	71
60	72
60	73
60	74
60	76
60	77
60	78
60	80
60	85
60	87
60	88
60	89
60	91
60	96
60	97
60	98
60	101
60	104
60	105
60	106
60	109
60	110
60	111
60	113
60	118
60	119
60	120
60	122
60	123
61	1
61	2
61	3
61	4
61	6
61	7
61	10
61	12
61	15
61	17
61	18
61	21
61	23
61	24
61	26
61	27
61	28
61	30
61	32
61	34
61	36
61	37
61	39
61	41
61	43
61	44
61	47
61	49
61	51
61	53
61	56
61	57
61	58
61	59
61	60
61	61
61	62
61	64
61	65
61	69
61	70
61	72
61	73
61	74
61	75
61	78
61	81
61	82
61	83
61	85
61	87
61	88
61	89
61	93
61	94
61	95
61	96
61	98
61	99
61	100
61	102
61	103
61	106
61	107
61	108
61	109
61	110
61	111
61	112
61	113
61	117
61	118
61	119
61	123
62	1
62	2
62	3
62	4
62	5
62	6
62	7
62	8
62	9
62	10
62	11
62	13
62	14
62	15
62	17
62	18
62	19
62	20
62	22
62	23
62	24
62	25
62	26
62	28
62	29
62	31
62	32
62	33
62	36
62	37
62	39
62	41
62	42
62	44
62	45
62	47
62	48
62	52
62	53
62	54
62	62
62	63
62	64
62	66
62	67
62	72
62	75
62	76
62	77
62	81
62	82
62	83
62	84
62	86
62	89
62	92
62	93
62	96
62	97
62	98
62	99
62	100
62	101
62	102
62	103
62	104
62	105
62	107
62	108
62	109
62	111
62	112
62	113
62	114
62	117
62	118
62	119
62	120
62	121
62	123
62	124
63	1
63	3
63	4
63	6
63	7
63	8
63	9
63	10
63	11
63	12
63	13
63	14
63	15
63	16
63	17
63	18
63	21
63	22
63	23
63	25
63	26
63	28
63	29
63	31
63	33
63	35
63	36
63	37
63	38
63	39
63	40
63	42
63	43
63	44
63	47
63	48
63	49
63	50
63	52
63	53
63	57
63	58
63	62
63	63
63	64
63	65
63	66
63	67
63	69
63	70
63	72
63	73
63	74
63	75
63	76
63	77
63	78
63	80
63	81
63	82
63	83
63	85
63	86
63	87
63	89
63	90
63	91
63	92
63	93
63	95
63	96
63	98
63	103
63	105
63	106
63	107
63	108
63	109
63	110
63	112
63	113
63	114
63	115
63	116
63	119
63	122
63	124
63	125
64	4
64	8
64	9
64	10
64	11
64	14
64	18
64	20
64	21
64	22
64	23
64	25
64	27
64	29
64	30
64	31
64	33
64	36
64	37
64	38
64	39
64	40
64	41
64	42
64	45
64	47
64	48
64	50
64	53
64	55
64	56
64	57
64	58
64	59
64	62
64	63
64	65
64	66
64	67
64	69
64	70
64	71
64	73
64	76
64	77
64	78
64	79
64	80
64	81
64	82
64	83
64	84
64	86
64	89
64	91
64	92
64	93
64	94
64	96
64	97
64	100
64	101
64	102
64	104
64	105
64	106
64	108
64	110
64	112
64	113
64	114
64	116
64	117
64	118
64	119
64	120
64	121
64	122
64	123
65	1
65	2
65	4
65	7
65	8
65	9
65	10
65	12
65	13
65	14
65	16
65	17
65	18
65	19
65	20
65	23
65	24
65	25
65	26
65	31
65	32
65	33
65	35
65	36
65	37
65	38
65	42
65	44
65	46
65	47
65	48
65	50
65	52
65	53
65	54
65	56
65	57
65	59
65	61
65	65
65	66
65	70
65	73
65	75
65	77
65	78
65	79
65	80
65	82
65	83
65	84
65	88
65	89
65	91
65	92
65	95
65	96
65	97
65	98
65	100
65	105
65	106
65	107
65	108
65	109
65	110
65	111
65	112
65	114
65	115
65	117
65	118
65	119
65	121
65	122
65	123
65	124
66	1
66	2
66	3
66	8
66	10
66	11
66	13
66	15
66	16
66	19
66	20
66	23
66	24
66	28
66	30
66	31
66	32
66	34
66	37
66	38
66	39
66	40
66	42
66	43
66	45
66	47
66	49
66	51
66	52
66	54
66	55
66	56
66	57
66	60
66	61
66	63
66	64
66	65
66	66
66	67
66	68
66	69
66	70
66	73
66	74
66	75
66	76
66	79
66	80
66	81
66	83
66	84
66	85
66	86
66	87
66	88
66	90
66	92
66	94
66	97
66	98
66	99
66	101
66	109
66	110
66	111
66	112
66	115
66	116
66	118
66	119
66	120
66	121
66	122
66	123
66	124
66	125
67	2
67	3
67	4
67	6
67	7
67	8
67	10
67	11
67	12
67	15
67	16
67	21
67	22
67	23
67	25
67	27
67	29
67	34
67	36
67	37
67	38
67	40
67	41
67	42
67	44
67	46
67	47
67	48
67	49
67	52
67	54
67	55
67	56
67	57
67	60
67	61
67	65
67	66
67	68
67	69
67	72
67	74
67	75
67	76
67	77
67	80
67	82
67	83
67	85
67	86
67	88
67	89
67	90
67	91
67	92
67	93
67	94
67	95
67	97
67	100
67	103
67	106
67	107
67	108
67	109
67	111
67	113
67	114
67	115
67	116
67	117
67	119
67	120
67	121
67	122
67	123
67	124
67	125
68	2
68	3
68	4
68	5
68	8
68	11
68	12
68	16
68	19
68	21
68	22
68	24
68	25
68	26
68	27
68	28
68	29
68	30
68	31
68	33
68	35
68	36
68	37
68	38
68	39
68	40
68	41
68	42
68	43
68	45
68	46
68	47
68	48
68	49
68	51
68	52
68	53
68	54
68	57
68	58
68	60
68	61
68	62
68	64
68	67
68	68
68	69
68	71
68	73
68	75
68	78
68	79
68	80
68	81
68	86
68	87
68	88
68	89
68	90
68	92
68	93
68	94
68	96
68	97
68	98
68	99
68	101
68	102
68	109
68	114
68	115
68	116
68	117
68	120
68	121
68	122
68	123
68	124
68	125
69	1
69	2
69	3
69	5
69	6
69	7
69	8
69	9
69	10
69	11
69	12
69	13
69	15
69	16
69	17
69	18
69	19
69	22
69	23
69	24
69	25
69	27
69	28
69	30
69	31
69	32
69	34
69	36
69	37
69	39
69	40
69	41
69	42
69	43
69	44
69	45
69	46
69	47
69	49
69	52
69	55
69	56
69	57
69	58
69	59
69	60
69	61
69	63
69	64
69	65
69	66
69	68
69	69
69	71
69	72
69	73
69	74
69	76
69	77
69	79
69	80
69	82
69	83
69	84
69	85
69	86
69	88
69	90
69	93
69	94
69	96
69	97
69	98
69	99
69	101
69	102
69	105
69	106
69	107
69	110
69	111
69	112
69	117
69	119
69	121
69	122
69	124
69	125
70	2
70	3
70	5
70	6
70	7
70	8
70	9
70	10
70	11
70	13
70	15
70	16
70	18
70	19
70	20
70	23
70	26
70	28
70	30
70	33
70	34
70	35
70	37
70	38
70	39
70	40
70	41
70	42
70	43
70	44
70	45
70	46
70	48
70	49
70	50
70	51
70	53
70	54
70	55
70	56
70	57
70	59
70	60
70	65
70	66
70	67
70	68
70	69
70	70
70	71
70	73
70	74
70	75
70	76
70	77
70	78
70	81
70	83
70	86
70	89
70	90
70	92
70	95
70	96
70	97
70	98
70	99
70	101
70	102
70	105
70	106
70	107
70	108
70	110
70	111
70	115
70	118
70	119
70	121
70	123
70	124
71	1
71	2
71	4
71	5
71	6
71	8
71	12
71	13
71	14
71	15
71	18
71	19
71	20
71	21
71	22
71	23
71	24
71	25
71	26
71	29
71	37
71	38
71	39
71	40
71	41
71	42
71	43
71	44
71	45
71	47
71	49
71	52
71	54
71	56
71	57
71	59
71	60
71	61
71	63
71	65
71	67
71	68
71	69
71	70
71	72
71	74
71	76
71	77
71	78
71	79
71	80
71	81
71	82
71	83
71	84
71	85
71	86
71	88
71	90
71	92
71	94
71	101
71	102
71	103
71	107
71	108
71	110
71	112
71	115
71	117
71	119
71	120
71	121
71	122
71	123
71	125
72	1
72	2
72	7
72	8
72	9
72	11
72	12
72	14
72	16
72	17
72	18
72	19
72	22
72	23
72	29
72	31
72	32
72	33
72	34
72	35
72	37
72	39
72	40
72	42
72	43
72	44
72	47
72	49
72	50
72	52
72	53
72	54
72	55
72	57
72	58
72	60
72	62
72	63
72	64
72	65
72	66
72	67
72	68
72	69
72	72
72	73
72	74
72	75
72	78
72	79
72	81
72	82
72	83
72	84
72	85
72	86
72	87
72	88
72	92
72	93
72	95
72	96
72	97
72	98
72	101
72	102
72	107
72	108
72	111
72	113
72	115
72	116
72	117
72	118
72	119
72	122
73	1
73	2
73	4
73	5
73	6
73	7
73	8
73	10
73	11
73	12
73	14
73	18
73	19
73	20
73	22
73	23
73	25
73	26
73	29
73	30
73	31
73	32
73	34
73	35
73	36
73	38
73	39
73	40
73	41
73	44
73	45
73	46
73	47
73	48
73	49
73	50
73	51
73	52
73	53
73	55
73	56
73	57
73	58
73	60
73	62
73	64
73	66
73	67
73	68
73	70
73	71
73	72
73	73
73	75
73	76
73	77
73	78
73	80
73	81
73	82
73	85
73	86
73	87
73	88
73	89
73	90
73	92
73	93
73	95
73	96
73	97
73	100
73	101
73	102
73	103
73	104
73	105
73	106
73	108
73	110
73	111
73	112
73	116
73	117
73	118
73	119
73	120
73	121
73	122
74	1
74	2
74	4
74	5
74	9
74	12
74	13
74	16
74	17
74	19
74	21
74	22
74	24
74	25
74	27
74	28
74	29
74	31
74	32
74	35
74	36
74	38
74	39
74	41
74	42
74	45
74	47
74	48
74	49
74	51
74	52
74	55
74	57
74	62
74	63
74	64
74	65
74	66
74	68
74	70
74	71
74	72
74	73
74	74
74	76
74	77
74	78
74	81
74	82
74	83
74	86
74	87
74	89
74	92
74	95
74	96
74	97
74	98
74	102
74	103
74	104
74	105
74	106
74	107
74	108
74	109
74	110
74	112
74	113
74	116
74	117
74	118
74	119
74	120
74	124
75	1
75	2
75	3
75	4
75	5
75	6
75	8
75	9
75	10
75	11
75	12
75	16
75	21
75	23
75	28
75	30
75	32
75	33
75	34
75	35
75	36
75	37
75	39
75	40
75	41
75	42
75	43
75	47
75	49
75	51
75	52
75	54
75	55
75	56
75	57
75	58
75	59
75	62
75	64
75	68
75	70
75	71
75	72
75	73
75	74
75	76
75	77
75	78
75	79
75	81
75	82
75	83
75	84
75	85
75	86
75	87
75	92
75	93
75	95
75	96
75	99
75	102
75	105
75	106
75	107
75	108
75	110
75	115
75	116
75	117
75	118
75	120
75	122
75	124
75	125
76	1
76	2
76	3
76	4
76	6
76	7
76	9
76	10
76	11
76	12
76	16
76	18
76	19
76	22
76	23
76	26
76	27
76	28
76	31
76	33
76	35
76	36
76	39
76	40
76	41
76	42
76	43
76	44
76	48
76	50
76	51
76	52
76	53
76	54
76	55
76	57
76	58
76	62
76	63
76	65
76	68
76	70
76	71
76	75
76	76
76	77
76	78
76	79
76	81
76	82
76	83
76	84
76	85
76	86
76	88
76	89
76	92
76	93
76	95
76	96
76	99
76	100
76	103
76	104
76	105
76	106
76	108
76	109
76	113
76	114
76	115
76	116
76	117
76	118
76	120
76	121
76	123
76	124
77	1
77	2
77	3
77	4
77	6
77	9
77	11
77	12
77	15
77	16
77	17
77	21
77	22
77	23
77	24
77	25
77	27
77	30
77	31
77	33
77	37
77	40
77	43
77	44
77	46
77	48
77	49
77	50
77	52
77	53
77	57
77	58
77	62
77	63
77	64
77	66
77	67
77	68
77	70
77	72
77	77
77	78
77	79
77	80
77	81
77	82
77	83
77	84
77	86
77	89
77	91
77	92
77	93
77	94
77	95
77	96
77	97
77	98
77	99
77	102
77	103
77	105
77	106
77	108
77	110
77	111
77	112
77	114
77	115
77	117
77	118
77	119
77	120
77	124
77	125
78	3
78	4
78	5
78	6
78	7
78	8
78	11
78	12
78	14
78	15
78	16
78	17
78	19
78	20
78	22
78	24
78	25
78	27
78	28
78	30
78	31
78	32
78	33
78	37
78	38
78	39
78	41
78	43
78	45
78	46
78	47
78	49
78	50
78	51
78	52
78	53
78	58
78	60
78	62
78	63
78	64
78	65
78	66
78	67
78	68
78	70
78	71
78	72
78	73
78	74
78	75
78	79
78	80
78	81
78	84
78	86
78	88
78	89
78	90
78	91
78	93
78	94
78	95
78	96
78	97
78	98
78	99
78	101
78	103
78	104
78	105
78	107
78	108
78	109
78	112
78	114
78	115
78	117
78	118
78	119
78	120
78	121
78	122
79	5
79	9
79	10
79	11
79	12
79	13
79	14
79	16
79	19
79	20
79	21
79	24
79	25
79	26
79	28
79	29
79	30
79	31
79	33
79	34
79	35
79	37
79	39
79	41
79	43
79	44
79	45
79	46
79	47
79	48
79	49
79	51
79	53
79	54
79	55
79	56
79	60
79	62
79	63
79	64
79	65
79	66
79	67
79	69
79	71
79	73
79	75
79	76
79	77
79	78
79	80
79	82
79	83
79	85
79	88
79	89
79	91
79	92
79	94
79	95
79	96
79	97
79	98
79	100
79	102
79	104
79	107
79	109
79	111
79	113
79	114
79	117
79	119
79	123
79	124
80	1
80	6
80	7
80	9
80	10
80	12
80	13
80	14
80	15
80	17
80	18
80	21
80	23
80	24
80	28
80	29
80	31
80	32
80	33
80	35
80	37
80	38
80	39
80	40
80	46
80	49
80	51
80	52
80	53
80	55
80	56
80	58
80	59
80	60
80	61
80	63
80	66
80	69
80	71
80	73
80	74
80	75
80	79
80	81
80	83
80	84
80	86
80	88
80	89
80	90
80	91
80	93
80	94
80	99
80	100
80	101
80	102
80	104
80	105
80	107
80	108
80	109
80	111
80	112
80	116
80	117
80	118
80	119
80	120
80	122
81	1
81	2
81	3
81	4
81	5
81	6
81	8
81	10
81	11
81	12
81	14
81	17
81	18
81	20
81	21
81	22
81	25
81	26
81	28
81	29
81	30
81	33
81	35
81	36
81	41
81	42
81	43
81	44
81	45
81	48
81	51
81	52
81	54
81	55
81	56
81	57
81	58
81	59
81	60
81	61
81	63
81	64
81	67
81	68
81	69
81	70
81	72
81	74
81	75
81	76
81	77
81	78
81	80
81	81
81	83
81	84
81	87
81	89
81	90
81	92
81	93
81	95
81	97
81	98
81	101
81	102
81	103
81	104
81	105
81	108
81	112
81	117
81	119
81	120
81	121
81	124
81	125
82	4
82	6
82	8
82	10
82	11
82	12
82	16
82	17
82	19
82	21
82	22
82	23
82	25
82	29
82	32
82	33
82	34
82	35
82	37
82	38
82	41
82	42
82	43
82	44
82	46
82	48
82	49
82	50
82	51
82	52
82	53
82	54
82	55
82	56
82	57
82	59
82	60
82	61
82	62
82	64
82	65
82	66
82	68
82	69
82	71
82	73
82	75
82	76
82	77
82	78
82	81
82	82
82	85
82	86
82	88
82	90
82	92
82	94
82	95
82	96
82	98
82	99
82	100
82	101
82	102
82	103
82	105
82	107
82	110
82	111
82	112
82	113
82	114
82	116
82	118
82	123
83	2
83	4
83	5
83	6
83	7
83	8
83	9
83	10
83	12
83	13
83	15
83	16
83	17
83	18
83	20
83	21
83	24
83	26
83	27
83	29
83	30
83	31
83	34
83	36
83	37
83	38
83	40
83	42
83	43
83	44
83	45
83	47
83	48
83	49
83	51
83	55
83	56
83	57
83	58
83	60
83	62
83	66
83	68
83	70
83	72
83	73
83	74
83	76
83	78
83	79
83	82
83	83
83	85
83	86
83	89
83	90
83	91
83	92
83	94
83	97
83	98
83	101
83	102
83	104
83	105
83	106
83	107
83	108
83	109
83	110
83	111
83	113
83	114
83	115
83	120
83	121
83	122
83	123
83	124
83	125
84	1
84	4
84	5
84	6
84	7
84	9
84	10
84	11
84	14
84	18
84	19
84	21
84	24
84	26
84	28
84	30
84	31
84	32
84	33
84	34
84	35
84	36
84	38
84	40
84	41
84	42
84	43
84	44
84	45
84	47
84	48
84	49
84	50
84	52
84	53
84	55
84	56
84	57
84	58
84	59
84	60
84	62
84	63
84	66
84	67
84	69
84	70
84	71
84	72
84	73
84	74
84	75
84	76
84	78
84	79
84	81
84	82
84	84
84	86
84	87
84	88
84	90
84	91
84	92
84	94
84	96
84	97
84	98
84	99
84	100
84	102
84	103
84	106
84	107
84	108
84	109
84	110
84	112
84	113
84	114
84	117
84	118
84	119
84	121
84	122
84	123
84	125
85	2
85	3
85	4
85	5
85	6
85	10
85	11
85	12
85	13
85	14
85	15
85	17
85	19
85	20
85	22
85	25
85	26
85	28
85	29
85	30
85	31
85	33
85	37
85	39
85	40
85	41
85	42
85	44
85	45
85	46
85	48
85	50
85	51
85	52
85	53
85	57
85	59
85	62
85	63
85	64
85	65
85	66
85	67
85	68
85	70
85	72
85	73
85	74
85	75
85	77
85	78
85	79
85	82
85	84
85	86
85	87
85	89
85	90
85	91
85	92
85	94
85	98
85	99
85	101
85	102
85	103
85	104
85	106
85	109
85	113
85	114
85	115
85	116
85	117
85	118
85	119
85	123
85	124
86	1
86	2
86	4
86	6
86	7
86	9
86	11
86	13
86	14
86	19
86	21
86	23
86	24
86	27
86	28
86	29
86	30
86	31
86	32
86	33
86	34
86	36
86	37
86	43
86	44
86	45
86	46
86	48
86	49
86	51
86	52
86	53
86	54
86	56
86	57
86	58
86	59
86	62
86	63
86	66
86	68
86	69
86	71
86	73
86	75
86	76
86	77
86	78
86	79
86	83
86	86
86	87
86	88
86	90
86	91
86	92
86	93
86	94
86	95
86	96
86	97
86	98
86	99
86	101
86	103
86	104
86	105
86	106
86	107
86	108
86	109
86	111
86	112
86	113
86	114
86	116
86	117
86	118
86	120
86	122
86	123
86	124
86	125
87	2
87	3
87	4
87	5
87	6
87	10
87	11
87	13
87	14
87	16
87	18
87	19
87	23
87	25
87	28
87	30
87	31
87	32
87	33
87	34
87	35
87	37
87	38
87	39
87	40
87	42
87	44
87	47
87	48
87	50
87	51
87	53
87	54
87	58
87	61
87	62
87	63
87	64
87	69
87	70
87	72
87	73
87	79
87	80
87	83
87	84
87	85
87	86
87	87
87	89
87	92
87	93
87	94
87	99
87	100
87	102
87	104
87	105
87	106
87	107
87	110
87	111
87	112
87	113
87	117
87	118
87	120
87	124
87	125
88	1
88	4
88	5
88	6
88	8
88	12
88	15
88	16
88	20
88	21
88	23
88	24
88	25
88	26
88	27
88	28
88	29
88	31
88	33
88	35
88	36
88	39
88	40
88	43
88	45
88	46
88	47
88	48
88	50
88	51
88	53
88	54
88	55
88	56
88	58
88	59
88	60
88	62
88	63
88	64
88	66
88	68
88	69
88	70
88	71
88	72
88	74
88	75
88	77
88	78
88	79
88	80
88	82
88	83
88	84
88	85
88	86
88	88
88	92
88	93
88	95
88	98
88	99
88	101
88	105
88	109
88	112
88	113
88	117
88	120
88	122
89	2
89	3
89	5
89	6
89	7
89	8
89	9
89	12
89	13
89	14
89	15
89	16
89	17
89	18
89	20
89	21
89	22
89	23
89	24
89	25
89	27
89	28
89	29
89	34
89	35
89	36
89	37
89	38
89	39
89	43
89	44
89	45
89	46
89	47
89	48
89	50
89	53
89	55
89	58
89	59
89	61
89	62
89	64
89	67
89	68
89	70
89	71
89	72
89	74
89	75
89	76
89	77
89	78
89	79
89	80
89	81
89	82
89	83
89	84
89	86
89	87
89	88
89	89
89	91
89	97
89	98
89	100
89	102
89	103
89	104
89	106
89	107
89	110
89	112
89	113
89	116
89	118
89	119
89	120
89	121
89	122
89	123
89	124
90	1
90	3
90	4
90	5
90	8
90	10
90	11
90	12
90	13
90	15
90	18
90	24
90	25
90	26
90	27
90	30
90	31
90	32
90	33
90	34
90	36
90	37
90	38
90	39
90	40
90	42
90	43
90	44
90	45
90	46
90	47
90	50
90	51
90	52
90	53
90	55
90	56
90	57
90	58
90	59
90	60
90	62
90	63
90	65
90	66
90	67
90	70
90	71
90	75
90	76
90	79
90	80
90	81
90	82
90	83
90	85
90	86
90	87
90	88
90	90
90	94
90	95
90	97
90	98
90	99
90	100
90	102
90	103
90	105
90	108
90	110
90	112
90	116
90	117
90	118
90	119
90	121
90	122
90	124
90	125
91	1
91	3
91	4
91	6
91	7
91	8
91	10
91	11
91	14
91	15
91	17
91	18
91	19
91	20
91	21
91	22
91	24
91	26
91	27
91	29
91	30
91	33
91	34
91	35
91	39
91	40
91	41
91	42
91	45
91	46
91	47
91	49
91	50
91	51
91	53
91	54
91	55
91	56
91	58
91	59
91	60
91	61
91	62
91	64
91	66
91	68
91	69
91	70
91	71
91	72
91	73
91	76
91	78
91	81
91	82
91	83
91	85
91	89
91	90
91	91
91	92
91	93
91	98
91	103
91	107
91	108
91	109
91	110
91	111
91	112
91	113
91	114
91	115
91	116
91	117
91	119
91	120
91	121
91	123
91	124
91	125
92	1
92	2
92	3
92	4
92	8
92	11
92	12
92	14
92	17
92	18
92	19
92	21
92	22
92	26
92	28
92	29
92	30
92	31
92	32
92	33
92	34
92	35
92	36
92	39
92	41
92	43
92	44
92	46
92	49
92	52
92	53
92	55
92	56
92	57
92	58
92	59
92	60
92	61
92	62
92	64
92	65
92	66
92	67
92	68
92	70
92	71
92	72
92	73
92	74
92	76
92	77
92	79
92	80
92	81
92	82
92	84
92	86
92	87
92	89
92	90
92	91
92	92
92	93
92	95
92	96
92	97
92	99
92	101
92	102
92	105
92	106
92	110
92	113
92	114
92	115
92	116
92	117
92	119
92	121
92	124
93	1
93	2
93	3
93	4
93	5
93	6
93	7
93	8
93	9
93	11
93	12
93	13
93	16
93	17
93	21
93	25
93	27
93	28
93	30
93	31
93	32
93	33
93	34
93	35
93	36
93	38
93	41
93	43
93	44
93	45
93	46
93	47
93	48
93	49
93	50
93	51
93	52
93	53
93	56
93	58
93	59
93	60
93	61
93	62
93	63
93	64
93	65
93	66
93	67
93	68
93	69
93	70
93	74
93	76
93	78
93	80
93	82
93	83
93	84
93	85
93	86
93	87
93	90
93	91
93	92
93	93
93	94
93	96
93	97
93	100
93	101
93	102
93	105
93	106
93	107
93	108
93	109
93	110
93	112
93	115
93	116
93	118
93	119
93	120
93	122
93	123
94	1
94	3
94	5
94	6
94	7
94	9
94	11
94	13
94	14
94	15
94	16
94	18
94	19
94	20
94	21
94	22
94	24
94	25
94	27
94	28
94	29
94	32
94	33
94	34
94	35
94	37
94	39
94	41
94	43
94	45
94	46
94	47
94	50
94	52
94	55
94	56
94	58
94	59
94	60
94	61
94	62
94	65
94	66
94	67
94	68
94	69
94	71
94	72
94	73
94	75
94	76
94	78
94	79
94	80
94	81
94	82
94	83
94	84
94	86
94	89
94	92
94	93
94	94
94	95
94	96
94	97
94	98
94	102
94	104
94	105
94	106
94	108
94	109
94	111
94	112
94	114
94	118
94	124
94	125
95	1
95	3
95	4
95	5
95	6
95	9
95	12
95	13
95	14
95	15
95	17
95	18
95	19
95	20
95	22
95	24
95	25
95	27
95	28
95	29
95	30
95	33
95	34
95	36
95	37
95	38
95	39
95	40
95	41
95	43
95	44
95	45
95	49
95	50
95	52
95	53
95	54
95	58
95	59
95	62
95	63
95	64
95	66
95	67
95	68
95	71
95	72
95	73
95	74
95	75
95	77
95	78
95	79
95	82
95	83
95	84
95	86
95	87
95	88
95	89
95	90
95	95
95	97
95	102
95	103
95	104
95	105
95	107
95	108
95	110
95	112
95	113
95	118
95	120
95	121
95	124
95	125
96	1
96	3
96	4
96	5
96	6
96	7
96	8
96	10
96	11
96	12
96	13
96	14
96	15
96	17
96	18
96	19
96	20
96	21
96	22
96	23
96	25
96	27
96	29
96	30
96	32
96	34
96	35
96	36
96	37
96	38
96	39
96	42
96	44
96	45
96	48
96	49
96	50
96	51
96	52
96	53
96	54
96	56
96	57
96	58
96	60
96	61
96	63
96	64
96	68
96	69
96	71
96	73
96	74
96	75
96	76
96	77
96	78
96	79
96	80
96	82
96	83
96	84
96	85
96	87
96	88
96	90
96	91
96	92
96	93
96	94
96	95
96	96
96	97
96	98
96	99
96	101
96	102
96	104
96	107
96	108
96	110
96	111
96	113
96	114
96	115
96	116
96	117
96	119
96	122
96	123
96	124
96	125
97	1
97	2
97	3
97	6
97	7
97	15
97	16
97	17
97	18
97	19
97	20
97	22
97	25
97	26
97	27
97	28
97	29
97	30
97	31
97	32
97	33
97	35
97	40
97	42
97	43
97	44
97	48
97	50
97	52
97	53
97	55
97	56
97	57
97	59
97	61
97	62
97	64
97	66
97	67
97	70
97	72
97	73
97	74
97	75
97	77
97	78
97	81
97	83
97	84
97	87
97	88
97	89
97	91
97	92
97	95
97	96
97	97
97	98
97	100
97	102
97	103
97	105
97	106
97	107
97	108
97	109
97	110
97	111
97	112
97	114
97	116
97	117
97	118
97	119
97	120
97	121
97	123
97	124
97	125
98	1
98	2
98	3
98	4
98	5
98	8
98	10
98	11
98	14
98	15
98	16
98	17
98	19
98	21
98	24
98	25
98	26
98	27
98	28
98	29
98	30
98	33
98	36
98	37
98	40
98	45
98	46
98	48
98	49
98	53
98	54
98	57
98	60
98	62
98	63
98	64
98	65
98	66
98	70
98	71
98	72
98	73
98	74
98	76
98	77
98	80
98	83
98	84
98	85
98	86
98	89
98	90
98	91
98	93
98	95
98	97
98	102
98	103
98	105
98	106
98	107
98	108
98	110
98	111
98	112
98	116
98	119
98	121
98	124
98	125
99	4
99	5
99	6
99	7
99	8
99	10
99	11
99	13
99	14
99	15
99	17
99	20
99	23
99	24
99	25
99	30
99	31
99	32
99	33
99	35
99	37
99	38
99	39
99	41
99	42
99	43
99	44
99	47
99	48
99	49
99	50
99	51
99	55
99	56
99	61
99	63
99	64
99	65
99	66
99	67
99	68
99	69
99	71
99	72
99	75
99	76
99	78
99	79
99	80
99	82
99	83
99	84
99	87
99	89
99	90
99	92
99	93
99	95
99	96
99	98
99	99
99	100
99	101
99	102
99	103
99	104
99	107
99	111
99	113
99	114
99	115
99	117
99	119
99	120
99	121
99	122
99	123
99	124
100	3
100	4
100	5
100	6
100	9
100	10
100	13
100	14
100	15
100	16
100	17
100	18
100	19
100	20
100	21
100	22
100	23
100	24
100	27
100	28
100	32
100	34
100	35
100	36
100	37
100	38
100	40
100	41
100	42
100	43
100	44
100	45
100	48
100	49
100	50
100	53
100	54
100	55
100	56
100	58
100	59
100	61
100	62
100	64
100	66
100	68
100	69
100	72
100	73
100	74
100	75
100	76
100	79
100	80
100	82
100	83
100	85
100	86
100	87
100	95
100	97
100	98
100	105
100	106
100	107
100	108
100	109
100	110
100	111
100	112
100	113
100	114
100	116
100	117
100	118
100	119
100	122
100	123
100	124
101	1
101	3
101	4
101	5
101	6
101	7
101	8
101	13
101	14
101	15
101	16
101	17
101	18
101	20
101	21
101	22
101	23
101	24
101	25
101	28
101	29
101	30
101	31
101	32
101	35
101	37
101	38
101	39
101	40
101	41
101	42
101	43
101	44
101	45
101	47
101	50
101	53
101	56
101	59
101	60
101	62
101	64
101	66
101	68
101	69
101	70
101	71
101	72
101	74
101	76
101	77
101	80
101	81
101	83
101	84
101	85
101	86
101	87
101	89
101	90
101	91
101	93
101	94
101	95
101	96
101	98
101	99
101	100
101	102
101	103
101	106
101	109
101	111
101	112
101	113
101	115
101	116
101	117
101	118
101	119
101	121
101	122
101	125
102	1
102	2
102	5
102	8
102	9
102	11
102	12
102	13
102	14
102	15
102	17
102	18
102	20
102	21
102	22
102	26
102	27
102	28
102	29
102	30
102	31
102	35
102	36
102	37
102	40
102	41
102	44
102	45
102	46
102	48
102	49
102	51
102	54
102	55
102	56
102	57
102	58
102	61
102	62
102	63
102	64
102	67
102	69
102	70
102	73
102	75
102	76
102	77
102	78
102	82
102	85
102	86
102	87
102	89
102	90
102	91
102	92
102	94
102	95
102	96
102	102
102	104
102	107
102	109
102	110
102	111
102	112
102	114
102	115
102	118
102	120
102	121
102	122
102	123
102	124
103	1
103	8
103	9
103	15
103	16
103	17
103	18
103	19
103	20
103	21
103	23
103	24
103	25
103	27
103	28
103	29
103	32
103	33
103	34
103	35
103	36
103	38
103	39
103	40
103	41
103	42
103	43
103	45
103	47
103	49
103	52
103	54
103	55
103	56
103	57
103	58
103	59
103	60
103	61
103	64
103	70
103	71
103	72
103	73
103	74
103	77
103	78
103	79
103	81
103	82
103	87
103	90
103	91
103	92
103	93
103	95
103	98
103	99
103	100
103	101
103	102
103	105
103	106
103	109
103	112
103	114
103	115
103	116
103	117
103	118
103	119
103	120
103	121
103	122
103	123
103	124
103	125
104	2
104	3
104	4
104	5
104	6
104	7
104	8
104	10
104	11
104	12
104	15
104	16
104	17
104	18
104	20
104	21
104	22
104	25
104	27
104	28
104	30
104	31
104	32
104	34
104	35
104	36
104	38
104	39
104	40
104	41
104	43
104	44
104	47
104	49
104	50
104	52
104	53
104	55
104	56
104	58
104	59
104	60
104	61
104	62
104	63
104	65
104	68
104	71
104	72
104	73
104	74
104	75
104	76
104	78
104	80
104	81
104	82
104	83
104	84
104	85
104	87
104	88
104	89
104	90
104	92
104	93
104	94
104	96
104	97
104	100
104	102
104	103
104	104
104	107
104	108
104	109
104	112
104	113
104	114
104	115
104	118
104	119
104	121
104	122
104	123
104	124
105	2
105	3
105	5
105	6
105	9
105	10
105	12
105	13
105	14
105	16
105	17
105	18
105	19
105	20
105	21
105	22
105	23
105	24
105	25
105	27
105	28
105	29
105	30
105	31
105	32
105	33
105	34
105	35
105	36
105	37
105	38
105	39
105	40
105	42
105	45
105	46
105	48
105	49
105	52
105	54
105	55
105	56
105	58
105	59
105	61
105	63
105	64
105	65
105	66
105	69
105	73
105	74
105	77
105	78
105	79
105	81
105	82
105	83
105	84
105	85
105	89
105	91
105	94
105	97
105	99
105	102
105	103
105	104
105	105
105	106
105	107
105	108
105	109
105	111
105	114
105	115
105	117
105	118
105	119
105	120
105	121
105	122
105	123
106	1
106	2
106	3
106	4
106	6
106	8
106	9
106	11
106	12
106	13
106	14
106	18
106	20
106	21
106	23
106	24
106	27
106	28
106	30
106	31
106	33
106	34
106	37
106	38
106	39
106	41
106	44
106	45
106	46
106	47
106	48
106	49
106	50
106	52
106	53
106	54
106	55
106	57
106	58
106	59
106	60
106	63
106	68
106	69
106	70
106	72
106	73
106	74
106	75
106	76
106	77
106	78
106	79
106	80
106	82
106	83
106	84
106	85
106	87
106	89
106	91
106	92
106	93
106	94
106	96
106	97
106	98
106	99
106	100
106	101
106	102
106	104
106	105
106	106
106	107
106	108
106	110
106	113
106	114
106	116
106	118
106	119
106	123
106	124
107	1
107	2
107	3
107	4
107	6
107	7
107	10
107	11
107	12
107	17
107	18
107	19
107	20
107	21
107	26
107	27
107	29
107	30
107	33
107	34
107	35
107	36
107	37
107	38
107	40
107	41
107	43
107	44
107	46
107	47
107	50
107	51
107	52
107	53
107	55
107	57
107	58
107	60
107	61
107	62
107	63
107	65
107	67
107	68
107	69
107	70
107	71
107	72
107	74
107	77
107	78
107	79
107	80
107	81
107	84
107	85
107	86
107	88
107	89
107	98
107	99
107	100
107	101
107	102
107	103
107	104
107	106
107	107
107	108
107	112
107	113
107	114
107	115
107	116
107	118
107	119
107	121
107	122
107	125
108	1
108	3
108	4
108	5
108	6
108	7
108	10
108	13
108	14
108	15
108	16
108	17
108	18
108	19
108	21
108	22
108	23
108	24
108	25
108	27
108	28
108	30
108	32
108	33
108	34
108	35
108	36
108	37
108	40
108	44
108	45
108	46
108	47
108	48
108	49
108	50
108	54
108	55
108	56
108	57
108	58
108	62
108	64
108	67
108	68
108	69
108	70
108	71
108	72
108	74
108	75
108	76
108	79
108	80
108	81
108	82
108	83
108	87
108	90
108	93
108	95
108	96
108	98
108	99
108	102
108	103
108	104
108	106
108	107
108	108
108	109
108	110
108	111
108	112
108	113
108	115
108	116
108	117
108	119
108	120
108	122
108	125
109	1
109	3
109	4
109	5
109	6
109	8
109	9
109	10
109	13
109	14
109	16
109	17
109	18
109	20
109	22
109	23
109	24
109	25
109	26
109	28
109	29
109	30
109	32
109	33
109	34
109	39
109	40
109	41
109	42
109	43
109	44
109	45
109	46
109	47
109	48
109	49
109	50
109	51
109	52
109	55
109	59
109	66
109	67
109	68
109	70
109	72
109	76
109	77
109	78
109	79
109	80
109	81
109	82
109	83
109	84
109	88
109	89
109	90
109	91
109	92
109	95
109	96
109	99
109	100
109	101
109	102
109	104
109	106
109	107
109	108
109	109
109	110
109	111
109	112
109	113
109	115
109	118
109	122
109	123
109	124
109	125
110	1
110	2
110	3
110	4
110	7
110	8
110	10
110	12
110	13
110	14
110	15
110	16
110	17
110	18
110	19
110	20
110	22
110	25
110	26
110	27
110	28
110	29
110	30
110	31
110	32
110	33
110	34
110	36
110	37
110	39
110	40
110	42
110	43
110	44
110	45
110	47
110	49
110	50
110	52
110	53
110	54
110	57
110	58
110	59
110	64
110	66
110	67
110	69
110	70
110	72
110	76
110	77
110	78
110	79
110	80
110	82
110	84
110	85
110	86
110	88
110	89
110	90
110	91
110	93
110	94
110	95
110	97
110	98
110	99
110	101
110	102
110	103
110	106
110	108
110	109
110	110
110	111
110	112
110	113
110	114
110	117
110	118
110	119
110	120
110	122
110	125
111	2
111	4
111	5
111	6
111	7
111	8
111	9
111	10
111	11
111	13
111	14
111	15
111	17
111	18
111	19
111	20
111	21
111	22
111	23
111	26
111	27
111	28
111	29
111	30
111	31
111	32
111	33
111	34
111	35
111	36
111	39
111	40
111	41
111	43
111	45
111	46
111	48
111	49
111	50
111	51
111	52
111	53
111	54
111	55
111	57
111	58
111	59
111	60
111	61
111	62
111	66
111	67
111	68
111	69
111	71
111	72
111	73
111	76
111	77
111	78
111	79
111	80
111	81
111	82
111	83
111	84
111	86
111	88
111	89
111	90
111	91
111	92
111	93
111	94
111	95
111	96
111	98
111	99
111	100
111	101
111	102
111	104
111	107
111	108
111	109
111	110
111	111
111	112
111	113
111	116
111	125
112	2
112	5
112	8
112	9
112	10
112	11
112	12
112	13
112	14
112	15
112	16
112	17
112	19
112	20
112	21
112	22
112	23
112	24
112	25
112	26
112	29
112	30
112	32
112	36
112	38
112	39
112	40
112	43
112	44
112	45
112	46
112	47
112	48
112	49
112	51
112	52
112	55
112	56
112	59
112	61
112	62
112	63
112	64
112	65
112	66
112	70
112	71
112	72
112	75
112	76
112	77
112	79
112	85
112	86
112	87
112	88
112	90
112	91
112	93
112	94
112	95
112	96
112	98
112	100
112	102
112	106
112	108
112	109
112	110
112	111
112	113
112	114
112	115
112	116
112	117
112	118
112	119
112	120
112	124
113	1
113	2
113	3
113	4
113	5
113	7
113	8
113	9
113	11
113	14
113	18
113	20
113	22
113	23
113	24
113	25
113	27
113	29
113	30
113	31
113	33
113	35
113	37
113	38
113	39
113	40
113	41
113	42
113	43
113	44
113	47
113	49
113	51
113	52
113	53
113	55
113	56
113	57
113	58
113	59
113	60
113	61
113	63
113	64
113	71
113	72
113	73
113	75
113	76
113	77
113	79
113	82
113	84
113	85
113	86
113	87
113	88
113	91
113	92
113	93
113	94
113	95
113	96
113	97
113	98
113	99
113	100
113	101
113	102
113	103
113	104
113	105
113	106
113	110
113	111
113	112
113	113
113	114
113	118
113	120
113	121
113	122
113	123
113	124
113	125
114	2
114	8
114	9
114	12
114	13
114	14
114	15
114	19
114	21
114	23
114	25
114	27
114	30
114	32
114	33
114	34
114	36
114	37
114	39
114	42
114	43
114	44
114	45
114	46
114	47
114	48
114	49
114	51
114	52
114	53
114	54
114	55
114	57
114	60
114	62
114	63
114	64
114	66
114	67
114	69
114	70
114	71
114	72
114	73
114	74
114	75
114	76
114	77
114	79
114	80
114	81
114	82
114	83
114	85
114	89
114	90
114	92
114	93
114	96
114	97
114	98
114	99
114	100
114	101
114	102
114	103
114	104
114	107
114	108
114	109
114	110
114	114
114	115
114	116
114	118
114	119
114	121
114	122
114	123
115	1
115	2
115	4
115	5
115	6
115	7
115	8
115	11
115	15
115	16
115	17
115	18
115	21
115	22
115	23
115	24
115	26
115	27
115	29
115	30
115	31
115	32
115	33
115	34
115	37
115	38
115	40
115	41
115	42
115	43
115	46
115	47
115	48
115	49
115	51
115	54
115	55
115	56
115	58
115	59
115	61
115	62
115	63
115	65
115	66
115	68
115	69
115	71
115	72
115	73
115	74
115	75
115	76
115	78
115	79
115	80
115	83
115	85
115	87
115	92
115	93
115	94
115	95
115	100
115	101
115	106
115	110
115	111
115	112
115	113
115	115
115	117
115	118
115	120
115	121
115	122
115	125
116	1
116	2
116	3
116	5
116	6
116	7
116	8
116	10
116	11
116	12
116	13
116	15
116	16
116	17
116	18
116	19
116	20
116	21
116	22
116	23
116	25
116	26
116	27
116	30
116	31
116	32
116	36
116	37
116	38
116	40
116	41
116	42
116	43
116	44
116	45
116	46
116	52
116	54
116	58
116	60
116	61
116	63
116	64
116	65
116	66
116	68
116	69
116	71
116	72
116	74
116	77
116	78
116	80
116	81
116	82
116	83
116	84
116	86
116	87
116	88
116	89
116	91
116	92
116	93
116	96
116	97
116	99
116	101
116	103
116	104
116	106
116	107
116	108
116	110
116	112
116	113
116	114
116	116
116	117
116	118
116	119
116	121
116	122
116	124
117	3
117	4
117	5
117	6
117	7
117	9
117	10
117	11
117	15
117	17
117	19
117	22
117	23
117	24
117	25
117	26
117	27
117	28
117	29
117	33
117	35
117	37
117	38
117	41
117	43
117	45
117	46
117	47
117	50
117	51
117	52
117	57
117	58
117	59
117	60
117	62
117	64
117	66
117	67
117	68
117	69
117	70
117	71
117	72
117	73
117	74
117	75
117	76
117	78
117	80
117	81
117	82
117	86
117	89
117	90
117	94
117	95
117	96
117	98
117	100
117	101
117	103
117	105
117	107
117	110
117	111
117	114
117	116
117	119
117	120
117	121
117	122
117	123
117	124
117	125
118	1
118	6
118	7
118	9
118	10
118	11
118	12
118	13
118	14
118	15
118	16
118	17
118	18
118	19
118	20
118	21
118	23
118	24
118	25
118	27
118	28
118	29
118	31
118	32
118	33
118	35
118	36
118	37
118	38
118	40
118	41
118	45
118	46
118	48
118	52
118	53
118	54
118	55
118	56
118	58
118	60
118	62
118	63
118	64
118	65
118	68
118	69
118	72
118	73
118	74
118	76
118	78
118	79
118	80
118	81
118	82
118	83
118	85
118	88
118	89
118	91
118	93
118	95
118	96
118	98
118	99
118	100
118	101
118	102
118	103
118	104
118	105
118	106
118	107
118	108
118	112
118	113
118	114
118	115
118	116
118	118
118	120
118	122
118	123
118	124
119	5
119	6
119	7
119	9
119	10
119	11
119	12
119	13
119	15
119	16
119	17
119	19
119	20
119	24
119	26
119	27
119	29
119	30
119	31
119	33
119	35
119	36
119	39
119	40
119	42
119	44
119	45
119	47
119	48
119	49
119	50
119	51
119	52
119	54
119	55
119	58
119	61
119	62
119	63
119	64
119	66
119	68
119	70
119	71
119	72
119	73
119	74
119	75
119	76
119	78
119	80
119	81
119	83
119	86
119	87
119	88
119	92
119	93
119	94
119	95
119	96
119	97
119	98
119	100
119	101
119	102
119	104
119	105
119	108
119	109
119	112
119	117
119	118
119	121
119	122
119	124
119	125
120	1
120	3
120	4
120	6
120	7
120	8
120	12
120	13
120	15
120	16
120	20
120	21
120	23
120	26
120	30
120	31
120	33
120	38
120	39
120	40
120	45
120	49
120	54
120	55
120	56
120	57
120	58
120	60
120	63
120	66
120	67
120	68
120	69
120	70
120	71
120	72
120	73
120	74
120	75
120	76
120	79
120	80
120	81
120	83
120	84
120	87
120	88
120	94
120	95
120	97
120	98
120	99
120	101
120	102
120	103
120	104
120	105
120	112
120	114
120	116
120	117
120	118
120	119
120	121
120	122
120	123
120	124
121	2
121	4
121	5
121	7
121	10
121	11
121	12
121	14
121	15
121	16
121	17
121	20
121	21
121	22
121	23
121	24
121	25
121	26
121	27
121	32
121	33
121	34
121	35
121	41
121	44
121	46
121	47
121	48
121	49
121	50
121	52
121	55
121	56
121	57
121	62
121	63
121	64
121	65
121	66
121	69
121	71
121	72
121	73
121	75
121	76
121	77
121	78
121	79
121	82
121	87
121	89
121	90
121	92
121	94
121	95
121	97
121	99
121	100
121	101
121	102
121	104
121	105
121	106
121	108
121	110
121	111
121	112
121	113
121	114
121	116
121	118
121	120
121	121
121	122
121	123
121	124
122	1
122	2
122	3
122	4
122	5
122	6
122	7
122	8
122	9
122	10
122	11
122	13
122	14
122	15
122	17
122	19
122	23
122	24
122	26
122	28
122	29
122	32
122	33
122	36
122	39
122	40
122	41
122	42
122	43
122	46
122	49
122	51
122	52
122	53
122	54
122	56
122	57
122	58
122	60
122	61
122	64
122	65
122	67
122	70
122	74
122	77
122	78
122	79
122	80
122	82
122	83
122	84
122	85
122	89
122	92
122	96
122	97
122	98
122	100
122	102
122	106
122	107
122	108
122	111
122	114
122	115
122	116
122	117
122	118
122	119
122	120
122	121
122	122
122	123
122	124
122	125
123	1
123	2
123	3
123	4
123	5
123	6
123	7
123	8
123	10
123	11
123	12
123	14
123	16
123	18
123	20
123	21
123	22
123	24
123	27
123	28
123	31
123	35
123	37
123	42
123	43
123	44
123	45
123	46
123	47
123	48
123	49
123	51
123	52
123	53
123	54
123	55
123	58
123	63
123	64
123	65
123	67
123	70
123	71
123	74
123	76
123	77
123	80
123	81
123	85
123	86
123	88
123	89
123	95
123	96
123	97
123	98
123	99
123	101
123	103
123	104
123	106
123	109
123	110
123	111
123	113
123	114
123	116
123	117
123	118
123	119
123	120
123	122
123	123
124	4
124	6
124	8
124	9
124	10
124	11
124	12
124	13
124	14
124	15
124	18
124	19
124	21
124	23
124	26
124	27
124	28
124	29
124	30
124	31
124	32
124	33
124	34
124	35
124	41
124	42
124	44
124	45
124	46
124	47
124	52
124	53
124	54
124	55
124	56
124	60
124	61
124	62
124	64
124	66
124	67
124	69
124	70
124	71
124	72
124	73
124	76
124	79
124	83
124	84
124	85
124	87
124	88
124	89
124	91
124	92
124	93
124	94
124	95
124	96
124	97
124	98
124	99
124	100
124	101
124	102
124	103
124	105
124	106
124	107
124	108
124	111
124	113
124	114
124	116
124	117
124	118
124	120
124	122
124	123
124	124
124	125
125	1
125	2
125	3
125	4
125	5
125	7
125	9
125	11
125	13
125	15
125	16
125	17
125	18
125	20
125	21
125	22
125	24
125	28
125	29
125	30
125	33
125	34
125	35
125	37
125	39
125	40
125	41
125	42
125	44
125	45
125	47
125	48
125	49
125	52
125	54
125	55
125	56
125	57
125	59
125	60
125	62
125	63
125	65
125	66
125	67
125	68
125	69
125	70
125	71
125	73
125	74
125	75
125	76
125	78
125	79
125	80
125	85
125	86
125	88
125	90
125	91
125	92
125	94
125	95
125	96
125	97
125	98
125	101
125	103
125	104
125	106
125	107
125	108
125	109
125	110
125	112
125	114
125	115
125	116
125	117
125	119
125	120
125	121
125	123
125	125
1	126
2	126
3	126
4	126
5	126
6	126
7	126
8	126
9	126
10	126
11	126
12	126
13	126
14	126
15	126
16	126
17	126
18	126
19	126
20	126
21	126
22	126
23	126
24	126
25	126
26	126
27	126
28	126
29	126
30	126
31	126
32	126
33	126
34	126
35	126
36	126
37	126
38	126
39	126
40	126
41	126
42	126
43	126
44	126
45	126
46	126
47	126
48	126
49	126
50	126
51	126
52	126
53	126
54	126
55	126
56	126
57	126
58	126
59	126
60	126
61	126
62	126
63	126
64	126
65	126
66	126
67	126
68	126
69	126
70	126
71	126
72	126
73	126
74	126
75	126
76	126
77	126
78	126
79	126
80	126
81	126
82	126
83	126
84	126
85	126
86	126
87	126
88	126
89	126
90	126
91	126
92	126
93	126
94	126
95	126
96	126
97	126
98	126
99	126
100	126
101	126
102	126
103	126
104	126
105	126
106	126
107	126
108	126
109	126
110	126
111	126
112	126
113	126
114	126
115	126
116	126
117	126
118	126
119	126
120	126
121	126
122	126
123	126
124	126
125	126
126	126
