1	1
1	3
1	6
1	7
1	8
1	9
1	10
1	12
1	13
1	14
1	15
1	16
1	17
1	18
1	20
1	21
1	22
1	25
1	26
1	27
1	28
1	30
1	31
1	34
1	36
1	37
1	42
1	43
1	44
1	45
1	46
1	49
1	52
1	53
1	54
1	56
1	57
1	58
1	59
1	60
1	61
1	62
1	63
1	67
1	70
1	71
1	72
1	73
1	74
1	75
1	79
1	82
1	83
1	85
1	86
1	87
1	88
1	89
1	91
1	92
1	96
1	97
1	99
1	100
1	104
1	107
1	108
1	109
1	110
1	111
1	113
1	114
1	115
1	116
1	117
1	119
1	120
1	123
1	125
1	126
1	127
1	128
1	131
1	132
1	133
1	135
1	136
1	137
1	139
1	140
1	141
1	145
2	1
2	2
2	3
2	4
2	5
2	6
2	7
2	8
2	10
2	12
2	14
2	16
2	18
2	19
2	20
2	21
2	22
2	23
2	26
2	27
2	29
2	30
2	33
2	34
2	36
2	37
2	38
2	41
2	42
2	46
2	47
2	48
2	49
2	50
2	51
2	53
2	54
2	55
2	58
2	59
2	61
2	62
2	64
2	65
2	66
2	67
2	68
2	69
2	71
2	73
2	74
2	75
2	76
2	77
2	80
2	82
2	83
2	84
2	85
2	88
2	91
2	95
2	96
2	97
2	105
2	106
2	109
2	110
2	114
2	115
2	116
2	117
2	118
2	120
2	121
2	122
2	123
2	126
2	128
2	129
2	130
2	131
2	132
2	133
2	134
2	135
2	136
2	138
2	139
2	142
2	143
2	144
2	145
3	1
3	2
3	3
3	4
3	5
3	9
3	10
3	11
3	12
3	13
3	15
3	16
3	20
3	22
3	23
3	24
3	26
3	30
3	31
3	33
3	34
3	39
3	40
3	41
3	43
3	47
3	48
3	49
3	51
3	52
3	55
3	56
3	57
3	58
3	59
3	61
3	62
3	65
3	66
3	67
3	68
3	69
3	71
3	73
3	74
3	75
3	76
3	77
3	79
3	80
3	81
3	82
3	84
3	85
3	87
3	89
3	91
3	93
3	94
3	95
3	97
3	101
3	102
3	104
3	107
3	108
3	109
3	110
3	112
3	113
3	114
3	116
3	119
3	120
3	121
3	122
3	125
3	126
3	127
3	130
3	131
3	132
3	134
3	136
3	137
3	138
3	139
3	140
3	141
3	142
3	144
4	3
4	5
4	6
4	8
4	11
4	13
4	15
4	17
4	18
4	20
4	21
4	24
4	25
4	26
4	29
4	30
4	31
4	32
4	34
4	35
4	37
4	38
4	39
4	40
4	41
4	42
4	44
4	45
4	46
4	47
4	48
4	49
4	51
4	53
4	54
4	55
4	56
4	59
4	60
4	62
4	63
4	65
4	67
4	69
4	71
4	72
4	73
4	75
4	77
4	79
4	80
4	82
4	84
4	85
4	86
4	87
4	88
4	91
4	92
4	93
4	94
4	95
4	98
4	99
4	100
4	104
4	105
4	108
4	110
4	111
4	112
4	113
4	114
4	117
4	118
4	119
4	121
4	122
4	124
4	128
4	129
4	130
4	132
4	133
4	134
4	136
4	137
4	139
4	140
4	141
4	142
4	143
4	144
5	1
5	2
5	4
5	5
5	8
5	10
5	11
5	12
5	13
5	14
5	15
5	16
5	17
5	18
5	19
5	20
5	24
5	25
5	26
5	27
5	29
5	31
5	33
5	38
5	39
5	42
5	43
5	44
5	45
5	46
5	48
5	50
5	52
5	53
5	55
5	56
5	57
5	58
5	59
5	60
5	64
5	65
5	67
5	70
5	71
5	72
5	73
5	75
5	77
5	79
5	82
5	83
5	86
5	88
5	89
5	94
5	96
5	97
5	98
5	99
5	100
5	101
5	105
5	108
5	109
5	110
5	112
5	114
5	115
5	116
5	117
5	118
5	119
5	120
5	121
5	123
5	124
5	125
5	126
5	127
5	129
5	130
5	134
5	137
5	138
5	144
5	145
6	1
6	3
6	4
6	8
6	10
6	11
6	12
6	13
6	14
6	16
6	17
6	22
6	23
6	24
6	29
6	32
6	33
6	34
6	35
6	36
6	40
6	41
6	43
6	44
6	46
6	47
6	48
6	49
6	51
6	53
6	55
6	57
6	59
6	61
6	63
6	65
6	70
6	71
6	72
6	74
6	75
6	76
6	77
6	78
6	80
6	81
6	82
6	83
6	85
6	86
6	88
6	89
6	90
6	91
6	92
6	93
6	94
6	95
6	96
6	98
6	99
6	100
6	102
6	103
6	104
6	105
6	106
6	109
6	111
6	112
6	113
6	115
6	116
6	117
6	118
6	120
6	122
6	124
6	125
6	126
6	128
6	130
6	135
6	136
6	138
6	139
6	140
6	142
6	145
7	3
7	4
7	5
7	6
7	7
7	9
7	11
7	12
7	13
7	15
7	18
7	19
7	21
7	22
7	23
7	24
7	25
7	27
7	28
7	29
7	30
7	31
7	32
7	33
7	36
7	38
7	40
7	41
7	43
7	44
7	45
7	46
7	47
7	48
7	49
7	50
7	51
7	53
7	55
7	58
7	59
7	60
7	62
7	63
7	64
7	66
7	67
7	68
7	70
7	73
7	74
7	75
7	76
7	77
7	80
7	83
7	84
7	85
7	86
7	88
7	91
7	92
7	94
7	95
7	96
7	98
7	99
7	100
7	101
7	103
7	104
7	105
7	106
7	107
7	111
7	113
7	116
7	117
7	119
7	121
7	123
7	127
7	128
7	129
7	130
7	132
7	134
7	135
7	136
7	137
7	138
7	140
7	142
7	144
7	145
8	2
8	4
8	5
8	6
8	7
8	9
8	10
8	12
8	13
8	15
8	17
8	18
8	19
8	20
8	23
8	27
8	29
8	30
8	31
8	32
8	33
8	34
8	35
8	36
8	37
8	38
8	39
8	42
8	43
8	44
8	48
8	49
8	50
8	53
8	57
8	58
8	59
8	60
8	61
8	65
8	66
8	67
8	70
8	71
8	72
8	74
8	75
8	76
8	78
8	79
8	81
8	84
8	85
8	86
8	89
8	90
8	91
8	92
8	93
8	94
8	95
8	100
8	102
8	105
8	107
8	108
8	112
8	113
8	114
8	115
8	116
8	117
8	122
8	123
8	124
8	125
8	126
8	127
8	128
8	131
8	135
8	136
8	137
8	138
8	145
9	3
9	5
9	6
9	7
9	8
9	9
9	10
9	11
9	14
9	16
9	18
9	20
9	22
9	24
9	25
9	26
9	31
9	32
9	33
9	34
9	35
9	36
9	37
9	40
9	41
9	43
9	45
9	46
9	47
9	48
9	49
9	50
9	51
9	52
9	54
9	55
9	56
9	57
9	59
9	60
9	61
9	62
9	63
9	65
9	66
9	69
9	70
9	72
9	73
9	74
9	75
9	76
9	78
9	79
9	80
9	81
9	83
9	85
9	86
9	87
9	89
9	93
9	94
9	95
9	96
9	97
9	98
9	100
9	102
9	105
9	106
9	109
9	111
9	112
9	113
9	114
9	116
9	117
9	118
9	119
9	120
9	121
9	122
9	125
9	126
9	128
9	131
9	132
9	133
9	134
9	136
9	137
9	139
9	140
9	141
9	142
9	145
10	1
10	2
10	3
10	6
10	7
10	9
10	11
10	12
10	13
10	16
10	17
10	18
10	20
10	21
10	22
10	23
10	24
10	28
10	29
10	30
10	32
10	33
10	34
10	35
10	36
10	37
10	39
10	41
10	42
10	44
10	45
10	46
10	49
10	51
10	52
10	53
10	54
10	55
10	58
10	59
10	61
10	62
10	63
10	64
10	65
10	66
10	67
10	68
10	69
10	70
10	71
10	72
10	74
10	76
10	77
10	79
10	81
10	83
10	86
10	89
10	90
10	91
10	94
10	95
10	96
10	99
10	101
10	103
10	105
10	107
10	108
10	109
10	113
10	114
10	115
10	116
10	117
10	118
10	119
10	121
10	122
10	123
10	125
10	126
10	127
10	128
10	131
10	134
10	135
10	136
10	138
10	139
10	141
11	1
11	6
11	7
11	9
11	10
11	11
11	12
11	13
11	14
11	15
11	16
11	18
11	20
11	24
11	25
11	26
11	28
11	29
11	31
11	33
11	35
11	36
11	37
11	39
11	42
11	45
11	46
11	48
11	50
11	52
11	53
11	54
11	55
11	56
11	57
11	59
11	61
11	64
11	65
11	68
11	69
11	71
11	72
11	73
11	76
11	81
11	84
11	87
11	88
11	89
11	90
11	92
11	95
11	98
11	99
11	101
11	102
11	103
11	106
11	108
11	109
11	112
11	113
11	114
11	116
11	117
11	118
11	119
11	120
11	123
11	126
11	129
11	130
11	131
11	132
11	134
11	135
11	136
11	137
11	139
11	140
11	141
11	142
11	143
11	145
12	3
12	4
12	6
12	7
12	8
12	9
12	10
12	11
12	12
12	13
12	15
12	17
12	18
12	19
12	21
12	22
12	25
12	27
12	28
12	30
12	31
12	32
12	33
12	34
12	36
12	37
12	38
12	39
12	40
12	41
12	42
12	43
12	44
12	47
12	48
12	49
12	50
12	52
12	53
12	54
12	55
12	56
12	57
12	58
12	59
12	61
12	62
12	63
12	64
12	65
12	66
12	69
12	73
12	75
12	76
12	77
12	80
12	81
12	83
12	86
12	87
12	88
12	89
12	90
12	95
12	96
12	97
12	101
12	102
12	105
12	106
12	107
12	109
12	110
12	113
12	116
12	117
12	118
12	119
12	123
12	126
12	127
12	128
12	130
12	131
12	134
12	135
12	136
12	140
12	142
12	145
13	2
13	4
13	5
13	6
13	8
13	9
13	10
13	13
13	14
13	15
13	17
13	18
13	19
13	20
13	21
13	24
13	26
13	28
13	29
13	32
13	33
13	34
13	35
13	36
13	37
13	38
13	39
13	41
13	43
13	44
13	46
13	47
13	48
13	51
13	52
13	53
13	54
13	55
13	56
13	57
13	58
13	59
13	60
13	61
13	62
13	63
13	64
13	66
13	67
13	68
13	69
13	70
13	71
13	74
13	75
13	76
13	77
13	78
13	79
13	80
13	82
13	83
13	84
13	86
13	89
13	90
13	92
13	94
13	95
13	96
13	97
13	101
13	102
13	108
13	109
13	111
13	112
13	114
13	115
13	116
13	117
13	119
13	121
13	122
13	123
13	125
13	126
13	128
13	133
13	134
13	135
13	137
13	138
13	139
13	140
13	141
13	143
13	144
13	145
14	2
14	3
14	5
14	8
14	10
14	11
14	12
14	13
14	14
14	15
14	16
14	17
14	18
14	19
14	21
14	22
14	23
14	26
14	33
14	34
14	36
14	38
14	39
14	41
14	42
14	44
14	45
14	46
14	48
14	49
14	51
14	52
14	54
14	56
14	57
14	61
14	63
14	64
14	65
14	66
14	67
14	71
14	73
14	74
14	75
14	76
14	78
14	79
14	82
14	86
14	87
14	88
14	89
14	90
14	91
14	93
14	94
14	95
14	99
14	102
14	107
14	110
14	111
14	113
14	114
14	115
14	119
14	120
14	122
14	123
14	125
14	126
14	127
14	129
14	136
14	137
14	139
14	141
14	143
14	145
15	4
15	7
15	9
15	10
15	11
15	12
15	14
15	18
15	22
15	23
15	24
15	26
15	28
15	30
15	32
15	37
15	38
15	40
15	41
15	42
15	43
15	44
15	46
15	47
15	48
15	50
15	51
15	53
15	54
15	55
15	56
15	57
15	61
15	63
15	64
15	65
15	67
15	68
15	69
15	70
15	71
15	72
15	75
15	79
15	80
15	81
15	85
15	89
15	90
15	92
15	95
15	97
15	98
15	99
15	101
15	102
15	104
15	105
15	106
15	107
15	108
15	110
15	112
15	115
15	116
15	117
15	118
15	120
15	121
15	122
15	123
15	125
15	126
15	128
15	130
15	131
15	132
15	133
15	134
15	135
15	136
15	137
15	138
15	139
15	142
15	143
15	145
16	1
16	2
16	3
16	4
16	7
16	8
16	11
16	12
16	15
16	16
16	17
16	18
16	19
16	20
16	22
16	23
16	24
16	25
16	26
16	27
16	29
16	30
16	31
16	32
16	33
16	34
16	35
16	36
16	37
16	38
16	42
16	43
16	47
16	48
16	49
16	50
16	52
16	55
16	56
16	57
16	58
16	60
16	61
16	63
16	64
16	65
16	66
16	67
16	70
16	71
16	72
16	73
16	74
16	76
16	77
16	79
16	80
16	81
16	82
16	83
16	84
16	85
16	86
16	87
16	90
16	92
16	93
16	95
16	96
16	97
16	99
16	100
16	101
16	105
16	111
16	112
16	113
16	115
16	116
16	117
16	119
16	120
16	122
16	123
16	124
16	125
16	126
16	127
16	128
16	129
16	130
16	131
16	132
16	133
16	134
16	135
16	136
16	138
16	140
16	141
16	142
16	143
16	144
17	2
17	3
17	4
17	5
17	6
17	7
17	8
17	13
17	16
17	19
17	21
17	22
17	25
17	26
17	27
17	29
17	30
17	32
17	34
17	35
17	36
17	38
17	40
17	41
17	42
17	44
17	45
17	47
17	52
17	54
17	55
17	57
17	58
17	59
17	61
17	63
17	64
17	65
17	67
17	68
17	69
17	72
17	73
17	74
17	75
17	76
17	80
17	81
17	82
17	83
17	87
17	90
17	91
17	92
17	95
17	96
17	98
17	99
17	100
17	101
17	103
17	105
17	106
17	107
17	108
17	109
17	110
17	111
17	112
17	113
17	114
17	115
17	117
17	118
17	121
17	122
17	123
17	126
17	129
17	130
17	131
17	133
17	135
17	136
17	137
17	140
17	141
17	142
17	144
18	2
18	4
18	5
18	6
18	7
18	8
18	9
18	10
18	11
18	12
18	14
18	16
18	17
18	18
18	20
18	23
18	25
18	26
18	29
18	30
18	31
18	32
18	33
18	37
18	38
18	39
18	41
18	42
18	43
18	44
18	46
18	47
18	51
18	54
18	55
18	58
18	59
18	60
18	61
18	62
18	63
18	64
18	66
18	67
18	68
18	70
18	71
18	73
18	74
18	76
18	78
18	80
18	81
18	82
18	83
18	84
18	85
18	87
18	89
18	90
18	91
18	94
18	95
18	96
18	97
18	98
18	99
18	101
18	102
18	104
18	105
18	108
18	109
18	110
18	111
18	112
18	113
18	114
18	117
18	119
18	121
18	122
18	123
18	124
18	125
18	127
18	128
18	130
18	133
18	134
18	136
18	137
18	138
18	139
18	140
18	141
18	142
18	144
18	145
19	2
19	3
19	4
19	5
19	6
19	7
19	9
19	10
19	13
19	14
19	15
19	16
19	18
19	20
19	21
19	24
19	27
19	28
19	29
19	32
19	33
19	34
19	35
19	36
19	37
19	41
19	42
19	43
19	44
19	45
19	48
19	49
19	50
19	51
19	52
19	55
19	57
19	58
19	59
19	60
19	61
19	63
19	64
19	65
19	67
19	68
19	70
19	71
19	73
19	74
19	75
19	78
19	79
19	80
19	81
19	82
19	83
19	84
19	87
19	88
19	90
19	91
19	93
19	94
19	95
19	98
19	99
19	100
19	101
19	103
19	104
19	105
19	106
19	107
19	109
19	111
19	114
19	115
19	116
19	118
19	119
19	120
19	121
19	122
19	123
19	126
19	128
19	130
19	131
19	133
19	136
19	137
19	138
19	142
19	144
20	1
20	2
20	3
20	4
20	5
20	6
20	7
20	8
20	10
20	12
20	13
20	14
20	16
20	19
20	21
20	26
20	27
20	29
20	31
20	32
20	33
20	34
20	36
20	38
20	39
20	41
20	43
20	45
20	46
20	48
20	50
20	51
20	52
20	53
20	54
20	55
20	56
20	57
20	58
20	59
20	62
20	64
20	65
20	67
20	69
20	72
20	75
20	76
20	77
20	78
20	79
20	80
20	81
20	82
20	83
20	86
20	88
20	89
20	90
20	93
20	95
20	96
20	97
20	98
20	101
20	102
20	103
20	104
20	105
20	106
20	108
20	112
20	113
20	114
20	116
20	117
20	118
20	119
20	122
20	126
20	127
20	128
20	130
20	132
20	133
20	136
20	138
20	139
20	141
20	143
20	144
20	145
21	1
21	2
21	3
21	4
21	5
21	6
21	7
21	8
21	9
21	10
21	13
21	14
21	16
21	17
21	20
21	21
21	24
21	25
21	26
21	27
21	28
21	32
21	33
21	34
21	35
21	36
21	37
21	38
21	40
21	42
21	43
21	44
21	46
21	47
21	49
21	50
21	51
21	52
21	55
21	56
21	58
21	59
21	62
21	68
21	70
21	71
21	72
21	73
21	74
21	75
21	76
21	78
21	79
21	80
21	81
21	82
21	85
21	87
21	88
21	89
21	90
21	91
21	92
21	93
21	97
21	101
21	102
21	103
21	105
21	106
21	109
21	110
21	111
21	115
21	116
21	122
21	123
21	126
21	127
21	132
21	134
21	135
21	137
21	141
21	144
21	145
22	2
22	3
22	4
22	8
22	10
22	11
22	12
22	13
22	14
22	16
22	17
22	20
22	21
22	22
22	23
22	27
22	28
22	29
22	30
22	31
22	32
22	34
22	35
22	36
22	37
22	38
22	39
22	44
22	46
22	48
22	50
22	51
22	54
22	55
22	56
22	57
22	58
22	59
22	60
22	61
22	62
22	63
22	64
22	65
22	67
22	68
22	70
22	72
22	73
22	74
22	77
22	78
22	79
22	80
22	82
22	83
22	84
22	85
22	86
22	88
22	90
22	93
22	94
22	96
22	100
22	101
22	102
22	104
22	105
22	106
22	107
22	108
22	110
22	111
22	113
22	116
22	119
22	124
22	125
22	126
22	128
22	129
22	131
22	132
22	134
22	135
22	137
22	138
22	140
23	2
23	5
23	8
23	9
23	12
23	15
23	17
23	19
23	20
23	21
23	22
23	23
23	25
23	28
23	29
23	31
23	34
23	36
23	38
23	39
23	40
23	41
23	42
23	43
23	44
23	46
23	47
23	50
23	51
23	52
23	56
23	57
23	59
23	60
23	61
23	63
23	64
23	65
23	66
23	68
23	69
23	71
23	72
23	73
23	75
23	78
23	79
23	80
23	81
23	82
23	84
23	88
23	89
23	92
23	95
23	97
23	99
23	101
23	102
23	103
23	104
23	105
23	106
23	107
23	108
23	109
23	111
23	112
23	113
23	114
23	116
23	118
23	120
23	121
23	122
23	123
23	124
23	125
23	126
23	128
23	129
23	131
23	133
23	135
23	136
23	137
23	140
23	141
23	142
23	144
23	145
24	1
24	2
24	3
24	4
24	7
24	8
24	9
24	10
24	11
24	12
24	16
24	18
24	19
24	20
24	21
24	23
24	24
24	25
24	26
24	29
24	31
24	32
24	33
24	34
24	36
24	37
24	42
24	43
24	44
24	45
24	46
24	48
24	49
24	50
24	51
24	55
24	61
24	62
24	63
24	64
24	65
24	66
24	68
24	70
24	71
24	73
24	75
24	76
24	77
24	78
24	80
24	81
24	82
24	83
24	85
24	86
24	87
24	90
24	95
24	97
24	98
24	99
24	100
24	101
24	103
24	104
24	105
24	106
24	107
24	108
24	109
24	110
24	111
24	112
24	115
24	117
24	122
24	123
24	124
24	125
24	127
24	131
24	133
24	134
24	136
24	137
24	138
24	139
24	140
24	141
24	142
24	143
24	145
25	1
25	4
25	5
25	6
25	8
25	9
25	10
25	15
25	16
25	19
25	22
25	23
25	24
25	25
25	27
25	29
25	30
25	35
25	36
25	37
25	38
25	39
25	40
25	41
25	42
25	43
25	44
25	45
25	46
25	47
25	48
25	51
25	53
25	54
25	55
25	57
25	58
25	59
25	60
25	61
25	62
25	63
25	65
25	66
25	67
25	68
25	69
25	71
25	74
25	76
25	77
25	79
25	81
25	82
25	84
25	85
25	88
25	91
25	92
25	94
25	95
25	97
25	98
25	100
25	103
25	104
25	105
25	106
25	107
25	108
25	109
25	111
25	112
25	113
25	114
25	115
25	116
25	118
25	119
25	122
25	123
25	124
25	127
25	128
25	129
25	131
25	133
25	134
25	135
25	137
25	138
25	139
25	140
25	141
25	144
26	2
26	3
26	5
26	7
26	8
26	10
26	11
26	13
26	14
26	15
26	16
26	17
26	19
26	20
26	21
26	25
26	26
26	27
26	28
26	29
26	30
26	32
26	33
26	34
26	35
26	37
26	39
26	40
26	41
26	43
26	44
26	45
26	48
26	49
26	50
26	51
26	54
26	55
26	56
26	57
26	58
26	60
26	61
26	62
26	64
26	65
26	66
26	69
26	70
26	71
26	72
26	73
26	74
26	75
26	77
26	78
26	79
26	80
26	81
26	82
26	84
26	87
26	88
26	90
26	91
26	92
26	93
26	96
26	98
26	99
26	100
26	102
26	103
26	104
26	105
26	108
26	109
26	111
26	113
26	115
26	120
26	122
26	126
26	128
26	131
26	134
26	135
26	136
26	137
26	138
26	140
26	141
26	143
26	144
27	1
27	2
27	5
27	6
27	8
27	10
27	11
27	12
27	13
27	14
27	18
27	19
27	21
27	22
27	23
27	24
27	25
27	29
27	30
27	32
27	34
27	36
27	43
27	44
27	45
27	46
27	47
27	48
27	49
27	50
27	51
27	52
27	54
27	55
27	56
27	57
27	59
27	61
27	62
27	63
27	64
27	65
27	66
27	67
27	68
27	70
27	72
27	75
27	76
27	78
27	80
27	81
27	85
27	86
27	87
27	89
27	92
27	93
27	94
27	96
27	98
27	99
27	100
27	101
27	103
27	104
27	106
27	108
27	109
27	111
27	113
27	114
27	117
27	119
27	122
27	124
27	125
27	126
27	127
27	130
27	133
27	134
27	135
27	137
27	138
27	141
27	143
27	145
28	2
28	5
28	6
28	7
28	8
28	13
28	14
28	15
28	16
28	17
28	20
28	21
28	23
28	24
28	25
28	27
28	28
28	29
28	30
28	31
28	33
28	35
28	37
28	38
28	41
28	42
28	44
28	46
28	48
28	49
28	50
28	58
28	59
28	63
28	64
28	66
28	68
28	69
28	70
28	71
28	72
28	73
28	75
28	76
28	77
28	79
28	80
28	81
28	82
28	83
28	84
28	85
28	87
28	91
28	93
28	96
28	99
28	101
28	102
28	106
28	107
28	108
28	109
28	110
28	111
28	112
28	113
28	114
28	116
28	117
28	118
28	119
28	120
28	121
28	122
28	123
28	124
28	125
28	126
28	128
28	129
28	132
28	134
28	135
28	136
28	137
28	139
28	142
29	1
29	3
29	4
29	5
29	6
29	7
29	11
29	12
29	14
29	15
29	18
29	19
29	20
29	21
29	22
29	23
29	24
29	25
29	26
29	27
29	28
29	29
29	31
29	32
29	34
29	35
29	37
29	38
29	40
29	43
29	44
29	45
29	46
29	48
29	49
29	50
29	51
29	52
29	54
29	55
29	57
29	58
29	61
29	62
29	63
29	68
29	70
29	73
29	76
29	77
29	79
29	80
29	82
29	83
29	84
29	85
29	88
29	89
29	90
29	92
29	93
29	94
29	96
29	97
29	98
29	99
29	100
29	101
29	102
29	103
29	104
29	106
29	107
29	109
29	111
29	112
29	114
29	115
29	116
29	119
29	120
29	121
29	122
29	125
29	127
29	129
29	130
29	132
29	134
29	135
29	141
29	142
29	144
30	2
30	4
30	5
30	6
30	9
30	10
30	11
30	12
30	14
30	17
30	18
30	19
30	20
30	21
30	22
30	24
30	26
30	27
30	28
30	29
30	31
30	32
30	33
30	34
30	36
30	38
30	40
30	43
30	45
30	47
30	48
30	49
30	50
30	55
30	56
30	58
30	60
30	62
30	63
30	64
30	65
30	68
30	72
30	73
30	74
30	77
30	78
30	79
30	80
30	83
30	86
30	87
30	91
30	93
30	95
30	98
30	99
30	100
30	105
30	106
30	107
30	110
30	114
30	117
30	118
30	119
30	122
30	123
30	125
30	128
30	129
30	130
30	132
30	133
30	134
30	135
30	136
30	137
30	140
30	141
30	144
30	145
31	1
31	3
31	4
31	6
31	8
31	10
31	11
31	12
31	13
31	14
31	15
31	16
31	17
31	20
31	21
31	23
31	24
31	25
31	26
31	27
31	28
31	29
31	30
31	31
31	32
31	33
31	34
31	35
31	36
31	37
31	38
31	41
31	42
31	46
31	48
31	49
31	52
31	53
31	56
31	57
31	59
31	60
31	61
31	62
31	63
31	64
31	65
31	66
31	67
31	68
31	69
31	73
31	74
31	76
31	79
31	81
31	82
31	83
31	86
31	87
31	88
31	90
31	91
31	92
31	94
31	95
31	96
31	97
31	98
31	99
31	100
31	101
31	102
31	103
31	104
31	105
31	106
31	108
31	109
31	110
31	111
31	112
31	113
31	114
31	116
31	117
31	118
31	120
31	121
31	125
31	126
31	128
31	130
31	131
31	132
31	134
31	135
31	137
31	140
31	143
32	2
32	3
32	6
32	7
32	8
32	10
32	11
32	12
32	13
32	14
32	15
32	16
32	19
32	21
32	22
32	23
32	26
32	27
32	29
32	30
32	33
32	35
32	36
32	38
32	41
32	42
32	43
32	45
32	46
32	48
32	49
32	51
32	56
32	57
32	59
32	60
32	61
32	62
32	63
32	64
32	66
32	68
32	70
32	72
32	79
32	81
32	83
32	84
32	85
32	86
32	87
32	88
32	89
32	90
32	91
32	92
32	93
32	95
32	97
32	98
32	100
32	101
32	102
32	103
32	105
32	109
32	111
32	114
32	115
32	116
32	117
32	118
32	120
32	123
32	127
32	128
32	129
32	131
32	133
32	137
32	138
32	139
32	140
32	141
32	143
33	2
33	3
33	4
33	5
33	6
33	7
33	10
33	11
33	12
33	14
33	17
33	18
33	19
33	20
33	21
33	24
33	26
33	27
33	28
33	29
33	31
33	33
33	36
33	37
33	40
33	41
33	43
33	45
33	47
33	49
33	53
33	54
33	58
33	59
33	60
33	62
33	63
33	64
33	65
33	66
33	67
33	69
33	70
33	71
33	72
33	73
33	78
33	79
33	80
33	82
33	84
33	87
33	88
33	90
33	91
33	92
33	93
33	95
33	97
33	98
33	99
33	101
33	102
33	103
33	106
33	107
33	108
33	110
33	111
33	113
33	115
33	117
33	118
33	119
33	120
33	122
33	124
33	125
33	126
33	127
33	128
33	129
33	130
33	131
33	133
33	135
33	137
33	141
34	2
34	3
34	4
34	5
34	6
34	8
34	11
34	12
34	13
34	14
34	19
34	23
34	24
34	25
34	26
34	28
34	29
34	30
34	33
34	35
34	36
34	38
34	39
34	40
34	41
34	42
34	43
34	44
34	45
34	47
34	48
34	49
34	51
34	52
34	54
34	55
34	56
34	58
34	59
34	61
34	62
34	64
34	67
34	68
34	69
34	72
34	73
34	75
34	76
34	77
34	78
34	79
34	82
34	83
34	85
34	86
34	87
34	90
34	91
34	92
34	94
34	97
34	98
34	100
34	101
34	102
34	103
34	104
34	106
34	107
34	108
34	110
34	111
34	114
34	115
34	116
34	117
34	118
34	119
34	122
34	123
34	124
34	125
34	127
34	128
34	129
34	130
34	131
34	132
34	133
34	134
34	135
34	136
34	137
34	138
34	139
34	140
34	141
34	145
35	1
35	2
35	3
35	4
35	6
35	7
35	8
35	9
35	10
35	14
35	15
35	18
35	19
35	22
35	23
35	24
35	26
35	27
35	34
35	36
35	37
35	39
35	40
35	41
35	42
35	44
35	45
35	47
35	48
35	49
35	50
35	52
35	53
35	56
35	58
35	59
35	62
35	64
35	66
35	69
35	71
35	72
35	74
35	76
35	80
35	82
35	83
35	84
35	86
35	88
35	89
35	91
35	92
35	93
35	94
35	95
35	96
35	97
35	98
35	99
35	101
35	102
35	105
35	106
35	108
35	109
35	111
35	113
35	114
35	115
35	116
35	117
35	118
35	120
35	123
35	124
35	125
35	126
35	127
35	128
35	130
35	132
35	133
35	134
35	135
35	136
35	137
35	138
35	140
35	142
35	145
36	2
36	3
36	4
36	5
36	7
36	9
36	10
36	13
36	14
36	15
36	18
36	19
36	20
36	22
36	23
36	24
36	27
36	28
36	30
36	31
36	33
36	35
36	37
36	38
36	39
36	40
36	41
36	42
36	43
36	44
36	45
36	46
36	47
36	48
36	49
36	50
36	52
36	54
36	60
36	62
36	63
36	64
36	65
36	69
36	70
36	72
36	74
36	76
36	79
36	81
36	86
36	88
36	92
36	94
36	96
36	99
36	100
36	101
36	103
36	104
36	106
36	108
36	109
36	110
36	111
36	112
36	113
36	115
36	117
36	118
36	121
36	122
36	123
36	125
36	128
36	129
36	131
36	132
36	133
36	134
36	135
36	136
36	137
36	139
36	143
36	144
36	145
37	1
37	2
37	6
37	7
37	8
37	11
37	13
37	14
37	18
37	20
37	23
37	26
37	27
37	28
37	31
37	32
37	33
37	34
37	35
37	36
37	37
37	39
37	40
37	41
37	42
37	43
37	45
37	52
37	53
37	54
37	55
37	56
37	60
37	61
37	62
37	63
37	64
37	65
37	67
37	71
37	72
37	75
37	76
37	78
37	80
37	81
37	82
37	86
37	87
37	89
37	90
37	91
37	92
37	93
37	94
37	95
37	96
37	98
37	99
37	100
37	101
37	102
37	105
37	107
37	108
37	109
37	110
37	111
37	112
37	113
37	114
37	116
37	117
37	118
37	122
37	123
37	125
37	126
37	128
37	129
37	130
37	134
37	137
37	138
37	139
37	140
37	143
37	144
37	145
38	1
38	2
38	10
38	11
38	13
38	14
38	15
38	16
38	17
38	18
38	19
38	20
38	21
38	22
38	25
38	26
38	28
38	29
38	30
38	31
38	32
38	34
38	38
38	40
38	41
38	42
38	43
38	45
38	46
38	47
38	49
38	50
38	51
38	53
38	55
38	58
38	59
38	60
38	61
38	62
38	63
38	64
38	65
38	67
38	68
38	70
38	71
38	73
38	74
38	75
38	76
38	77
38	78
38	80
38	81
38	82
38	86
38	87
38	88
38	90
38	91
38	93
38	96
38	100
38	101
38	103
38	105
38	109
38	110
38	117
38	118
38	121
38	122
38	123
38	124
38	127
38	128
38	129
38	133
38	134
38	135
38	136
38	138
38	141
38	143
38	144
38	145
39	2
39	4
39	5
39	6
39	7
39	8
39	9
39	11
39	12
39	13
39	14
39	15
39	16
39	18
39	19
39	21
39	22
39	23
39	24
39	25
39	28
39	29
39	30
39	31
39	32
39	33
39	34
39	35
39	36
39	37
39	38
39	39
39	40
39	44
39	46
39	47
39	48
39	49
39	50
39	51
39	52
39	53
39	54
39	55
39	57
39	58
39	59
39	60
39	62
39	63
39	64
39	65
39	66
39	68
39	69
39	72
39	73
39	74
39	75
39	76
39	77
39	78
39	79
39	81
39	83
39	84
39	85
39	86
39	87
39	88
39	89
39	91
39	92
39	96
39	99
39	100
39	104
39	106
39	107
39	108
39	110
39	111
39	112
39	115
39	117
39	118
39	120
39	124
39	125
39	127
39	128
39	130
39	133
39	134
39	137
39	138
39	140
39	141
39	142
39	143
39	145
40	1
40	2
40	3
40	4
40	6
40	7
40	9
40	10
40	11
40	13
40	15
40	18
40	20
40	23
40	24
40	25
40	27
40	28
40	31
40	32
40	33
40	34
40	35
40	36
40	37
40	38
40	39
40	40
40	41
40	42
40	44
40	45
40	46
40	48
40	49
40	51
40	52
40	53
40	54
40	55
40	56
40	59
40	61
40	62
40	63
40	65
40	66
40	67
40	68
40	70
40	71
40	72
40	76
40	79
40	80
40	81
40	84
40	86
40	87
40	88
40	89
40	90
40	91
40	94
40	95
40	96
40	98
40	99
40	100
40	102
40	103
40	104
40	105
40	106
40	108
40	109
40	111
40	112
40	115
40	116
40	117
40	119
40	124
40	125
40	126
40	127
40	129
40	131
40	132
40	134
40	136
40	137
40	138
40	139
40	140
40	141
40	142
40	143
40	145
41	1
41	5
41	7
41	9
41	12
41	13
41	14
41	17
41	18
41	22
41	24
41	25
41	27
41	32
41	34
41	35
41	36
41	38
41	40
41	41
41	42
41	43
41	44
41	45
41	46
41	49
41	50
41	52
41	53
41	54
41	55
41	56
41	57
41	58
41	59
41	60
41	61
41	66
41	67
41	68
41	70
41	72
41	73
41	75
41	76
41	77
41	78
41	79
41	81
41	83
41	84
41	85
41	87
41	88
41	90
41	91
41	92
41	93
41	96
41	97
41	99
41	101
41	103
41	104
41	105
41	108
41	114
41	116
41	117
41	118
41	119
41	120
41	122
41	123
41	124
41	127
41	128
41	132
41	133
41	135
41	136
41	137
41	138
41	139
41	142
41	144
41	145
42	1
42	2
42	3
42	4
42	5
42	6
42	8
42	9
42	10
42	11
42	12
42	13
42	14
42	16
42	17
42	20
42	21
42	22
42	24
42	25
42	28
42	31
42	32
42	34
42	35
42	38
42	39
42	40
42	41
42	42
42	43
42	44
42	45
42	47
42	49
42	54
42	55
42	56
42	57
42	58
42	59
42	60
42	61
42	62
42	66
42	67
42	68
42	69
42	70
42	71
42	72
42	74
42	76
42	78
42	81
42	82
42	83
42	84
42	85
42	86
42	88
42	89
42	90
42	92
42	93
42	94
42	95
42	96
42	97
42	98
42	99
42	100
42	101
42	104
42	105
42	106
42	107
42	108
42	111
42	113
42	114
42	115
42	116
42	117
42	118
42	119
42	120
42	124
42	125
42	126
42	128
42	130
42	131
42	132
42	133
42	134
42	135
42	136
42	137
42	139
42	140
42	141
42	142
42	143
42	144
43	1
43	2
43	3
43	5
43	6
43	8
43	9
43	10
43	11
43	12
43	14
43	15
43	19
43	20
43	21
43	22
43	23
43	24
43	25
43	27
43	28
43	30
43	31
43	32
43	35
43	36
43	38
43	39
43	40
43	43
43	44
43	45
43	46
43	47
43	48
43	49
43	50
43	51
43	52
43	53
43	54
43	55
43	56
43	57
43	58
43	59
43	61
43	62
43	65
43	66
43	68
43	69
43	70
43	71
43	72
43	74
43	76
43	80
43	82
43	83
43	84
43	85
43	86
43	87
43	88
43	89
43	92
43	94
43	96
43	98
43	99
43	102
43	103
43	104
43	105
43	106
43	107
43	108
43	112
43	113
43	115
43	118
43	119
43	120
43	121
43	123
43	125
43	126
43	127
43	129
43	130
43	131
43	135
43	136
43	137
43	138
43	139
43	141
43	142
43	143
43	144
43	145
44	3
44	5
44	6
44	7
44	8
44	9
44	10
44	13
44	15
44	16
44	17
44	19
44	21
44	22
44	23
44	24
44	27
44	28
44	29
44	31
44	32
44	33
44	34
44	35
44	37
44	38
44	40
44	41
44	42
44	43
44	44
44	46
44	48
44	50
44	51
44	54
44	57
44	58
44	59
44	60
44	64
44	69
44	70
44	71
44	72
44	74
44	75
44	78
44	80
44	82
44	84
44	85
44	88
44	89
44	90
44	91
44	92
44	94
44	95
44	96
44	97
44	98
44	99
44	100
44	102
44	103
44	104
44	106
44	107
44	109
44	110
44	111
44	112
44	113
44	115
44	118
44	122
44	123
44	128
44	129
44	131
44	133
44	135
44	136
44	137
44	138
44	140
44	141
44	142
44	144
44	145
45	1
45	2
45	3
45	4
45	5
45	7
45	10
45	11
45	13
45	16
45	17
45	19
45	20
45	21
45	22
45	23
45	24
45	26
45	32
45	35
45	36
45	37
45	38
45	39
45	43
45	44
45	45
45	46
45	47
45	48
45	49
45	50
45	52
45	56
45	58
45	59
45	62
45	63
45	64
45	65
45	69
45	70
45	71
45	74
45	75
45	76
45	77
45	78
45	79
45	80
45	81
45	82
45	83
45	85
45	86
45	87
45	88
45	89
45	90
45	91
45	92
45	93
45	94
45	95
45	96
45	97
45	98
45	99
45	100
45	103
45	104
45	105
45	106
45	107
45	108
45	110
45	111
45	113
45	114
45	115
45	116
45	117
45	118
45	119
45	121
45	122
45	123
45	124
45	126
45	128
45	129
45	133
45	134
45	136
45	137
45	142
45	143
45	145
46	1
46	2
46	3
46	4
46	5
46	6
46	7
46	8
46	9
46	10
46	13
46	15
46	16
46	18
46	19
46	20
46	23
46	25
46	30
46	35
46	36
46	37
46	38
46	40
46	42
46	44
46	45
46	46
46	47
46	50
46	51
46	54
46	55
46	56
46	58
46	61
46	62
46	64
46	65
46	66
46	67
46	68
46	69
46	77
46	78
46	79
46	80
46	81
46	82
46	84
46	85
46	87
46	88
46	91
46	92
46	94
46	95
46	96
46	97
46	98
46	100
46	101
46	102
46	103
46	104
46	105
46	106
46	107
46	108
46	109
46	110
46	113
46	115
46	116
46	118
46	119
46	121
46	122
46	126
46	129
46	132
46	133
46	135
46	136
46	139
46	140
46	141
46	144
46	145
47	2
47	3
47	5
47	7
47	8
47	9
47	10
47	12
47	13
47	15
47	17
47	18
47	20
47	22
47	23
47	24
47	25
47	26
47	27
47	28
47	29
47	31
47	32
47	33
47	34
47	36
47	37
47	39
47	40
47	41
47	42
47	43
47	47
47	48
47	51
47	52
47	53
47	54
47	57
47	58
47	59
47	62
47	63
47	64
47	65
47	66
47	67
47	68
47	69
47	71
47	73
47	74
47	75
47	77
47	81
47	82
47	84
47	85
47	86
47	87
47	89
47	91
47	92
47	93
47	94
47	95
47	96
47	97
47	98
47	99
47	100
47	101
47	106
47	109
47	110
47	111
47	116
47	117
47	118
47	120
47	122
47	123
47	124
47	126
47	129
47	130
47	131
47	132
47	133
47	134
47	135
47	136
47	138
47	140
47	145
48	2
48	3
48	5
48	7
48	11
48	12
48	13
48	14
48	15
48	16
48	17
48	18
48	19
48	20
48	21
48	22
48	24
48	25
48	27
48	29
48	30
48	33
48	37
48	39
48	40
48	41
48	42
48	43
48	44
48	45
48	46
48	47
48	49
48	51
48	52
48	54
48	55
48	58
48	62
48	65
48	69
48	71
48	72
48	73
48	75
48	78
48	79
48	84
48	86
48	88
48	90
48	91
48	92
48	95
48	96
48	97
48	98
48	99
48	100
48	101
48	103
48	105
48	107
48	108
48	109
48	110
48	111
48	113
48	114
48	115
48	116
48	119
48	120
48	121
48	122
48	123
48	126
48	128
48	130
48	131
48	132
48	134
48	135
48	139
48	141
48	142
48	144
49	1
49	2
49	4
49	8
49	9
49	11
49	14
49	15
49	17
49	18
49	19
49	22
49	23
49	25
49	26
49	27
49	28
49	31
49	32
49	34
49	39
49	40
49	42
49	43
49	45
49	46
49	47
49	49
49	52
49	53
49	54
49	55
49	56
49	57
49	62
49	64
49	65
49	66
49	68
49	69
49	70
49	71
49	73
49	74
49	77
49	78
49	79
49	81
49	82
49	83
49	85
49	87
49	91
49	93
49	94
49	97
49	99
49	100
49	102
49	103
49	104
49	111
49	112
49	113
49	116
49	117
49	120
49	121
49	122
49	124
49	126
49	127
49	128
49	129
49	131
49	133
49	134
49	135
49	137
49	138
49	139
49	140
49	143
49	145
50	2
50	6
50	7
50	8
50	9
50	10
50	12
50	13
50	15
50	16
50	17
50	18
50	20
50	23
50	24
50	28
50	29
50	30
50	31
50	33
50	34
50	35
50	37
50	38
50	40
50	45
50	48
50	50
50	51
50	52
50	54
50	57
50	58
50	60
50	61
50	62
50	64
50	65
50	68
50	69
50	70
50	71
50	73
50	74
50	76
50	77
50	78
50	81
50	84
50	85
50	86
50	91
50	95
50	96
50	97
50	99
50	100
50	102
50	103
50	104
50	106
50	108
50	111
50	116
50	117
50	119
50	120
50	121
50	122
50	123
50	124
50	129
50	131
50	132
50	136
50	137
50	140
50	142
50	144
50	145
51	1
51	2
51	4
51	6
51	7
51	8
51	10
51	16
51	17
51	18
51	21
51	26
51	27
51	28
51	30
51	32
51	33
51	35
51	36
51	38
51	39
51	40
51	41
51	42
51	44
51	45
51	48
51	49
51	54
51	57
51	59
51	60
51	63
51	65
51	67
51	68
51	69
51	70
51	71
51	72
51	73
51	74
51	75
51	77
51	78
51	79
51	81
51	83
51	84
51	86
51	87
51	89
51	91
51	92
51	94
51	95
51	97
51	98
51	99
51	100
51	101
51	102
51	105
51	106
51	107
51	108
51	109
51	110
51	111
51	113
51	114
51	115
51	122
51	123
51	126
51	127
51	129
51	130
51	131
51	133
51	134
51	135
51	137
51	139
51	140
51	141
51	143
51	144
51	145
52	1
52	2
52	3
52	4
52	6
52	7
52	9
52	10
52	12
52	14
52	16
52	19
52	21
52	23
52	24
52	25
52	29
52	30
52	31
52	35
52	36
52	37
52	38
52	39
52	42
52	43
52	45
52	46
52	47
52	49
52	50
52	51
52	52
52	53
52	54
52	56
52	59
52	60
52	61
52	62
52	63
52	64
52	65
52	66
52	68
52	69
52	71
52	74
52	76
52	77
52	80
52	82
52	83
52	84
52	86
52	87
52	88
52	91
52	93
52	94
52	95
52	97
52	98
52	100
52	101
52	102
52	103
52	104
52	108
52	109
52	110
52	112
52	114
52	115
52	117
52	118
52	119
52	120
52	121
52	122
52	123
52	125
52	126
52	127
52	128
52	129
52	130
52	132
52	133
52	134
52	135
52	136
52	137
52	138
52	140
52	141
52	144
53	3
53	5
53	6
53	9
53	11
53	12
53	15
53	18
53	19
53	21
53	22
53	23
53	25
53	28
53	29
53	31
53	32
53	33
53	35
53	36
53	37
53	38
53	39
53	41
53	42
53	43
53	45
53	46
53	48
53	49
53	50
53	51
53	53
53	54
53	55
53	57
53	60
53	62
53	63
53	65
53	66
53	68
53	70
53	72
53	73
53	74
53	76
53	77
53	78
53	79
53	80
53	81
53	82
53	83
53	84
53	86
53	88
53	89
53	90
53	92
53	93
53	94
53	95
53	96
53	97
53	98
53	99
53	100
53	101
53	102
53	103
53	104
53	107
53	110
53	111
53	113
53	116
53	117
53	119
53	120
53	122
53	123
53	127
53	128
53	129
53	130
53	131
53	133
53	134
53	135
53	138
53	139
53	140
53	141
53	142
53	144
54	1
54	2
54	4
54	5
54	7
54	8
54	9
54	10
54	11
54	12
54	15
54	16
54	18
54	21
54	26
54	28
54	29
54	30
54	35
54	37
54	38
54	39
54	44
54	46
54	47
54	49
54	50
54	51
54	52
54	53
54	54
54	55
54	56
54	57
54	58
54	59
54	60
54	61
54	62
54	63
54	67
54	69
54	70
54	72
54	73
54	76
54	78
54	80
54	81
54	82
54	83
54	84
54	85
54	86
54	87
54	88
54	91
54	92
54	94
54	96
54	97
54	98
54	99
54	101
54	104
54	105
54	106
54	107
54	109
54	112
54	113
54	114
54	116
54	118
54	119
54	120
54	123
54	124
54	125
54	126
54	127
54	128
54	129
54	130
54	131
54	133
54	134
54	137
54	138
54	139
54	140
54	141
54	142
54	143
54	144
55	1
55	3
55	5
55	7
55	8
55	9
55	10
55	11
55	13
55	14
55	15
55	16
55	19
55	20
55	21
55	22
55	23
55	25
55	26
55	27
55	28
55	31
55	33
55	34
55	35
55	36
55	37
55	38
55	39
55	42
55	43
55	45
55	46
55	48
55	50
55	52
55	53
55	55
55	57
55	63
55	64
55	65
55	66
55	67
55	68
55	70
55	71
55	72
55	74
55	75
55	77
55	78
55	79
55	80
55	83
55	84
55	85
55	86
55	88
55	89
55	90
55	91
55	92
55	94
55	95
55	96
55	97
55	100
55	101
55	104
55	109
55	110
55	111
55	113
55	116
55	117
55	118
55	119
55	120
55	121
55	124
55	125
55	126
55	127
55	128
55	129
55	130
55	133
55	135
55	137
55	138
55	139
55	141
55	142
56	1
56	2
56	4
56	5
56	8
56	10
56	11
56	13
56	15
56	16
56	18
56	19
56	20
56	21
56	22
56	25
56	26
56	27
56	28
56	30
56	32
56	33
56	35
56	37
56	39
56	40
56	41
56	42
56	43
56	44
56	45
56	47
56	48
56	49
56	50
56	51
56	52
56	53
56	54
56	55
56	58
56	59
56	60
56	61
56	62
56	63
56	64
56	65
56	66
56	67
56	72
56	74
56	79
56	82
56	86
56	87
56	88
56	89
56	91
56	94
56	97
56	99
56	100
56	101
56	102
56	104
56	105
56	106
56	109
56	111
56	112
56	113
56	115
56	116
56	118
56	121
56	122
56	124
56	125
56	127
56	128
56	130
56	131
56	132
56	133
56	137
56	138
56	139
56	140
56	141
56	142
56	143
56	144
57	1
57	2
57	3
57	4
57	7
57	8
57	11
57	13
57	16
57	18
57	20
57	21
57	23
57	24
57	25
57	26
57	29
57	30
57	32
57	33
57	35
57	36
57	37
57	38
57	39
57	41
57	42
57	44
57	50
57	51
57	52
57	53
57	54
57	55
57	56
57	57
57	58
57	61
57	63
57	64
57	65
57	67
57	68
57	69
57	71
57	73
57	74
57	75
57	76
57	78
57	79
57	82
57	84
57	87
57	88
57	89
57	92
57	93
57	95
57	96
57	97
57	100
57	102
57	103
57	105
57	108
57	109
57	110
57	111
57	112
57	113
57	114
57	116
57	118
57	119
57	121
57	125
57	126
57	129
57	132
57	134
57	136
57	137
57	138
57	139
57	140
57	143
57	145
58	6
58	8
58	9
58	10
58	11
58	12
58	13
58	14
58	16
58	17
58	18
58	19
58	20
58	21
58	22
58	23
58	24
58	27
58	28
58	29
58	30
58	31
58	32
58	34
58	35
58	36
58	37
58	38
58	39
58	40
58	41
58	42
58	43
58	46
58	47
58	48
58	49
58	51
58	52
58	53
58	54
58	56
58	57
58	61
58	62
58	63
58	66
58	70
58	72
58	73
58	74
58	76
58	77
58	80
58	81
58	83
58	84
58	85
58	86
58	87
58	90
58	96
58	98
58	99
58	101
58	102
58	103
58	104
58	106
58	107
58	109
58	112
58	113
58	116
58	117
58	118
58	120
58	121
58	123
58	125
58	128
58	130
58	131
58	132
58	135
58	136
58	137
58	138
58	139
58	141
58	142
58	145
59	1
59	6
59	7
59	9
59	12
59	13
59	14
59	15
59	16
59	19
59	22
59	23
59	24
59	25
59	26
59	27
59	29
59	30
59	32
59	34
59	35
59	36
59	38
59	39
59	40
59	43
59	46
59	48
59	49
59	51
59	52
59	55
59	59
59	62
59	63
59	65
59	66
59	67
59	69
59	70
59	71
59	77
59	80
59	82
59	86
59	87
59	90
59	93
59	96
59	97
59	98
59	99
59	100
59	101
59	102
59	105
59	106
59	107
59	108
59	109
59	110
59	111
59	112
59	113
59	115
59	116
59	117
59	118
59	120
59	121
59	122
59	124
59	125
59	126
59	127
59	130
59	132
59	133
59	134
59	135
59	136
59	137
59	141
59	142
59	144
60	1
60	2
60	5
60	6
60	8
60	10
60	11
60	13
60	14
60	16
60	17
60	19
60	21
60	22
60	23
60	24
60	26
60	28
60	32
60	33
60	34
60	35
60	36
60	37
60	42
60	43
60	45
60	48
60	50
60	52
60	53
60	54
60	56
60	57
60	58
60	59
60	61
60	62
60	63
60	66
60	68
60	69
60	70
60	71
60	73
60	75
60	79
60	82
60	84
60	85
60	87
60	88
60	90
60	91
60	96
60	99
60	100
60	101
60	103
60	105
60	106
60	107
60	108
60	109
60	110
60	112
60	113
60	116
60	117
60	119
60	121
60	122
60	124
60	126
60	127
60	129
60	130
60	134
60	135
60	136
60	137
60	139
61	3
61	4
61	5
61	6
61	7
61	8
61	9
61	11
61	13
61	14
61	15
61	19
61	22
61	23
61	24
61	25
61	26
61	28
61	29
61	30
61	34
61	37
61	39
61	41
61	42
61	43
61	45
61	46
61	47
61	48
61	49
61	50
61	53
61	56
61	60
61	61
61	62
61	65
61	66
61	67
61	68
61	70
61	71
61	73
61	74
61	79
61	80
61	81
61	83
61	84
61	86
61	87
61	88
61	89
61	91
61	93
61	100
61	101
61	102
61	104
61	105
61	108
61	110
61	112
61	113
61	114
61	116
61	118
61	119
61	120
61	121
61	122
61	125
61	126
61	127
61	129
61	130
61	131
61	133
61	135
61	136
61	138
61	139
61	140
61	141
61	143
61	144
61	145
62	1
62	2
62	3
62	7
62	8
62	12
62	13
62	15
62	17
62	18
62	22
62	24
62	25
62	27
62	29
62	30
62	32
62	34
62	35
62	37
62	39
62	40
62	41
62	42
62	43
62	45
62	50
62	52
62	54
62	55
62	56
62	58
62	59
62	60
62	62
62	63
62	64
62	66
62	68
62	69
62	70
62	71
62	72
62	74
62	76
62	77
62	78
62	79
62	80
62	82
62	83
62	85
62	88
62	89
62	90
62	93
62	95
62	96
62	97
62	99
62	100
62	103
62	104
62	106
62	108
62	109
62	112
62	113
62	114
62	115
62	117
62	118
62	119
62	121
62	122
62	123
62	124
62	126
62	127
62	128
62	129
62	131
62	133
62	134
62	138
62	139
62	141
62	142
62	143
63	1
63	3
63	9
63	10
63	11
63	12
63	14
63	16
63	17
63	18
63	19
63	20
63	21
63	22
63	24
63	25
63	28
63	32
63	34
63	35
63	36
63	37
63	40
63	42
63	43
63	45
63	46
63	48
63	49
63	50
63	51
63	52
63	53
63	55
63	56
63	57
63	59
63	60
63	61
63	62
63	64
63	66
63	68
63	69
63	71
63	72
63	76
63	77
63	78
63	79
63	80
63	81
63	82
63	83
63	84
63	86
63	87
63	88
63	89
63	92
63	93
63	94
63	95
63	96
63	97
63	98
63	99
63	100
63	104
63	106
63	108
63	109
63	110
63	111
63	112
63	113
63	114
63	115
63	116
63	117
63	118
63	124
63	125
63	126
63	127
63	129
63	131
63	134
63	135
63	136
63	137
63	138
63	140
63	142
63	143
63	145
64	1
64	3
64	4
64	6
64	7
64	8
64	9
64	12
64	13
64	14
64	15
64	16
64	17
64	18
64	20
64	21
64	22
64	23
64	24
64	25
64	28
64	29
64	30
64	31
64	32
64	34
64	36
64	38
64	39
64	41
64	44
64	46
64	47
64	48
64	49
64	50
64	51
64	53
64	54
64	55
64	57
64	58
64	59
64	60
64	61
64	62
64	63
64	64
64	65
64	68
64	69
64	70
64	71
64	73
64	75
64	76
64	77
64	79
64	81
64	83
64	86
64	87
64	88
64	89
64	90
64	91
64	92
64	93
64	94
64	95
64	97
64	98
64	99
64	100
64	102
64	104
64	105
64	106
64	107
64	108
64	111
64	112
64	114
64	115
64	117
64	119
64	120
64	123
64	124
64	125
64	126
64	137
64	138
64	139
64	140
64	141
64	143
65	1
65	2
65	3
65	5
65	6
65	7
65	8
65	9
65	10
65	11
65	12
65	14
65	16
65	18
65	19
65	21
65	22
65	25
65	26
65	27
65	28
65	29
65	30
65	31
65	33
65	34
65	35
65	36
65	43
65	45
65	46
65	47
65	48
65	49
65	50
65	52
65	54
65	55
65	56
65	58
65	60
65	64
65	66
65	67
65	68
65	69
65	73
65	74
65	75
65	77
65	79
65	81
65	82
65	83
65	86
65	87
65	88
65	95
65	96
65	97
65	99
65	100
65	101
65	103
65	104
65	105
65	107
65	109
65	113
65	114
65	117
65	118
65	120
65	121
65	123
65	124
65	125
65	127
65	128
65	130
65	131
65	132
65	133
65	134
65	136
65	137
65	138
65	140
65	141
65	142
65	143
66	1
66	2
66	3
66	4
66	5
66	6
66	7
66	9
66	11
66	12
66	13
66	14
66	15
66	16
66	17
66	18
66	21
66	22
66	23
66	24
66	25
66	26
66	28
66	30
66	31
66	32
66	33
66	34
66	36
66	38
66	40
66	43
66	45
66	47
66	48
66	49
66	50
66	52
66	55
66	56
66	57
66	58
66	59
66	60
66	61
66	62
66	63
66	65
66	66
66	67
66	69
66	70
66	72
66	73
66	75
66	76
66	77
66	78
66	80
66	82
66	83
66	84
66	87
66	89
66	92
66	94
66	95
66	97
66	99
66	100
66	102
66	103
66	106
66	109
66	110
66	111
66	113
66	115
66	116
66	117
66	118
66	119
66	121
66	122
66	123
66	128
66	131
66	134
66	135
66	137
66	139
66	140
66	141
66	144
67	1
67	2
67	5
67	7
67	10
67	13
67	15
67	16
67	18
67	19
67	21
67	22
67	23
67	24
67	25
67	26
67	29
67	30
67	31
67	32
67	33
67	34
67	35
67	36
67	39
67	40
67	41
67	43
67	44
67	45
67	46
67	47
67	49
67	50
67	51
67	52
67	55
67	56
67	57
67	60
67	61
67	63
67	64
67	65
67	71
67	72
67	74
67	75
67	76
67	78
67	79
67	81
67	82
67	83
67	85
67	86
67	87
67	88
67	89
67	90
67	91
67	93
67	94
67	95
67	96
67	97
67	98
67	99
67	100
67	102
67	103
67	106
67	107
67	109
67	110
67	111
67	113
67	114
67	116
67	117
67	118
67	119
67	120
67	121
67	124
67	126
67	127
67	129
67	131
67	132
67	134
67	139
67	141
67	142
67	143
67	144
67	145
68	1
68	2
68	5
68	6
68	8
68	9
68	10
68	12
68	14
68	16
68	18
68	19
68	20
68	22
68	23
68	24
68	25
68	26
68	28
68	30
68	31
68	34
68	35
68	36
68	39
68	40
68	41
68	43
68	44
68	48
68	50
68	51
68	54
68	55
68	56
68	58
68	60
68	62
68	64
68	65
68	67
68	69
68	70
68	74
68	75
68	76
68	77
68	78
68	79
68	80
68	81
68	82
68	86
68	87
68	88
68	89
68	90
68	91
68	92
68	93
68	94
68	95
68	100
68	101
68	106
68	107
68	108
68	109
68	110
68	112
68	113
68	114
68	115
68	117
68	118
68	120
68	123
68	126
68	127
68	128
68	129
68	132
68	134
68	135
68	137
68	138
68	140
68	141
68	142
68	143
69	1
69	3
69	5
69	6
69	7
69	9
69	12
69	13
69	14
69	16
69	17
69	20
69	21
69	28
69	31
69	32
69	34
69	37
69	39
69	40
69	41
69	42
69	43
69	45
69	48
69	50
69	53
69	57
69	58
69	59
69	60
69	61
69	62
69	63
69	64
69	65
69	66
69	68
69	69
69	75
69	79
69	81
69	82
69	83
69	85
69	86
69	87
69	89
69	90
69	91
69	95
69	98
69	99
69	100
69	101
69	102
69	103
69	105
69	106
69	107
69	108
69	110
69	113
69	115
69	116
69	117
69	119
69	121
69	122
69	123
69	124
69	125
69	126
69	128
69	129
69	131
69	132
69	133
69	134
69	136
69	140
69	141
69	142
69	143
69	144
69	145
70	1
70	3
70	4
70	5
70	6
70	7
70	8
70	9
70	10
70	11
70	14
70	16
70	17
70	20
70	21
70	22
70	23
70	24
70	26
70	28
70	30
70	32
70	33
70	35
70	36
70	37
70	38
70	39
70	40
70	41
70	42
70	43
70	44
70	45
70	46
70	47
70	48
70	49
70	51
70	52
70	53
70	54
70	60
70	61
70	63
70	65
70	66
70	67
70	68
70	72
70	73
70	74
70	77
70	79
70	80
70	81
70	82
70	83
70	85
70	86
70	87
70	89
70	92
70	93
70	94
70	95
70	96
70	97
70	98
70	103
70	105
70	106
70	107
70	109
70	114
70	115
70	117
70	119
70	120
70	124
70	125
70	127
70	130
70	134
70	135
70	136
70	138
70	139
70	141
70	142
70	143
70	144
71	1
71	2
71	4
71	7
71	8
71	9
71	10
71	11
71	12
71	13
71	18
71	19
71	22
71	24
71	25
71	26
71	27
71	29
71	30
71	32
71	33
71	35
71	36
71	39
71	40
71	44
71	45
71	46
71	48
71	52
71	53
71	54
71	55
71	58
71	59
71	60
71	61
71	62
71	64
71	66
71	67
71	68
71	70
71	71
71	72
71	73
71	74
71	78
71	79
71	82
71	84
71	86
71	87
71	89
71	90
71	92
71	93
71	94
71	96
71	99
71	101
71	103
71	104
71	105
71	106
71	107
71	108
71	109
71	110
71	111
71	112
71	113
71	114
71	115
71	116
71	119
71	120
71	121
71	122
71	124
71	125
71	126
71	127
71	128
71	129
71	132
71	133
71	134
71	135
71	137
71	138
71	139
71	142
71	144
71	145
72	1
72	2
72	5
72	7
72	8
72	12
72	14
72	15
72	16
72	17
72	18
72	21
72	23
72	24
72	26
72	29
72	30
72	31
72	32
72	33
72	35
72	36
72	37
72	38
72	39
72	42
72	43
72	44
72	46
72	47
72	48
72	49
72	51
72	52
72	53
72	54
72	56
72	58
72	61
72	64
72	67
72	68
72	70
72	71
72	72
72	73
72	75
72	76
72	79
72	81
72	82
72	83
72	86
72	87
72	88
72	91
72	92
72	93
72	95
72	96
72	97
72	98
72	100
72	101
72	103
72	104
72	105
72	106
72	108
72	109
72	110
72	113
72	114
72	115
72	116
72	117
72	118
72	120
72	121
72	123
72	128
72	131
72	132
72	133
72	134
72	138
72	139
72	140
72	141
72	142
72	144
72	145
73	1
73	4
73	6
73	7
73	10
73	12
73	13
73	16
73	17
73	18
73	22
73	24
73	25
73	26
73	29
73	30
73	31
73	32
73	33
73	35
73	36
73	39
73	41
73	42
73	43
73	44
73	46
73	47
73	48
73	52
73	53
73	54
73	55
73	59
73	60
73	61
73	62
73	64
73	67
73	68
73	71
73	72
73	73
73	75
73	76
73	77
73	78
73	80
73	81
73	82
73	83
73	84
73	85
73	88
73	91
73	93
73	95
73	97
73	98
73	100
73	101
73	102
73	107
73	108
73	109
73	112
73	113
73	116
73	120
73	122
73	123
73	124
73	125
73	127
73	128
73	129
73	134
73	137
73	138
73	139
73	140
73	141
73	142
73	143
73	144
74	1
74	2
74	7
74	10
74	12
74	13
74	14
74	15
74	16
74	17
74	18
74	19
74	20
74	21
74	22
74	23
74	24
74	25
74	26
74	27
74	29
74	30
74	37
74	38
74	39
74	42
74	43
74	44
74	46
74	47
74	50
74	51
74	52
74	53
74	58
74	59
74	61
74	63
74	64
74	65
74	67
74	68
74	69
74	70
74	71
74	72
74	74
74	75
74	77
74	80
74	81
74	85
74	86
74	87
74	88
74	89
74	91
74	92
74	93
74	95
74	96
74	97
74	99
74	100
74	103
74	104
74	105
74	106
74	108
74	109
74	111
74	112
74	113
74	114
74	115
74	117
74	119
74	120
74	121
74	122
74	123
74	125
74	126
74	128
74	132
74	134
74	135
74	136
74	137
74	139
74	140
74	141
74	143
74	144
74	145
75	1
75	2
75	3
75	5
75	8
75	9
75	10
75	11
75	13
75	14
75	16
75	17
75	19
75	20
75	23
75	24
75	25
75	27
75	28
75	30
75	31
75	32
75	37
75	43
75	44
75	45
75	49
75	51
75	53
75	54
75	55
75	57
75	58
75	59
75	60
75	64
75	65
75	67
75	68
75	71
75	72
75	74
75	75
75	77
75	78
75	79
75	83
75	84
75	88
75	89
75	90
75	91
75	92
75	93
75	94
75	96
75	97
75	98
75	99
75	100
75	106
75	107
75	108
75	109
75	110
75	111
75	113
75	118
75	119
75	121
75	123
75	124
75	125
75	126
75	127
75	130
75	131
75	132
75	133
75	137
75	138
75	140
75	142
75	143
76	3
76	4
76	5
76	9
76	10
76	12
76	13
76	14
76	15
76	16
76	18
76	19
76	20
76	21
76	22
76	23
76	24
76	27
76	28
76	30
76	31
76	32
76	33
76	34
76	35
76	36
76	37
76	38
76	40
76	41
76	42
76	43
76	44
76	45
76	46
76	47
76	48
76	49
76	50
76	51
76	52
76	55
76	57
76	58
76	60
76	61
76	62
76	63
76	65
76	66
76	68
76	69
76	71
76	73
76	74
76	75
76	76
76	77
76	78
76	79
76	81
76	82
76	84
76	86
76	88
76	89
76	90
76	91
76	92
76	93
76	95
76	96
76	97
76	102
76	104
76	105
76	109
76	111
76	113
76	115
76	116
76	119
76	120
76	121
76	122
76	124
76	125
76	127
76	129
76	130
76	131
76	134
76	135
76	136
76	138
76	140
76	141
76	142
76	144
76	145
77	2
77	4
77	5
77	6
77	7
77	9
77	10
77	11
77	12
77	13
77	14
77	15
77	16
77	17
77	19
77	20
77	23
77	24
77	25
77	26
77	27
77	28
77	29
77	30
77	32
77	34
77	37
77	38
77	39
77	40
77	43
77	44
77	45
77	46
77	49
77	50
77	55
77	56
77	57
77	60
77	61
77	62
77	63
77	64
77	65
77	67
77	70
77	72
77	74
77	75
77	76
77	77
77	78
77	82
77	84
77	85
77	87
77	88
77	90
77	92
77	93
77	95
77	96
77	97
77	100
77	101
77	102
77	104
77	105
77	106
77	111
77	113
77	117
77	118
77	119
77	120
77	123
77	124
77	125
77	126
77	127
77	128
77	129
77	130
77	131
77	133
77	134
77	136
77	139
77	141
77	143
77	144
77	145
78	4
78	5
78	6
78	7
78	10
78	11
78	14
78	15
78	17
78	19
78	21
78	22
78	23
78	27
78	28
78	29
78	30
78	32
78	34
78	35
78	36
78	39
78	43
78	44
78	45
78	46
78	49
78	53
78	55
78	57
78	58
78	60
78	62
78	66
78	67
78	69
78	70
78	71
78	72
78	73
78	74
78	77
78	78
78	80
78	81
78	83
78	85
78	87
78	88
78	89
78	91
78	92
78	94
78	95
78	96
78	99
78	100
78	101
78	102
78	103
78	104
78	105
78	106
78	107
78	108
78	109
78	112
78	113
78	114
78	116
78	117
78	119
78	120
78	121
78	124
78	125
78	127
78	128
78	129
78	130
78	131
78	132
78	133
78	134
78	138
78	139
78	142
79	1
79	2
79	3
79	4
79	5
79	6
79	7
79	10
79	13
79	18
79	20
79	21
79	23
79	24
79	26
79	27
79	29
79	30
79	34
79	36
79	37
79	38
79	40
79	41
79	42
79	43
79	44
79	45
79	47
79	50
79	51
79	52
79	53
79	56
79	57
79	58
79	59
79	61
79	62
79	63
79	64
79	65
79	66
79	67
79	68
79	70
79	71
79	73
79	77
79	78
79	79
79	80
79	81
79	83
79	84
79	85
79	86
79	90
79	91
79	92
79	93
79	95
79	96
79	97
79	99
79	100
79	101
79	102
79	103
79	104
79	107
79	108
79	110
79	114
79	115
79	117
79	119
79	120
79	121
79	122
79	123
79	124
79	125
79	126
79	127
79	128
79	130
79	131
79	132
79	134
79	137
79	138
79	139
79	140
79	141
79	144
79	145
80	1
80	5
80	6
80	7
80	10
80	12
80	13
80	15
80	18
80	19
80	20
80	21
80	22
80	28
80	30
80	32
80	33
80	34
80	36
80	37
80	39
80	40
80	42
80	44
80	45
80	46
80	47
80	49
80	51
80	54
80	55
80	56
80	58
80	61
80	62
80	63
80	64
80	67
80	68
80	70
80	71
80	73
80	76
80	77
80	81
80	82
80	84
80	86
80	87
80	88
80	89
80	90
80	92
80	93
80	94
80	97
80	98
80	99
80	100
80	102
80	103
80	104
80	105
80	106
80	107
80	109
80	110
80	111
80	113
80	116
80	117
80	118
80	120
80	123
80	126
80	127
80	128
80	129
80	130
80	131
80	132
80	133
80	137
80	140
80	141
80	143
80	144
81	2
81	3
81	4
81	5
81	6
81	7
81	8
81	10
81	15
81	17
81	18
81	20
81	22
81	23
81	25
81	26
81	31
81	32
81	33
81	35
81	36
81	37
81	38
81	39
81	40
81	41
81	42
81	44
81	45
81	48
81	50
81	51
81	52
81	53
81	54
81	56
81	58
81	59
81	60
81	61
81	63
81	64
81	66
81	67
81	68
81	69
81	71
81	72
81	73
81	74
81	75
81	76
81	78
81	80
81	81
81	82
81	84
81	86
81	87
81	88
81	89
81	92
81	93
81	94
81	95
81	99
81	100
81	101
81	106
81	112
81	115
81	116
81	117
81	119
81	120
81	123
81	124
81	125
81	126
81	127
81	128
81	129
81	132
81	134
81	135
81	137
81	138
81	139
81	140
81	141
81	142
81	143
81	145
82	1
82	2
82	3
82	5
82	7
82	9
82	13
82	14
82	15
82	16
82	17
82	18
82	19
82	20
82	22
82	25
82	27
82	28
82	31
82	33
82	34
82	35
82	36
82	37
82	38
82	39
82	40
82	41
82	44
82	45
82	47
82	49
82	50
82	51
82	52
82	54
82	55
82	56
82	58
82	62
82	64
82	66
82	68
82	73
82	74
82	75
82	76
82	78
82	79
82	80
82	81
82	83
82	84
82	85
82	86
82	87
82	88
82	90
82	92
82	93
82	94
82	95
82	96
82	97
82	99
82	102
82	103
82	107
82	108
82	109
82	110
82	114
82	115
82	117
82	119
82	120
82	121
82	122
82	123
82	125
82	127
82	129
82	131
82	133
82	134
82	137
82	138
82	139
82	142
82	143
82	144
82	145
83	1
83	2
83	3
83	6
83	12
83	13
83	14
83	18
83	20
83	22
83	23
83	25
83	26
83	29
83	32
83	33
83	34
83	35
83	36
83	37
83	38
83	39
83	41
83	44
83	45
83	46
83	47
83	48
83	49
83	50
83	52
83	53
83	54
83	55
83	56
83	57
83	58
83	59
83	63
83	64
83	67
83	68
83	69
83	70
83	71
83	73
83	74
83	75
83	77
83	79
83	80
83	81
83	82
83	83
83	84
83	85
83	86
83	87
83	89
83	90
83	91
83	92
83	93
83	96
83	97
83	98
83	100
83	102
83	103
83	108
83	109
83	110
83	112
83	113
83	114
83	116
83	117
83	119
83	121
83	122
83	123
83	124
83	125
83	126
83	129
83	131
83	132
83	133
83	134
83	137
83	138
83	139
83	140
83	141
83	142
83	144
83	145
84	4
84	6
84	7
84	9
84	12
84	15
84	16
84	17
84	18
84	19
84	20
84	22
84	35
84	36
84	37
84	38
84	40
84	41
84	42
84	47
84	48
84	49
84	51
84	53
84	54
84	56
84	57
84	58
84	59
84	60
84	61
84	63
84	65
84	66
84	67
84	68
84	71
84	73
84	75
84	76
84	77
84	78
84	79
84	81
84	85
84	86
84	87
84	89
84	91
84	92
84	93
84	94
84	95
84	97
84	98
84	101
84	103
84	104
84	105
84	106
84	109
84	110
84	111
84	112
84	113
84	114
84	115
84	119
84	120
84	122
84	124
84	125
84	127
84	128
84	130
84	131
84	133
84	134
84	135
84	136
84	137
84	138
84	139
84	140
84	143
84	145
85	1
85	2
85	3
85	4
85	5
85	6
85	9
85	11
85	14
85	15
85	16
85	18
85	19
85	20
85	22
85	23
85	24
85	25
85	26
85	29
85	30
85	32
85	33
85	34
85	37
85	38
85	40
85	41
85	43
85	45
85	46
85	48
85	52
85	53
85	56
85	57
85	58
85	60
85	63
85	65
85	70
85	71
85	72
85	73
85	79
85	80
85	81
85	82
85	84
85	85
85	86
85	87
85	88
85	91
85	92
85	93
85	94
85	96
85	97
85	101
85	102
85	105
85	106
85	108
85	109
85	110
85	111
85	113
85	114
85	116
85	117
85	119
85	121
85	122
85	123
85	124
85	125
85	126
85	128
85	129
85	130
85	133
85	134
85	135
85	136
85	143
85	144
86	3
86	4
86	6
86	7
86	9
86	12
86	13
86	15
86	17
86	20
86	21
86	22
86	24
86	25
86	29
86	30
86	31
86	32
86	33
86	34
86	35
86	36
86	39
86	44
86	45
86	46
86	47
86	49
86	50
86	52
86	53
86	54
86	59
86	60
86	61
86	63
86	65
86	66
86	68
86	71
86	72
86	74
86	76
86	77
86	78
86	80
86	82
86	83
86	85
86	86
86	88
86	89
86	90
86	91
86	92
86	93
86	99
86	101
86	102
86	104
86	106
86	107
86	109
86	111
86	112
86	113
86	114
86	115
86	116
86	117
86	121
86	123
86	124
86	125
86	126
86	127
86	128
86	135
86	138
86	139
86	141
86	142
86	144
86	145
87	1
87	2
87	3
87	6
87	7
87	8
87	9
87	10
87	11
87	13
87	16
87	18
87	20
87	21
87	24
87	26
87	28
87	30
87	32
87	35
87	37
87	38
87	41
87	44
87	45
87	49
87	50
87	55
87	56
87	57
87	59
87	60
87	61
87	62
87	64
87	65
87	67
87	69
87	70
87	71
87	73
87	75
87	76
87	77
87	81
87	84
87	85
87	87
87	88
87	89
87	90
87	91
87	93
87	94
87	95
87	96
87	97
87	100
87	102
87	104
87	108
87	110
87	111
87	112
87	116
87	117
87	119
87	120
87	121
87	122
87	124
87	125
87	126
87	128
87	130
87	132
87	135
87	137
87	138
87	142
87	144
87	145
88	2
88	3
88	4
88	5
88	6
88	7
88	9
88	10
88	14
88	16
88	18
88	19
88	20
88	21
88	22
88	23
88	25
88	26
88	27
88	28
88	30
88	31
88	32
88	34
88	37
88	38
88	39
88	41
88	42
88	43
88	45
88	46
88	47
88	50
88	52
88	53
88	54
88	55
88	56
88	57
88	58
88	59
88	60
88	61
88	62
88	64
88	68
88	72
88	73
88	75
88	76
88	79
88	80
88	83
88	84
88	85
88	87
88	88
88	89
88	90
88	91
88	94
88	95
88	96
88	97
88	98
88	99
88	100
88	102
88	103
88	104
88	105
88	106
88	111
88	113
88	114
88	116
88	117
88	118
88	120
88	123
88	124
88	126
88	129
88	130
88	131
88	133
88	135
88	137
88	138
88	140
88	142
88	144
89	1
89	2
89	3
89	7
89	10
89	11
89	12
89	15
89	17
89	18
89	19
89	21
89	22
89	23
89	25
89	27
89	28
89	30
89	33
89	34
89	35
89	38
89	40
89	41
89	43
89	45
89	47
89	48
89	49
89	51
89	53
89	54
89	55
89	57
89	60
89	61
89	63
89	64
89	65
89	66
89	67
89	68
89	69
89	70
89	71
89	73
89	74
89	78
89	80
89	82
89	83
89	84
89	85
89	87
89	88
89	90
89	92
89	95
89	97
89	98
89	99
89	100
89	101
89	102
89	103
89	106
89	107
89	109
89	110
89	111
89	113
89	115
89	116
89	119
89	121
89	122
89	123
89	124
89	125
89	126
89	128
89	131
89	133
89	135
89	136
89	139
89	140
89	141
89	143
90	1
90	2
90	4
90	5
90	6
90	7
90	9
90	10
90	12
90	13
90	14
90	15
90	16
90	19
90	23
90	24
90	28
90	31
90	32
90	33
90	34
90	35
90	36
90	37
90	38
90	39
90	41
90	42
90	43
90	44
90	46
90	47
90	49
90	50
90	51
90	52
90	53
90	54
90	57
90	59
90	60
90	65
90	66
90	67
90	68
90	69
90	70
90	71
90	72
90	73
90	74
90	75
90	76
90	77
90	78
90	79
90	80
90	81
90	82
90	83
90	84
90	87
90	88
90	89
90	91
90	93
90	94
90	96
90	97
90	99
90	100
90	101
90	102
90	103
90	105
90	109
90	110
90	111
90	112
90	113
90	114
90	117
90	119
90	121
90	122
90	123
90	125
90	126
90	129
90	130
90	131
90	132
90	134
90	136
90	138
90	142
90	143
90	144
90	145
91	2
91	3
91	4
91	6
91	9
91	12
91	14
91	17
91	19
91	20
91	21
91	23
91	28
91	30
91	31
91	34
91	37
91	38
91	41
91	44
91	45
91	46
91	47
91	49
91	50
91	52
91	54
91	56
91	57
91	60
91	62
91	63
91	64
91	65
91	66
91	69
91	70
91	71
91	72
91	76
91	77
91	78
91	80
91	82
91	84
91	85
91	86
91	90
91	91
91	92
91	94
91	99
91	100
91	105
91	107
91	111
91	112
91	114
91	115
91	117
91	119
91	120
91	122
91	123
91	124
91	125
91	126
91	127
91	130
91	132
91	134
91	135
91	136
91	137
91	140
91	141
91	142
91	143
91	144
91	145
92	1
92	3
92	8
92	10
92	13
92	15
92	21
92	24
92	26
92	27
92	29
92	31
92	32
92	33
92	37
92	40
92	43
92	45
92	47
92	49
92	52
92	53
92	55
92	56
92	57
92	58
92	60
92	62
92	64
92	67
92	68
92	71
92	76
92	77
92	78
92	83
92	86
92	87
92	88
92	92
92	93
92	95
92	97
92	98
92	99
92	100
92	101
92	103
92	105
92	107
92	108
92	110
92	111
92	112
92	113
92	114
92	116
92	119
92	121
92	122
92	123
92	126
92	129
92	130
92	131
92	132
92	134
92	136
92	137
92	139
92	141
92	143
92	145
93	1
93	3
93	4
93	5
93	6
93	10
93	11
93	14
93	15
93	16
93	17
93	18
93	19
93	20
93	25
93	28
93	30
93	32
93	33
93	37
93	39
93	40
93	42
93	43
93	44
93	45
93	47
93	50
93	52
93	53
93	54
93	55
93	57
93	59
93	60
93	61
93	64
93	65
93	66
93	68
93	69
93	72
93	74
93	75
93	78
93	80
93	81
93	82
93	83
93	84
93	85
93	86
93	88
93	91
93	92
93	94
93	95
93	96
93	98
93	99
93	100
93	101
93	102
93	103
93	104
93	106
93	108
93	109
93	111
93	113
93	118
93	119
93	120
93	121
93	122
93	124
93	126
93	127
93	128
93	129
93	131
93	132
93	133
93	134
93	135
93	136
93	139
93	140
93	141
93	142
93	143
93	145
94	1
94	2
94	4
94	6
94	11
94	13
94	14
94	16
94	17
94	18
94	20
94	21
94	22
94	23
94	24
94	25
94	29
94	30
94	31
94	32
94	33
94	35
94	38
94	39
94	40
94	41
94	42
94	44
94	45
94	46
94	48
94	49
94	51
94	55
94	56
94	57
94	59
94	61
94	62
94	63
94	64
94	65
94	66
94	67
94	68
94	69
94	70
94	71
94	72
94	76
94	77
94	78
94	79
94	81
94	86
94	87
94	89
94	90
94	91
94	92
94	93
94	95
94	96
94	97
94	100
94	101
94	102
94	104
94	105
94	106
94	107
94	108
94	109
94	110
94	113
94	114
94	115
94	116
94	118
94	120
94	121
94	122
94	123
94	125
94	127
94	128
94	129
94	130
94	131
94	132
94	133
94	134
94	135
94	136
94	137
94	138
94	139
94	140
94	141
94	143
94	145
95	2
95	4
95	5
95	7
95	8
95	9
95	10
95	12
95	15
95	17
95	18
95	19
95	22
95	23
95	27
95	28
95	29
95	30
95	31
95	34
95	38
95	39
95	40
95	41
95	42
95	43
95	44
95	47
95	48
95	49
95	50
95	51
95	52
95	54
95	55
95	57
95	58
95	59
95	60
95	63
95	64
95	65
95	66
95	69
95	70
95	71
95	72
95	73
95	75
95	76
95	77
95	78
95	79
95	80
95	82
95	83
95	84
95	85
95	87
95	88
95	90
95	93
95	94
95	95
95	96
95	97
95	98
95	99
95	100
95	101
95	103
95	109
95	110
95	111
95	113
95	114
95	115
95	116
95	117
95	118
95	120
95	121
95	123
95	125
95	126
95	127
95	128
95	129
95	130
95	131
95	132
95	134
95	135
95	137
95	138
95	139
95	140
95	142
95	143
95	144
95	145
96	2
96	3
96	4
96	5
96	11
96	15
96	16
96	17
96	18
96	20
96	22
96	24
96	25
96	26
96	27
96	29
96	30
96	31
96	33
96	34
96	35
96	36
96	40
96	41
96	46
96	47
96	49
96	50
96	52
96	53
96	55
96	56
96	58
96	60
96	61
96	63
96	64
96	66
96	67
96	69
96	71
96	72
96	73
96	74
96	76
96	77
96	81
96	84
96	88
96	90
96	91
96	92
96	93
96	95
96	96
96	97
96	98
96	99
96	100
96	102
96	103
96	104
96	105
96	106
96	107
96	108
96	109
96	110
96	113
96	116
96	117
96	119
96	120
96	121
96	122
96	123
96	124
96	125
96	126
96	128
96	129
96	130
96	131
96	132
96	133
96	136
96	137
96	139
96	141
96	142
96	145
97	2
97	3
97	7
97	9
97	10
97	11
97	13
97	14
97	18
97	21
97	22
97	23
97	25
97	26
97	27
97	28
97	29
97	31
97	33
97	34
97	35
97	36
97	37
97	38
97	39
97	40
97	45
97	47
97	49
97	50
97	52
97	53
97	54
97	57
97	58
97	60
97	62
97	63
97	64
97	67
97	71
97	72
97	73
97	76
97	78
97	79
97	80
97	82
97	83
97	84
97	85
97	86
97	88
97	92
97	94
97	95
97	96
97	99
97	105
97	106
97	110
97	111
97	112
97	113
97	114
97	115
97	117
97	119
97	121
97	123
97	124
97	125
97	126
97	127
97	130
97	132
97	136
97	137
97	138
97	141
97	142
97	144
97	145
98	1
98	5
98	7
98	8
98	10
98	13
98	14
98	15
98	17
98	19
98	20
98	21
98	22
98	23
98	24
98	25
98	26
98	30
98	31
98	32
98	34
98	35
98	37
98	38
98	42
98	43
98	45
98	46
98	49
98	50
98	54
98	55
98	56
98	59
98	60
98	62
98	63
98	64
98	65
98	67
98	68
98	69
98	70
98	71
98	72
98	74
98	75
98	78
98	80
98	82
98	84
98	85
98	86
98	87
98	88
98	89
98	90
98	91
98	95
98	96
98	99
98	100
98	101
98	103
98	109
98	110
98	111
98	113
98	115
98	118
98	121
98	122
98	123
98	124
98	125
98	126
98	128
98	129
98	130
98	132
98	133
98	134
98	135
98	137
98	138
98	139
98	140
99	1
99	4
99	6
99	8
99	9
99	10
99	11
99	12
99	13
99	14
99	15
99	16
99	17
99	20
99	21
99	23
99	26
99	27
99	28
99	29
99	30
99	34
99	36
99	37
99	38
99	39
99	40
99	41
99	42
99	43
99	44
99	45
99	46
99	47
99	48
99	49
99	50
99	54
99	56
99	57
99	58
99	59
99	60
99	61
99	66
99	67
99	71
99	73
99	74
99	75
99	77
99	78
99	80
99	81
99	82
99	83
99	84
99	85
99	86
99	87
99	89
99	92
99	94
99	97
99	100
99	101
99	103
99	105
99	109
99	110
99	112
99	113
99	114
99	117
99	118
99	120
99	123
99	124
99	125
99	126
99	128
99	129
99	130
99	131
99	132
99	134
99	136
99	137
99	140
99	141
99	142
99	143
99	144
99	145
100	2
100	3
100	4
100	7
100	8
100	10
100	11
100	12
100	13
100	14
100	17
100	19
100	20
100	21
100	23
100	24
100	25
100	27
100	28
100	30
100	31
100	33
100	34
100	35
100	38
100	39
100	42
100	43
100	45
100	47
100	48
100	49
100	50
100	52
100	53
100	54
100	55
100	56
100	57
100	58
100	61
100	63
100	64
100	65
100	69
100	70
100	71
100	72
100	73
100	74
100	79
100	80
100	82
100	84
100	85
100	88
100	90
100	91
100	92
100	94
100	96
100	98
100	99
100	100
100	101
100	102
100	104
100	105
100	109
100	110
100	111
100	113
100	115
100	116
100	117
100	118
100	119
100	120
100	122
100	125
100	130
100	133
100	134
100	137
100	138
100	139
100	140
100	142
100	143
100	144
101	1
101	4
101	5
101	6
101	8
101	9
101	10
101	11
101	12
101	14
101	15
101	16
101	20
101	21
101	22
101	23
101	25
101	27
101	29
101	31
101	32
101	34
101	35
101	36
101	38
101	39
101	40
101	41
101	42
101	43
101	44
101	46
101	47
101	49
101	55
101	56
101	57
101	59
101	60
101	63
101	71
101	72
101	73
101	74
101	76
101	77
101	80
101	81
101	82
101	85
101	86
101	87
101	88
101	93
101	95
101	97
101	98
101	99
101	100
101	104
101	105
101	108
101	109
101	110
101	111
101	112
101	113
101	115
101	125
101	126
101	128
101	129
101	130
101	131
101	133
101	134
101	135
101	136
101	137
101	139
101	141
101	144
101	145
102	1
102	4
102	5
102	6
102	7
102	8
102	9
102	10
102	11
102	12
102	13
102	15
102	17
102	20
102	21
102	24
102	25
102	26
102	27
102	28
102	29
102	32
102	34
102	37
102	38
102	41
102	43
102	45
102	47
102	50
102	51
102	52
102	53
102	55
102	56
102	57
102	58
102	59
102	60
102	61
102	62
102	63
102	64
102	65
102	68
102	69
102	70
102	71
102	72
102	74
102	75
102	76
102	77
102	79
102	80
102	81
102	83
102	86
102	87
102	88
102	89
102	90
102	93
102	94
102	95
102	96
102	100
102	102
102	103
102	105
102	106
102	108
102	109
102	110
102	111
102	112
102	113
102	118
102	119
102	120
102	122
102	125
102	126
102	127
102	128
102	131
102	132
102	133
102	134
102	136
102	137
102	138
102	139
102	141
102	142
102	143
102	144
103	1
103	2
103	4
103	7
103	10
103	12
103	13
103	14
103	15
103	17
103	18
103	20
103	21
103	22
103	23
103	25
103	27
103	29
103	30
103	32
103	33
103	34
103	36
103	38
103	40
103	43
103	46
103	51
103	52
103	53
103	57
103	58
103	59
103	61
103	62
103	63
103	64
103	65
103	66
103	67
103	69
103	70
103	71
103	73
103	76
103	77
103	78
103	79
103	80
103	81
103	84
103	85
103	86
103	89
103	91
103	92
103	93
103	94
103	96
103	99
103	102
103	103
103	104
103	105
103	106
103	107
103	108
103	112
103	113
103	114
103	115
103	117
103	118
103	119
103	120
103	121
103	122
103	124
103	125
103	127
103	128
103	131
103	132
103	133
103	134
103	136
103	137
103	138
103	139
103	142
103	143
103	144
103	145
104	3
104	4
104	6
104	8
104	10
104	11
104	12
104	14
104	16
104	17
104	19
104	20
104	21
104	23
104	24
104	25
104	26
104	27
104	28
104	30
104	31
104	33
104	38
104	40
104	43
104	44
104	46
104	49
104	50
104	51
104	52
104	53
104	56
104	57
104	58
104	59
104	60
104	61
104	64
104	67
104	68
104	69
104	71
104	75
104	77
104	78
104	79
104	80
104	81
104	83
104	84
104	86
104	87
104	88
104	90
104	92
104	93
104	94
104	95
104	96
104	98
104	99
104	100
104	101
104	102
104	103
104	104
104	106
104	107
104	108
104	109
104	110
104	111
104	112
104	113
104	114
104	115
104	116
104	117
104	120
104	121
104	123
104	124
104	126
104	127
104	128
104	131
104	133
104	134
104	135
104	137
104	138
104	139
104	140
104	143
104	144
104	145
105	1
105	2
105	3
105	5
105	6
105	7
105	8
105	12
105	13
105	14
105	16
105	20
105	21
105	23
105	25
105	26
105	27
105	28
105	30
105	31
105	32
105	33
105	37
105	38
105	39
105	41
105	42
105	43
105	44
105	45
105	46
105	47
105	50
105	51
105	53
105	55
105	57
105	58
105	62
105	63
105	64
105	66
105	67
105	69
105	71
105	74
105	75
105	76
105	77
105	81
105	85
105	88
105	89
105	90
105	91
105	93
105	94
105	95
105	96
105	97
105	100
105	101
105	102
105	103
105	104
105	105
105	107
105	109
105	110
105	111
105	112
105	113
105	114
105	116
105	118
105	119
105	120
105	121
105	124
105	125
105	127
105	131
105	132
105	134
105	137
105	139
105	142
105	143
105	144
106	2
106	3
106	5
106	6
106	8
106	9
106	10
106	12
106	13
106	17
106	18
106	20
106	21
106	23
106	24
106	25
106	26
106	29
106	30
106	31
106	32
106	34
106	35
106	36
106	38
106	39
106	40
106	41
106	45
106	46
106	47
106	49
106	50
106	51
106	53
106	55
106	56
106	58
106	60
106	61
106	62
106	63
106	64
106	65
106	66
106	68
106	70
106	71
106	72
106	74
106	76
106	77
106	79
106	81
106	83
106	84
106	86
106	88
106	89
106	90
106	91
106	93
106	95
106	99
106	102
106	103
106	106
106	107
106	109
106	111
106	113
106	114
106	115
106	116
106	117
106	118
106	120
106	122
106	123
106	125
106	127
106	128
106	129
106	131
106	133
106	135
106	136
106	137
106	139
106	140
106	141
106	142
106	144
107	2
107	3
107	5
107	7
107	8
107	9
107	10
107	11
107	13
107	15
107	16
107	17
107	18
107	19
107	20
107	21
107	22
107	23
107	24
107	27
107	28
107	29
107	31
107	32
107	35
107	36
107	39
107	41
107	42
107	44
107	46
107	47
107	48
107	49
107	50
107	51
107	52
107	53
107	55
107	56
107	57
107	58
107	59
107	62
107	63
107	65
107	67
107	68
107	69
107	71
107	72
107	73
107	75
107	76
107	77
107	79
107	81
107	82
107	83
107	86
107	87
107	93
107	94
107	95
107	96
107	97
107	98
107	99
107	101
107	102
107	104
107	105
107	107
107	109
107	110
107	112
107	113
107	114
107	115
107	117
107	119
107	120
107	124
107	126
107	127
107	128
107	130
107	131
107	132
107	133
107	134
107	135
107	139
107	140
107	142
108	1
108	2
108	4
108	6
108	7
108	8
108	10
108	11
108	12
108	14
108	15
108	16
108	17
108	20
108	22
108	23
108	25
108	27
108	28
108	29
108	31
108	32
108	34
108	35
108	37
108	39
108	40
108	42
108	43
108	44
108	45
108	47
108	50
108	51
108	52
108	55
108	56
108	57
108	58
108	59
108	62
108	64
108	66
108	67
108	69
108	70
108	72
108	78
108	79
108	82
108	83
108	86
108	88
108	90
108	93
108	97
108	98
108	102
108	103
108	104
108	105
108	106
108	107
108	108
108	109
108	110
108	114
108	115
108	116
108	117
108	118
108	119
108	121
108	122
108	123
108	125
108	126
108	129
108	131
108	132
108	135
108	136
108	138
108	139
108	141
108	142
108	143
108	144
108	145
109	1
109	2
109	3
109	5
109	7
109	9
109	10
109	11
109	12
109	13
109	14
109	15
109	16
109	19
109	23
109	25
109	26
109	27
109	28
109	29
109	32
109	33
109	34
109	35
109	37
109	38
109	41
109	42
109	45
109	46
109	47
109	48
109	49
109	51
109	52
109	53
109	57
109	60
109	61
109	62
109	64
109	65
109	67
109	68
109	69
109	70
109	73
109	74
109	75
109	76
109	77
109	78
109	79
109	81
109	82
109	83
109	84
109	85
109	87
109	89
109	90
109	91
109	92
109	94
109	98
109	99
109	102
109	103
109	105
109	106
109	107
109	109
109	110
109	112
109	113
109	116
109	117
109	118
109	119
109	120
109	124
109	125
109	126
109	127
109	131
109	133
109	134
109	137
109	138
109	139
109	142
109	143
109	144
110	4
110	7
110	10
110	11
110	12
110	15
110	16
110	19
110	20
110	21
110	22
110	27
110	28
110	29
110	30
110	31
110	33
110	35
110	37
110	38
110	39
110	41
110	42
110	43
110	47
110	49
110	54
110	56
110	60
110	62
110	63
110	64
110	65
110	67
110	68
110	69
110	71
110	73
110	75
110	81
110	82
110	83
110	84
110	86
110	87
110	88
110	89
110	92
110	93
110	97
110	99
110	100
110	102
110	103
110	105
110	106
110	107
110	109
110	112
110	113
110	114
110	116
110	118
110	119
110	121
110	122
110	125
110	126
110	128
110	131
110	132
110	133
110	134
110	135
110	136
110	138
110	140
110	141
110	144
111	1
111	3
111	4
111	6
111	7
111	8
111	10
111	12
111	17
111	18
111	19
111	20
111	21
111	23
111	24
111	25
111	29
111	31
111	32
111	37
111	38
111	42
111	43
111	44
111	45
111	46
111	47
111	52
111	53
111	55
111	56
111	58
111	59
111	60
111	62
111	64
111	65
111	67
111	68
111	69
111	70
111	72
111	74
111	76
111	77
111	78
111	79
111	81
111	82
111	83
111	84
111	86
111	88
111	89
111	91
111	93
111	95
111	97
111	101
111	102
111	103
111	105
111	106
111	107
111	108
111	109
111	110
111	111
111	112
111	114
111	115
111	116
111	117
111	118
111	121
111	122
111	123
111	124
111	125
111	126
111	130
111	131
111	133
111	134
111	135
111	137
111	138
111	139
111	142
111	143
111	144
112	3
112	5
112	6
112	7
112	10
112	11
112	12
112	13
112	14
112	15
112	20
112	21
112	22
112	24
112	25
112	26
112	29
112	31
112	34
112	35
112	36
112	37
112	38
112	39
112	40
112	41
112	42
112	43
112	45
112	46
112	47
112	48
112	49
112	50
112	51
112	52
112	53
112	55
112	56
112	59
112	60
112	62
112	69
112	70
112	71
112	73
112	74
112	75
112	79
112	81
112	83
112	85
112	86
112	88
112	89
112	90
112	91
112	92
112	93
112	94
112	95
112	96
112	97
112	98
112	101
112	102
112	104
112	105
112	106
112	107
112	108
112	109
112	111
112	112
112	114
112	115
112	116
112	117
112	118
112	120
112	121
112	125
112	128
112	129
112	130
112	132
112	134
112	136
112	137
112	138
112	139
112	140
112	141
112	143
112	144
113	1
113	3
113	4
113	7
113	8
113	9
113	11
113	12
113	15
113	20
113	22
113	23
113	27
113	30
113	31
113	32
113	33
113	36
113	37
113	39
113	40
113	41
113	42
113	44
113	45
113	46
113	47
113	48
113	50
113	51
113	54
113	55
113	57
113	60
113	61
113	62
113	63
113	66
113	67
113	68
113	69
113	71
113	72
113	73
113	76
113	79
113	80
113	81
113	84
113	86
113	87
113	88
113	89
113	91
113	94
113	95
113	97
113	98
113	100
113	101
113	102
113	104
113	106
113	108
113	110
113	113
113	114
113	115
113	116
113	118
113	119
113	121
113	122
113	123
113	124
113	125
113	126
113	128
113	131
113	133
113	134
113	135
113	136
113	138
113	140
113	142
113	143
114	1
114	2
114	4
114	5
114	6
114	7
114	8
114	12
114	14
114	17
114	18
114	19
114	21
114	22
114	23
114	25
114	27
114	28
114	29
114	30
114	33
114	34
114	36
114	38
114	42
114	43
114	45
114	46
114	47
114	49
114	52
114	53
114	55
114	56
114	57
114	58
114	59
114	60
114	61
114	63
114	65
114	67
114	68
114	71
114	73
114	74
114	75
114	76
114	77
114	78
114	81
114	82
114	83
114	85
114	86
114	87
114	89
114	90
114	91
114	92
114	94
114	99
114	100
114	102
114	103
114	104
114	106
114	107
114	109
114	111
114	113
114	115
114	117
114	118
114	119
114	120
114	122
114	124
114	125
114	126
114	127
114	128
114	129
114	131
114	134
114	135
114	138
114	139
114	141
114	143
114	144
115	1
115	3
115	4
115	7
115	9
115	11
115	12
115	14
115	16
115	17
115	20
115	23
115	24
115	25
115	27
115	28
115	30
115	31
115	33
115	35
115	36
115	37
115	41
115	43
115	44
115	45
115	46
115	47
115	49
115	50
115	51
115	52
115	54
115	55
115	56
115	57
115	58
115	59
115	60
115	61
115	62
115	63
115	64
115	65
115	66
115	67
115	68
115	69
115	70
115	71
115	73
115	74
115	76
115	77
115	78
115	82
115	91
115	92
115	93
115	94
115	96
115	97
115	98
115	100
115	102
115	103
115	105
115	107
115	108
115	110
115	111
115	115
115	116
115	117
115	118
115	120
115	121
115	123
115	125
115	126
115	127
115	128
115	131
115	132
115	134
115	135
115	137
115	138
115	140
115	142
115	145
116	3
116	4
116	5
116	6
116	7
116	8
116	10
116	11
116	13
116	14
116	15
116	16
116	17
116	19
116	20
116	21
116	23
116	24
116	27
116	28
116	31
116	34
116	35
116	36
116	38
116	39
116	40
116	41
116	43
116	45
116	46
116	48
116	51
116	52
116	53
116	55
116	57
116	58
116	59
116	60
116	61
116	62
116	63
116	64
116	65
116	69
116	70
116	71
116	72
116	75
116	76
116	77
116	78
116	80
116	81
116	82
116	84
116	85
116	86
116	87
116	88
116	89
116	91
116	96
116	99
116	100
116	101
116	102
116	103
116	104
116	109
116	112
116	114
116	116
116	118
116	122
116	123
116	124
116	128
116	129
116	130
116	131
116	132
116	133
116	134
116	135
116	136
116	138
116	139
116	140
116	145
117	1
117	3
117	4
117	5
117	6
117	8
117	10
117	12
117	15
117	18
117	19
117	20
117	22
117	23
117	24
117	27
117	28
117	29
117	30
117	32
117	33
117	34
117	35
117	36
117	37
117	38
117	41
117	43
117	48
117	49
117	52
117	54
117	59
117	60
117	61
117	62
117	63
117	64
117	66
117	67
117	68
117	69
117	72
117	73
117	76
117	77
117	79
117	80
117	83
117	88
117	89
117	90
117	91
117	94
117	95
117	98
117	99
117	102
117	106
117	108
117	109
117	110
117	111
117	112
117	114
117	116
117	117
117	118
117	119
117	120
117	122
117	124
117	125
117	127
117	130
117	133
117	136
117	137
117	138
117	139
117	140
117	142
117	143
117	144
117	145
118	2
118	3
118	4
118	5
118	6
118	7
118	10
118	11
118	14
118	15
118	17
118	18
118	19
118	20
118	21
118	23
118	24
118	25
118	26
118	27
118	28
118	29
118	30
118	33
118	35
118	36
118	37
118	39
118	43
118	45
118	46
118	47
118	48
118	49
118	51
118	52
118	53
118	54
118	55
118	57
118	59
118	60
118	61
118	62
118	63
118	64
118	66
118	68
118	69
118	72
118	73
118	74
118	76
118	77
118	79
118	80
118	81
118	82
118	83
118	84
118	85
118	86
118	88
118	89
118	90
118	93
118	94
118	95
118	96
118	101
118	102
118	103
118	104
118	105
118	106
118	108
118	109
118	110
118	112
118	113
118	117
118	118
118	120
118	122
118	123
118	126
118	127
118	128
118	129
118	130
118	131
118	133
118	134
118	136
118	138
118	140
118	141
118	142
118	144
118	145
119	1
119	2
119	3
119	4
119	6
119	11
119	14
119	18
119	19
119	20
119	21
119	24
119	26
119	30
119	31
119	32
119	34
119	35
119	36
119	37
119	39
119	40
119	41
119	42
119	46
119	48
119	50
119	51
119	52
119	53
119	55
119	56
119	58
119	59
119	60
119	62
119	63
119	65
119	66
119	72
119	74
119	75
119	76
119	78
119	79
119	82
119	83
119	84
119	85
119	86
119	87
119	88
119	90
119	94
119	97
119	100
119	101
119	102
119	108
119	109
119	110
119	112
119	113
119	115
119	118
119	119
119	121
119	122
119	124
119	125
119	127
119	128
119	130
119	131
119	133
119	134
119	136
119	138
119	139
119	141
119	142
119	143
119	144
119	145
120	2
120	3
120	4
120	6
120	7
120	8
120	9
120	11
120	12
120	14
120	15
120	16
120	20
120	22
120	23
120	25
120	27
120	28
120	29
120	32
120	33
120	34
120	35
120	37
120	42
120	44
120	45
120	46
120	47
120	49
120	50
120	51
120	55
120	56
120	58
120	61
120	62
120	63
120	64
120	65
120	69
120	70
120	71
120	73
120	74
120	75
120	78
120	79
120	80
120	82
120	83
120	85
120	86
120	87
120	90
120	91
120	92
120	93
120	95
120	96
120	97
120	99
120	100
120	102
120	103
120	104
120	105
120	107
120	109
120	110
120	111
120	112
120	113
120	114
120	118
120	119
120	122
120	124
120	125
120	126
120	127
120	128
120	129
120	130
120	133
120	135
120	136
120	141
120	142
120	143
120	144
120	145
121	1
121	3
121	5
121	6
121	7
121	9
121	11
121	15
121	17
121	18
121	22
121	25
121	26
121	27
121	29
121	30
121	31
121	33
121	35
121	36
121	37
121	38
121	40
121	41
121	42
121	43
121	44
121	45
121	46
121	47
121	48
121	49
121	50
121	51
121	52
121	56
121	57
121	60
121	61
121	62
121	63
121	65
121	67
121	68
121	69
121	70
121	72
121	73
121	74
121	75
121	76
121	77
121	78
121	80
121	82
121	83
121	85
121	86
121	87
121	88
121	89
121	91
121	92
121	94
121	95
121	98
121	99
121	102
121	104
121	105
121	107
121	108
121	109
121	111
121	113
121	115
121	117
121	118
121	120
121	121
121	122
121	123
121	126
121	127
121	128
121	129
121	131
121	133
121	134
121	136
121	138
121	139
121	141
121	143
121	144
121	145
122	2
122	5
122	7
122	8
122	9
122	10
122	13
122	15
122	16
122	17
122	19
122	22
122	23
122	26
122	29
122	31
122	32
122	33
122	34
122	36
122	37
122	38
122	40
122	41
122	43
122	45
122	48
122	49
122	50
122	52
122	54
122	55
122	56
122	57
122	58
122	59
122	60
122	61
122	63
122	65
122	66
122	67
122	68
122	69
122	70
122	75
122	76
122	77
122	78
122	79
122	81
122	82
122	83
122	85
122	88
122	89
122	90
122	91
122	92
122	94
122	96
122	97
122	98
122	99
122	100
122	101
122	102
122	104
122	105
122	106
122	107
122	108
122	109
122	110
122	111
122	112
122	113
122	114
122	115
122	116
122	117
122	118
122	119
122	120
122	123
122	124
122	125
122	126
122	127
122	129
122	130
122	131
122	132
122	133
122	134
122	135
122	138
122	139
122	140
123	2
123	3
123	6
123	8
123	9
123	10
123	11
123	12
123	13
123	14
123	15
123	17
123	18
123	21
123	22
123	25
123	26
123	28
123	29
123	30
123	31
123	33
123	34
123	35
123	36
123	37
123	38
123	41
123	47
123	49
123	50
123	52
123	53
123	54
123	55
123	58
123	62
123	63
123	65
123	67
123	70
123	71
123	74
123	76
123	77
123	80
123	81
123	86
123	90
123	91
123	92
123	95
123	96
123	98
123	100
123	102
123	103
123	104
123	105
123	106
123	109
123	110
123	111
123	112
123	114
123	116
123	117
123	118
123	121
123	122
123	123
123	126
123	129
123	130
123	132
123	133
123	135
123	136
123	137
123	138
123	139
123	140
123	141
123	142
123	143
123	144
123	145
124	3
124	4
124	10
124	12
124	14
124	15
124	17
124	18
124	21
124	24
124	28
124	30
124	31
124	32
124	33
124	34
124	35
124	37
124	38
124	41
124	44
124	46
124	47
124	50
124	51
124	52
124	53
124	55
124	56
124	57
124	58
124	60
124	61
124	62
124	63
124	65
124	70
124	71
124	72
124	74
124	75
124	76
124	79
124	80
124	82
124	83
124	84
124	85
124	86
124	87
124	88
124	90
124	91
124	92
124	93
124	95
124	96
124	97
124	98
124	99
124	101
124	103
124	104
124	105
124	106
124	107
124	108
124	110
124	112
124	113
124	114
124	115
124	118
124	119
124	120
124	121
124	123
124	124
124	125
124	129
124	131
124	132
124	133
124	134
124	135
124	137
124	138
124	139
124	141
124	142
124	144
124	145
125	1
125	3
125	4
125	5
125	6
125	7
125	8
125	9
125	10
125	12
125	13
125	14
125	15
125	16
125	18
125	19
125	20
125	21
125	24
125	26
125	28
125	29
125	30
125	31
125	35
125	37
125	39
125	46
125	47
125	48
125	49
125	50
125	52
125	54
125	55
125	56
125	60
125	61
125	65
125	66
125	70
125	71
125	72
125	74
125	75
125	79
125	80
125	81
125	85
125	86
125	87
125	88
125	92
125	93
125	94
125	96
125	97
125	98
125	100
125	101
125	102
125	103
125	105
125	109
125	111
125	112
125	114
125	115
125	116
125	117
125	118
125	119
125	121
125	122
125	123
125	128
125	130
125	131
125	133
125	137
125	138
125	142
125	143
125	144
125	145
126	1
126	3
126	5
126	7
126	8
126	9
126	11
126	13
126	15
126	17
126	18
126	19
126	20
126	22
126	23
126	25
126	26
126	27
126	28
126	30
126	32
126	33
126	35
126	39
126	40
126	41
126	43
126	44
126	45
126	47
126	50
126	51
126	53
126	54
126	55
126	56
126	57
126	58
126	59
126	62
126	63
126	65
126	67
126	68
126	70
126	73
126	74
126	75
126	76
126	77
126	78
126	79
126	81
126	82
126	83
126	85
126	89
126	91
126	92
126	94
126	95
126	96
126	98
126	99
126	102
126	104
126	105
126	106
126	108
126	109
126	110
126	113
126	117
126	118
126	121
126	122
126	128
126	130
126	131
126	132
126	133
126	135
126	136
126	138
126	140
126	141
126	144
126	145
127	1
127	5
127	6
127	7
127	8
127	12
127	15
127	16
127	18
127	19
127	20
127	22
127	23
127	24
127	25
127	26
127	28
127	29
127	30
127	31
127	32
127	33
127	34
127	35
127	37
127	38
127	39
127	40
127	42
127	43
127	45
127	46
127	48
127	49
127	50
127	51
127	53
127	55
127	56
127	57
127	58
127	59
127	61
127	62
127	63
127	64
127	65
127	66
127	68
127	70
127	72
127	73
127	75
127	76
127	77
127	81
127	82
127	83
127	84
127	85
127	86
127	87
127	89
127	91
127	94
127	95
127	96
127	100
127	101
127	102
127	103
127	104
127	105
127	106
127	107
127	108
127	109
127	110
127	111
127	113
127	118
127	120
127	121
127	122
127	124
127	125
127	126
127	127
127	128
127	135
127	136
127	139
127	140
127	143
127	144
128	2
128	3
128	4
128	5
128	7
128	10
128	11
128	12
128	14
128	15
128	16
128	18
128	19
128	23
128	24
128	25
128	27
128	28
128	29
128	33
128	34
128	35
128	36
128	39
128	40
128	42
128	46
128	49
128	50
128	51
128	53
128	54
128	55
128	56
128	59
128	60
128	62
128	63
128	65
128	66
128	70
128	73
128	74
128	76
128	79
128	80
128	81
128	87
128	88
128	90
128	93
128	95
128	96
128	97
128	98
128	99
128	100
128	102
128	103
128	104
128	106
128	107
128	109
128	111
128	113
128	114
128	115
128	116
128	117
128	118
128	120
128	121
128	123
128	124
128	125
128	127
128	128
128	129
128	130
128	131
128	133
128	134
128	137
128	140
128	141
128	142
128	143
128	144
128	145
129	1
129	3
129	5
129	7
129	9
129	10
129	11
129	13
129	15
129	16
129	17
129	19
129	20
129	22
129	23
129	24
129	25
129	26
129	27
129	28
129	29
129	31
129	32
129	34
129	36
129	37
129	38
129	40
129	41
129	43
129	44
129	45
129	46
129	47
129	48
129	50
129	53
129	55
129	59
129	63
129	64
129	65
129	66
129	67
129	68
129	71
129	72
129	73
129	74
129	77
129	79
129	80
129	82
129	83
129	85
129	86
129	89
129	91
129	93
129	94
129	99
129	100
129	102
129	103
129	104
129	105
129	106
129	110
129	112
129	113
129	115
129	116
129	117
129	119
129	120
129	121
129	124
129	128
129	129
129	131
129	132
129	134
129	136
129	137
129	138
129	141
129	143
130	1
130	3
130	7
130	8
130	9
130	12
130	15
130	17
130	18
130	20
130	21
130	22
130	23
130	24
130	27
130	29
130	31
130	32
130	34
130	37
130	38
130	40
130	41
130	43
130	45
130	48
130	49
130	51
130	53
130	55
130	56
130	57
130	59
130	60
130	61
130	62
130	64
130	65
130	66
130	69
130	72
130	73
130	76
130	79
130	80
130	83
130	84
130	88
130	89
130	90
130	91
130	93
130	95
130	97
130	99
130	100
130	102
130	103
130	105
130	106
130	107
130	110
130	111
130	112
130	113
130	116
130	119
130	120
130	122
130	123
130	124
130	126
130	128
130	129
130	130
130	132
130	135
130	136
130	137
130	139
130	141
130	142
130	143
131	1
131	2
131	3
131	5
131	7
131	9
131	10
131	12
131	14
131	15
131	17
131	19
131	20
131	21
131	23
131	24
131	25
131	28
131	30
131	31
131	34
131	36
131	37
131	41
131	42
131	43
131	45
131	46
131	47
131	48
131	49
131	50
131	52
131	53
131	54
131	55
131	57
131	58
131	59
131	60
131	61
131	62
131	63
131	64
131	65
131	67
131	68
131	70
131	71
131	73
131	74
131	77
131	79
131	80
131	81
131	82
131	84
131	88
131	89
131	90
131	92
131	93
131	95
131	96
131	98
131	99
131	100
131	101
131	105
131	106
131	109
131	111
131	113
131	114
131	115
131	116
131	117
131	119
131	120
131	121
131	123
131	125
131	127
131	128
131	132
131	135
131	137
131	139
131	142
131	143
131	144
131	145
132	2
132	5
132	6
132	7
132	8
132	9
132	13
132	14
132	15
132	16
132	17
132	18
132	20
132	22
132	24
132	25
132	27
132	29
132	30
132	32
132	33
132	36
132	37
132	38
132	40
132	42
132	43
132	45
132	46
132	49
132	50
132	51
132	52
132	53
132	55
132	57
132	59
132	60
132	61
132	63
132	65
132	66
132	68
132	69
132	71
132	73
132	75
132	76
132	77
132	79
132	80
132	82
132	84
132	89
132	91
132	92
132	93
132	95
132	96
132	97
132	98
132	100
132	102
132	103
132	104
132	106
132	107
132	108
132	109
132	111
132	112
132	113
132	114
132	115
132	116
132	117
132	118
132	119
132	120
132	121
132	123
132	125
132	127
132	128
132	129
132	130
132	131
132	132
132	133
132	134
132	135
132	137
132	138
132	139
132	140
132	141
132	142
132	143
133	2
133	3
133	5
133	6
133	7
133	8
133	10
133	15
133	16
133	18
133	19
133	20
133	22
133	24
133	27
133	29
133	33
133	35
133	39
133	40
133	44
133	45
133	46
133	47
133	48
133	49
133	50
133	51
133	52
133	53
133	54
133	55
133	58
133	59
133	60
133	61
133	62
133	63
133	65
133	68
133	69
133	72
133	75
133	76
133	77
133	79
133	80
133	81
133	82
133	83
133	86
133	87
133	88
133	89
133	90
133	91
133	93
133	97
133	98
133	99
133	102
133	103
133	104
133	106
133	110
133	112
133	115
133	116
133	117
133	120
133	122
133	123
133	124
133	125
133	127
133	129
133	130
133	133
133	134
133	135
133	136
133	137
133	139
133	140
133	141
133	143
133	144
133	145
134	1
134	2
134	3
134	4
134	5
134	6
134	8
134	10
134	13
134	15
134	17
134	23
134	25
134	26
134	28
134	29
134	30
134	31
134	33
134	35
134	36
134	37
134	38
134	39
134	41
134	42
134	43
134	44
134	45
134	48
134	50
134	52
134	53
134	55
134	56
134	57
134	60
134	62
134	65
134	67
134	70
134	71
134	72
134	74
134	78
134	81
134	82
134	85
134	86
134	87
134	88
134	91
134	93
134	94
134	97
134	98
134	99
134	100
134	102
134	103
134	106
134	107
134	108
134	109
134	110
134	112
134	114
134	116
134	117
134	119
134	121
134	122
134	124
134	125
134	126
134	127
134	129
134	132
134	133
134	134
134	135
134	136
134	137
134	139
134	141
134	142
134	144
135	4
135	5
135	6
135	7
135	9
135	10
135	12
135	17
135	18
135	19
135	21
135	24
135	27
135	28
135	31
135	34
135	35
135	38
135	39
135	41
135	42
135	44
135	46
135	47
135	49
135	51
135	53
135	55
135	56
135	57
135	60
135	62
135	64
135	68
135	70
135	71
135	72
135	73
135	74
135	76
135	77
135	78
135	79
135	83
135	84
135	85
135	88
135	90
135	91
135	92
135	93
135	99
135	102
135	105
135	107
135	112
135	115
135	117
135	119
135	120
135	121
135	122
135	123
135	124
135	126
135	130
135	132
135	133
135	134
135	135
135	136
135	138
135	139
135	142
135	143
135	144
136	4
136	5
136	6
136	7
136	8
136	9
136	11
136	12
136	13
136	15
136	17
136	18
136	19
136	20
136	21
136	23
136	24
136	25
136	26
136	28
136	29
136	30
136	31
136	33
136	34
136	35
136	36
136	37
136	38
136	39
136	40
136	41
136	43
136	44
136	46
136	47
136	48
136	49
136	50
136	53
136	54
136	56
136	57
136	61
136	62
136	64
136	65
136	66
136	68
136	69
136	71
136	72
136	73
136	74
136	76
136	77
136	78
136	79
136	80
136	81
136	82
136	86
136	87
136	88
136	89
136	92
136	93
136	96
136	99
136	100
136	101
136	102
136	103
136	105
136	106
136	107
136	108
136	111
136	113
136	114
136	115
136	116
136	118
136	119
136	120
136	122
136	123
136	126
136	127
136	128
136	129
136	131
136	133
136	135
136	136
136	137
136	138
136	140
136	141
136	142
136	143
136	144
137	1
137	2
137	3
137	5
137	6
137	7
137	8
137	9
137	11
137	12
137	13
137	15
137	16
137	17
137	18
137	21
137	22
137	25
137	26
137	27
137	28
137	29
137	30
137	31
137	32
137	35
137	38
137	39
137	40
137	41
137	42
137	43
137	44
137	46
137	47
137	48
137	49
137	50
137	51
137	52
137	54
137	56
137	59
137	60
137	61
137	62
137	63
137	64
137	65
137	66
137	67
137	69
137	70
137	74
137	75
137	76
137	77
137	78
137	83
137	84
137	85
137	86
137	88
137	89
137	90
137	91
137	93
137	94
137	96
137	100
137	102
137	104
137	105
137	106
137	107
137	108
137	113
137	114
137	115
137	117
137	118
137	119
137	120
137	124
137	127
137	128
137	129
137	130
137	131
137	132
137	134
137	136
137	138
137	139
137	141
137	142
137	144
137	145
138	1
138	2
138	4
138	6
138	8
138	13
138	14
138	16
138	20
138	25
138	26
138	28
138	31
138	32
138	33
138	36
138	38
138	40
138	41
138	42
138	43
138	44
138	46
138	49
138	51
138	53
138	55
138	57
138	58
138	60
138	62
138	63
138	64
138	66
138	69
138	70
138	71
138	74
138	75
138	76
138	77
138	78
138	79
138	81
138	82
138	83
138	84
138	86
138	88
138	89
138	90
138	91
138	92
138	93
138	95
138	97
138	98
138	99
138	100
138	101
138	102
138	103
138	104
138	106
138	107
138	108
138	109
138	110
138	111
138	112
138	113
138	114
138	115
138	116
138	118
138	120
138	122
138	123
138	125
138	126
138	127
138	128
138	129
138	130
138	131
138	132
138	134
138	137
138	139
138	140
138	143
138	145
139	1
139	2
139	5
139	6
139	7
139	8
139	10
139	13
139	17
139	18
139	19
139	20
139	23
139	25
139	28
139	29
139	30
139	31
139	32
139	34
139	35
139	37
139	39
139	40
139	41
139	42
139	43
139	44
139	45
139	46
139	47
139	51
139	52
139	53
139	54
139	55
139	56
139	57
139	58
139	59
139	61
139	62
139	63
139	64
139	65
139	66
139	68
139	69
139	72
139	74
139	76
139	77
139	78
139	80
139	81
139	83
139	84
139	85
139	86
139	87
139	88
139	90
139	91
139	96
139	97
139	100
139	101
139	102
139	103
139	104
139	106
139	107
139	109
139	110
139	111
139	112
139	113
139	114
139	115
139	116
139	117
139	118
139	119
139	120
139	123
139	124
139	126
139	127
139	128
139	129
139	130
139	131
139	135
139	136
139	137
139	140
139	142
139	143
140	1
140	4
140	5
140	7
140	8
140	9
140	11
140	14
140	18
140	21
140	23
140	24
140	26
140	28
140	29
140	30
140	31
140	32
140	33
140	34
140	36
140	40
140	41
140	45
140	46
140	47
140	48
140	49
140	52
140	53
140	58
140	59
140	61
140	62
140	63
140	64
140	66
140	67
140	68
140	70
140	72
140	74
140	75
140	76
140	77
140	78
140	79
140	80
140	82
140	87
140	88
140	89
140	90
140	91
140	94
140	96
140	97
140	99
140	101
140	102
140	103
140	105
140	107
140	108
140	109
140	110
140	111
140	112
140	114
140	115
140	116
140	120
140	124
140	125
140	127
140	128
140	129
140	130
140	131
140	132
140	134
140	135
140	136
140	137
140	138
140	139
140	140
140	141
140	143
140	145
141	1
141	3
141	4
141	5
141	6
141	7
141	8
141	9
141	10
141	11
141	12
141	13
141	14
141	15
141	16
141	17
141	18
141	20
141	21
141	22
141	23
141	25
141	26
141	27
141	29
141	30
141	31
141	32
141	33
141	34
141	35
141	36
141	38
141	39
141	41
141	43
141	44
141	45
141	50
141	52
141	53
141	56
141	57
141	58
141	60
141	61
141	64
141	66
141	67
141	69
141	70
141	71
141	73
141	76
141	77
141	80
141	81
141	82
141	83
141	84
141	85
141	87
141	90
141	91
141	92
141	93
141	94
141	96
141	100
141	102
141	103
141	104
141	106
141	107
141	108
141	109
141	110
141	112
141	113
141	114
141	115
141	117
141	118
141	120
141	121
141	122
141	125
141	127
141	128
141	129
141	131
141	136
141	138
141	139
141	141
141	143
142	1
142	4
142	5
142	6
142	7
142	9
142	10
142	11
142	12
142	13
142	16
142	19
142	20
142	21
142	25
142	26
142	27
142	30
142	31
142	32
142	35
142	36
142	38
142	40
142	41
142	44
142	45
142	51
142	53
142	54
142	55
142	56
142	57
142	58
142	59
142	62
142	64
142	68
142	69
142	70
142	72
142	74
142	75
142	76
142	77
142	78
142	81
142	82
142	83
142	84
142	85
142	87
142	88
142	91
142	92
142	94
142	95
142	100
142	101
142	102
142	103
142	104
142	105
142	110
142	113
142	115
142	116
142	117
142	120
142	123
142	125
142	126
142	127
142	128
142	129
142	130
142	131
142	132
142	133
142	134
142	135
142	138
142	139
142	140
142	143
142	144
142	145
143	3
143	4
143	5
143	8
143	9
143	10
143	12
143	13
143	14
143	15
143	19
143	23
143	24
143	25
143	26
143	27
143	28
143	29
143	30
143	31
143	33
143	34
143	35
143	36
143	38
143	43
143	44
143	45
143	46
143	48
143	49
143	51
143	52
143	53
143	54
143	56
143	57
143	58
143	60
143	61
143	63
143	65
143	67
143	68
143	70
143	71
143	72
143	73
143	76
143	77
143	79
143	80
143	81
143	83
143	84
143	85
143	86
143	88
143	89
143	90
143	91
143	92
143	93
143	94
143	95
143	96
143	99
143	100
143	101
143	103
143	104
143	107
143	108
143	109
143	112
143	114
143	115
143	117
143	119
143	121
143	125
143	126
143	127
143	129
143	130
143	132
143	133
143	134
143	135
143	136
143	137
143	138
143	139
143	142
143	144
144	1
144	2
144	3
144	4
144	5
144	7
144	8
144	11
144	13
144	14
144	15
144	16
144	17
144	18
144	20
144	22
144	23
144	24
144	25
144	27
144	29
144	31
144	32
144	34
144	37
144	39
144	40
144	43
144	45
144	46
144	47
144	48
144	49
144	50
144	51
144	52
144	53
144	54
144	55
144	59
144	61
144	62
144	64
144	65
144	67
144	68
144	69
144	71
144	73
144	74
144	76
144	78
144	80
144	82
144	85
144	87
144	90
144	91
144	92
144	95
144	97
144	99
144	101
144	102
144	103
144	104
144	105
144	106
144	108
144	109
144	110
144	111
144	112
144	113
144	115
144	117
144	118
144	120
144	122
144	123
144	128
144	130
144	132
144	135
144	136
144	137
144	140
144	141
144	142
144	143
145	1
145	3
145	4
145	5
145	7
145	8
145	9
145	10
145	11
145	12
145	15
145	16
145	17
145	18
145	20
145	21
145	22
145	23
145	24
145	25
145	27
145	28
145	29
145	30
145	31
145	32
145	34
145	36
145	39
145	40
145	42
145	43
145	44
145	45
145	46
145	47
145	49
145	55
145	56
145	57
145	58
145	59
145	60
145	62
145	63
145	64
145	66
145	68
145	69
145	72
145	74
145	75
145	76
145	77
145	78
145	79
145	81
145	91
145	92
145	94
145	95
145	96
145	97
145	98
145	99
145	100
145	101
145	103
145	106
145	107
145	111
145	112
145	113
145	115
145	116
145	117
145	118
145	120
145	122
145	123
145	125
145	126
145	127
145	128
145	129
145	130
145	131
145	134
145	135
145	136
145	137
145	138
145	139
145	140
145	141
145	142
145	143
145	145
1	146
2	146
3	146
4	146
5	146
6	146
7	146
8	146
9	146
10	146
11	146
12	146
13	146
14	146
15	146
16	146
17	146
18	146
19	146
20	146
21	146
22	146
23	146
24	146
25	146
26	146
27	146
28	146
29	146
30	146
31	146
32	146
33	146
34	146
35	146
36	146
37	146
38	146
39	146
40	146
41	146
42	146
43	146
44	146
45	146
46	146
47	146
48	146
49	146
50	146
51	146
52	146
53	146
54	146
55	146
56	146
57	146
58	146
59	146
60	146
61	146
62	146
63	146
64	146
65	146
66	146
67	146
68	146
69	146
70	146
71	146
72	146
73	146
74	146
75	146
76	146
77	146
78	146
79	146
80	146
81	146
82	146
83	146
84	146
85	146
86	146
87	146
88	146
89	146
90	146
91	146
92	146
93	146
94	146
95	146
96	146
97	146
98	146
99	146
100	146
101	146
102	146
103	146
104	146
105	146
106	146
107	146
108	146
109	146
110	146
111	146
112	146
113	146
114	146
115	146
116	146
117	146
118	146
119	146
120	146
121	146
122	146
123	146
124	146
125	146
126	146
127	146
128	146
129	146
130	146
131	146
132	146
133	146
134	146
135	146
136	146
137	146
138	146
139	146
140	146
141	146
142	146
143	146
144	146
145	146
146	146
