1	1
1	2
1	3
1	5
1	6
1	7
1	8
1	9
1	10
1	11
1	12
1	13
1	15
1	16
1	17
1	18
1	21
1	25
1	26
1	28
1	29
1	31
1	35
1	37
1	38
1	39
1	40
1	41
1	43
1	44
1	46
1	48
1	51
1	52
1	54
1	58
1	59
1	62
1	64
1	65
1	66
1	67
1	68
1	69
1	70
1	71
1	74
1	75
1	76
1	77
1	78
1	81
1	85
1	87
1	88
1	89
1	90
1	91
1	92
1	93
1	94
1	95
1	96
1	97
1	99
1	100
1	101
1	103
1	104
1	105
1	107
1	108
1	109
1	111
1	113
1	117
1	118
1	119
1	121
1	122
1	127
1	128
1	129
1	130
1	131
1	137
1	138
1	140
1	141
1	142
1	143
1	145
1	146
1	147
2	5
2	7
2	8
2	9
2	11
2	12
2	13
2	14
2	16
2	19
2	21
2	24
2	25
2	26
2	28
2	31
2	32
2	33
2	34
2	35
2	37
2	38
2	42
2	44
2	49
2	52
2	58
2	59
2	61
2	62
2	63
2	64
2	65
2	66
2	69
2	72
2	73
2	74
2	75
2	76
2	77
2	80
2	81
2	86
2	87
2	88
2	89
2	90
2	91
2	92
2	94
2	95
2	96
2	98
2	99
2	101
2	103
2	104
2	107
2	108
2	109
2	110
2	111
2	112
2	114
2	115
2	116
2	118
2	120
2	121
2	124
2	125
2	126
2	127
2	128
2	130
2	131
2	133
2	135
2	136
2	138
2	140
2	144
2	146
2	147
3	1
3	3
3	4
3	7
3	8
3	9
3	10
3	11
3	12
3	15
3	16
3	17
3	18
3	21
3	22
3	23
3	24
3	25
3	28
3	31
3	32
3	33
3	34
3	36
3	37
3	38
3	41
3	42
3	44
3	45
3	46
3	47
3	48
3	49
3	50
3	54
3	55
3	56
3	59
3	60
3	61
3	63
3	64
3	65
3	66
3	68
3	71
3	73
3	74
3	76
3	77
3	78
3	80
3	83
3	85
3	86
3	88
3	90
3	92
3	93
3	95
3	96
3	97
3	98
3	99
3	100
3	101
3	102
3	104
3	105
3	107
3	108
3	109
3	111
3	113
3	114
3	115
3	116
3	119
3	120
3	122
3	123
3	124
3	125
3	127
3	128
3	130
3	131
3	132
3	134
3	136
3	137
3	138
3	142
3	144
3	146
4	1
4	2
4	3
4	4
4	5
4	6
4	8
4	9
4	10
4	11
4	12
4	13
4	15
4	17
4	19
4	20
4	22
4	25
4	26
4	28
4	29
4	30
4	31
4	32
4	33
4	34
4	36
4	37
4	38
4	41
4	42
4	43
4	45
4	46
4	47
4	48
4	49
4	50
4	53
4	54
4	56
4	57
4	59
4	63
4	64
4	65
4	67
4	69
4	70
4	71
4	73
4	74
4	75
4	78
4	80
4	83
4	84
4	86
4	87
4	88
4	89
4	90
4	91
4	92
4	93
4	95
4	99
4	100
4	103
4	104
4	105
4	107
4	109
4	111
4	113
4	115
4	116
4	121
4	122
4	123
4	124
4	125
4	127
4	128
4	129
4	130
4	133
4	135
4	139
4	140
4	142
4	143
4	147
5	2
5	6
5	7
5	9
5	10
5	11
5	13
5	14
5	15
5	16
5	17
5	19
5	20
5	21
5	22
5	23
5	24
5	28
5	29
5	30
5	31
5	32
5	33
5	34
5	35
5	36
5	37
5	40
5	41
5	42
5	44
5	45
5	47
5	48
5	50
5	51
5	54
5	56
5	57
5	58
5	59
5	60
5	63
5	64
5	65
5	66
5	67
5	68
5	72
5	73
5	74
5	75
5	78
5	79
5	80
5	81
5	82
5	87
5	90
5	91
5	92
5	93
5	95
5	96
5	97
5	98
5	103
5	104
5	106
5	109
5	110
5	115
5	116
5	119
5	120
5	121
5	123
5	124
5	125
5	126
5	128
5	130
5	131
5	133
5	134
5	135
5	136
5	138
5	139
5	140
5	141
5	146
5	147
6	2
6	6
6	8
6	9
6	10
6	11
6	13
6	15
6	16
6	17
6	19
6	21
6	23
6	24
6	27
6	29
6	30
6	32
6	34
6	36
6	38
6	40
6	44
6	45
6	46
6	47
6	48
6	50
6	51
6	52
6	54
6	56
6	58
6	59
6	62
6	63
6	64
6	66
6	67
6	69
6	70
6	72
6	73
6	76
6	77
6	79
6	80
6	81
6	82
6	83
6	85
6	86
6	87
6	90
6	91
6	93
6	96
6	102
6	104
6	105
6	106
6	108
6	109
6	110
6	114
6	115
6	122
6	125
6	126
6	129
6	134
6	135
6	136
6	137
6	138
6	139
6	140
6	141
6	144
6	146
6	147
7	4
7	5
7	6
7	7
7	8
7	9
7	10
7	11
7	14
7	16
7	18
7	19
7	20
7	21
7	22
7	24
7	25
7	27
7	31
7	32
7	35
7	36
7	37
7	38
7	39
7	40
7	42
7	43
7	44
7	48
7	50
7	51
7	53
7	54
7	57
7	58
7	59
7	60
7	63
7	64
7	65
7	66
7	67
7	68
7	69
7	70
7	71
7	72
7	73
7	74
7	76
7	77
7	79
7	80
7	81
7	84
7	85
7	86
7	89
7	91
7	92
7	93
7	94
7	95
7	96
7	97
7	102
7	103
7	105
7	107
7	108
7	109
7	110
7	111
7	114
7	115
7	116
7	117
7	119
7	121
7	122
7	124
7	125
7	126
7	127
7	128
7	129
7	130
7	131
7	132
7	134
7	136
7	137
7	138
7	139
7	140
7	142
7	143
7	144
7	145
7	147
8	6
8	7
8	10
8	11
8	12
8	13
8	14
8	15
8	21
8	23
8	24
8	25
8	30
8	33
8	34
8	38
8	42
8	43
8	44
8	45
8	46
8	48
8	49
8	52
8	57
8	58
8	61
8	62
8	63
8	64
8	65
8	66
8	71
8	72
8	76
8	80
8	83
8	84
8	85
8	86
8	87
8	88
8	89
8	90
8	91
8	92
8	93
8	94
8	96
8	97
8	98
8	100
8	101
8	102
8	104
8	105
8	106
8	110
8	111
8	112
8	113
8	114
8	116
8	117
8	125
8	126
8	127
8	128
8	129
8	130
8	133
8	134
8	136
8	137
8	138
8	139
8	140
8	141
8	145
8	147
9	1
9	2
9	3
9	6
9	7
9	10
9	11
9	12
9	14
9	18
9	19
9	20
9	21
9	22
9	23
9	24
9	25
9	27
9	29
9	30
9	31
9	32
9	33
9	34
9	35
9	38
9	39
9	48
9	49
9	51
9	52
9	53
9	54
9	56
9	57
9	58
9	60
9	61
9	62
9	63
9	69
9	70
9	71
9	72
9	74
9	75
9	76
9	78
9	79
9	80
9	81
9	82
9	83
9	85
9	86
9	88
9	89
9	90
9	92
9	93
9	94
9	95
9	96
9	97
9	99
9	100
9	101
9	103
9	104
9	106
9	107
9	108
9	109
9	110
9	111
9	113
9	114
9	115
9	116
9	117
9	118
9	120
9	121
9	122
9	123
9	124
9	125
9	127
9	128
9	129
9	130
9	132
9	133
9	134
9	138
9	140
9	141
9	143
9	144
9	145
9	147
10	1
10	2
10	3
10	4
10	5
10	10
10	11
10	14
10	15
10	20
10	21
10	24
10	25
10	27
10	31
10	32
10	33
10	34
10	36
10	37
10	38
10	40
10	42
10	45
10	47
10	51
10	53
10	54
10	56
10	57
10	58
10	62
10	63
10	64
10	70
10	71
10	72
10	73
10	74
10	76
10	77
10	78
10	82
10	83
10	84
10	85
10	87
10	88
10	89
10	91
10	92
10	94
10	95
10	96
10	97
10	100
10	101
10	102
10	103
10	105
10	106
10	107
10	111
10	112
10	113
10	114
10	117
10	119
10	120
10	121
10	122
10	124
10	126
10	127
10	128
10	129
10	131
10	134
10	135
10	136
10	140
10	141
10	143
10	146
10	147
11	1
11	2
11	3
11	4
11	5
11	6
11	7
11	8
11	9
11	11
11	13
11	14
11	15
11	16
11	19
11	20
11	21
11	22
11	24
11	26
11	28
11	30
11	31
11	33
11	34
11	36
11	37
11	38
11	39
11	40
11	41
11	42
11	45
11	48
11	50
11	51
11	53
11	55
11	56
11	57
11	58
11	59
11	60
11	61
11	62
11	68
11	69
11	70
11	71
11	72
11	73
11	74
11	75
11	76
11	77
11	80
11	83
11	84
11	87
11	88
11	89
11	90
11	91
11	92
11	93
11	95
11	97
11	99
11	101
11	102
11	104
11	105
11	107
11	109
11	111
11	113
11	114
11	115
11	116
11	117
11	119
11	120
11	121
11	122
11	123
11	124
11	125
11	129
11	131
11	132
11	133
11	137
11	138
11	139
11	140
11	141
11	142
11	143
11	145
11	146
11	147
12	1
12	3
12	4
12	7
12	8
12	11
12	13
12	15
12	17
12	18
12	21
12	22
12	23
12	24
12	25
12	26
12	27
12	28
12	29
12	33
12	36
12	37
12	39
12	41
12	43
12	45
12	46
12	49
12	50
12	51
12	53
12	54
12	55
12	57
12	59
12	61
12	62
12	63
12	64
12	65
12	66
12	67
12	68
12	69
12	71
12	72
12	73
12	74
12	75
12	77
12	79
12	80
12	82
12	84
12	85
12	86
12	87
12	88
12	89
12	90
12	91
12	92
12	93
12	95
12	96
12	97
12	98
12	100
12	103
12	105
12	107
12	108
12	109
12	110
12	111
12	112
12	113
12	116
12	117
12	118
12	119
12	120
12	122
12	123
12	124
12	126
12	127
12	136
12	137
12	139
12	141
12	143
12	144
12	145
12	146
12	147
13	1
13	2
13	4
13	5
13	6
13	8
13	10
13	11
13	12
13	13
13	14
13	15
13	16
13	18
13	20
13	21
13	23
13	24
13	30
13	31
13	32
13	34
13	35
13	36
13	37
13	38
13	41
13	42
13	44
13	49
13	52
13	53
13	55
13	56
13	58
13	61
13	62
13	64
13	67
13	68
13	69
13	70
13	71
13	73
13	75
13	76
13	78
13	81
13	82
13	83
13	84
13	85
13	87
13	88
13	91
13	92
13	94
13	96
13	97
13	98
13	99
13	100
13	102
13	104
13	106
13	107
13	108
13	111
13	114
13	115
13	116
13	118
13	119
13	120
13	121
13	122
13	123
13	125
13	126
13	127
13	128
13	129
13	131
13	132
13	135
13	136
13	137
13	138
13	140
13	141
13	143
13	144
13	146
13	147
14	1
14	3
14	4
14	5
14	6
14	8
14	10
14	11
14	12
14	14
14	15
14	17
14	19
14	21
14	22
14	25
14	26
14	27
14	28
14	31
14	32
14	33
14	34
14	38
14	39
14	40
14	41
14	42
14	43
14	45
14	46
14	47
14	51
14	52
14	53
14	54
14	55
14	56
14	58
14	59
14	61
14	62
14	64
14	65
14	66
14	68
14	69
14	70
14	73
14	75
14	76
14	78
14	79
14	82
14	86
14	87
14	88
14	89
14	91
14	92
14	94
14	95
14	96
14	98
14	100
14	101
14	102
14	104
14	106
14	107
14	108
14	109
14	110
14	112
14	113
14	114
14	116
14	118
14	120
14	125
14	132
14	136
14	137
14	138
14	140
14	141
14	142
14	143
14	144
14	146
15	3
15	6
15	7
15	8
15	9
15	11
15	12
15	13
15	14
15	15
15	17
15	18
15	19
15	20
15	21
15	22
15	26
15	27
15	29
15	30
15	31
15	32
15	33
15	34
15	35
15	38
15	41
15	42
15	44
15	45
15	46
15	47
15	48
15	49
15	50
15	51
15	53
15	54
15	57
15	58
15	61
15	62
15	63
15	64
15	68
15	69
15	70
15	72
15	73
15	74
15	77
15	79
15	80
15	81
15	83
15	85
15	86
15	88
15	89
15	90
15	91
15	92
15	95
15	97
15	99
15	102
15	103
15	104
15	105
15	106
15	108
15	109
15	110
15	112
15	113
15	114
15	117
15	119
15	120
15	122
15	123
15	125
15	126
15	127
15	129
15	130
15	131
15	132
15	133
15	137
15	138
15	139
15	143
15	145
15	147
16	1
16	3
16	4
16	6
16	8
16	9
16	12
16	15
16	16
16	17
16	18
16	21
16	23
16	25
16	28
16	29
16	30
16	35
16	36
16	37
16	39
16	40
16	41
16	43
16	45
16	46
16	50
16	51
16	52
16	54
16	56
16	58
16	61
16	64
16	66
16	68
16	69
16	70
16	73
16	74
16	75
16	76
16	77
16	79
16	80
16	84
16	85
16	86
16	87
16	88
16	89
16	90
16	92
16	93
16	95
16	96
16	97
16	98
16	100
16	102
16	107
16	108
16	110
16	111
16	113
16	116
16	118
16	120
16	121
16	122
16	123
16	124
16	126
16	127
16	131
16	133
16	134
16	136
16	137
16	138
16	139
16	140
16	142
16	144
16	145
17	2
17	5
17	10
17	12
17	13
17	14
17	15
17	16
17	17
17	18
17	20
17	21
17	22
17	23
17	24
17	25
17	26
17	27
17	28
17	32
17	36
17	38
17	40
17	41
17	42
17	45
17	46
17	47
17	48
17	50
17	51
17	53
17	54
17	56
17	57
17	62
17	64
17	65
17	66
17	67
17	71
17	72
17	75
17	76
17	77
17	78
17	79
17	81
17	82
17	84
17	85
17	86
17	88
17	90
17	92
17	94
17	95
17	97
17	98
17	101
17	103
17	104
17	105
17	110
17	112
17	113
17	119
17	120
17	122
17	123
17	126
17	128
17	129
17	130
17	131
17	132
17	133
17	134
17	136
17	137
17	138
17	139
17	140
17	141
17	143
17	144
17	146
17	147
18	1
18	2
18	3
18	5
18	6
18	7
18	10
18	11
18	12
18	14
18	15
18	16
18	17
18	18
18	19
18	20
18	24
18	25
18	27
18	29
18	32
18	33
18	34
18	37
18	38
18	39
18	40
18	42
18	43
18	46
18	48
18	49
18	50
18	55
18	56
18	60
18	61
18	63
18	64
18	66
18	67
18	70
18	71
18	72
18	76
18	77
18	79
18	80
18	81
18	83
18	84
18	85
18	94
18	96
18	98
18	100
18	101
18	102
18	103
18	104
18	105
18	106
18	107
18	108
18	109
18	110
18	111
18	113
18	116
18	117
18	118
18	120
18	121
18	123
18	125
18	127
18	128
18	130
18	131
18	132
18	135
18	138
18	139
18	140
18	141
18	145
18	146
18	147
19	1
19	2
19	3
19	6
19	7
19	9
19	12
19	13
19	14
19	15
19	18
19	19
19	20
19	22
19	24
19	25
19	26
19	27
19	29
19	31
19	32
19	34
19	37
19	38
19	39
19	41
19	42
19	44
19	46
19	47
19	49
19	51
19	53
19	54
19	59
19	60
19	62
19	64
19	65
19	66
19	67
19	68
19	70
19	71
19	72
19	73
19	76
19	77
19	78
19	80
19	81
19	82
19	83
19	84
19	85
19	86
19	88
19	93
19	94
19	95
19	97
19	98
19	99
19	100
19	103
19	105
19	108
19	109
19	110
19	111
19	112
19	113
19	114
19	116
19	120
19	121
19	122
19	123
19	124
19	128
19	129
19	130
19	134
19	135
19	136
19	137
19	139
19	140
19	141
19	142
19	143
19	144
19	145
19	147
20	1
20	3
20	4
20	5
20	9
20	10
20	11
20	13
20	15
20	18
20	20
20	22
20	24
20	25
20	28
20	29
20	30
20	31
20	32
20	33
20	34
20	35
20	37
20	39
20	40
20	41
20	42
20	43
20	46
20	47
20	50
20	51
20	54
20	56
20	58
20	59
20	61
20	62
20	63
20	66
20	67
20	68
20	69
20	72
20	73
20	75
20	76
20	78
20	79
20	81
20	82
20	84
20	86
20	87
20	88
20	89
20	90
20	91
20	93
20	94
20	99
20	101
20	102
20	103
20	107
20	112
20	113
20	114
20	116
20	121
20	123
20	124
20	125
20	127
20	130
20	132
20	133
20	134
20	135
20	139
20	142
20	143
20	145
20	147
21	1
21	2
21	4
21	5
21	6
21	7
21	9
21	10
21	13
21	15
21	16
21	17
21	20
21	22
21	25
21	27
21	29
21	31
21	32
21	33
21	34
21	36
21	37
21	38
21	40
21	41
21	42
21	43
21	44
21	46
21	47
21	51
21	52
21	53
21	56
21	57
21	58
21	60
21	62
21	63
21	64
21	68
21	71
21	72
21	73
21	74
21	75
21	77
21	78
21	79
21	80
21	83
21	84
21	85
21	88
21	89
21	90
21	91
21	92
21	94
21	95
21	96
21	97
21	98
21	99
21	101
21	104
21	107
21	108
21	114
21	116
21	117
21	118
21	119
21	121
21	122
21	124
21	126
21	127
21	128
21	129
21	131
21	132
21	134
21	136
21	138
21	139
21	141
21	143
21	144
22	1
22	2
22	3
22	4
22	5
22	6
22	9
22	11
22	15
22	16
22	18
22	19
22	20
22	21
22	22
22	24
22	25
22	26
22	27
22	28
22	29
22	32
22	33
22	34
22	35
22	38
22	40
22	42
22	43
22	44
22	45
22	46
22	47
22	48
22	49
22	51
22	53
22	54
22	56
22	62
22	63
22	67
22	68
22	69
22	70
22	72
22	73
22	74
22	76
22	77
22	80
22	81
22	82
22	83
22	85
22	86
22	88
22	89
22	91
22	92
22	102
22	104
22	106
22	115
22	116
22	118
22	119
22	122
22	124
22	125
22	126
22	127
22	129
22	130
22	132
22	133
22	134
22	137
22	140
22	141
22	142
22	143
22	144
22	146
23	2
23	3
23	4
23	10
23	11
23	13
23	15
23	17
23	18
23	19
23	20
23	21
23	22
23	23
23	24
23	26
23	27
23	28
23	30
23	32
23	33
23	34
23	35
23	36
23	37
23	39
23	40
23	45
23	46
23	47
23	48
23	49
23	51
23	52
23	53
23	55
23	56
23	57
23	58
23	59
23	60
23	63
23	64
23	66
23	68
23	70
23	71
23	72
23	73
23	75
23	76
23	77
23	78
23	81
23	83
23	86
23	87
23	88
23	89
23	95
23	96
23	99
23	100
23	102
23	103
23	104
23	106
23	108
23	109
23	110
23	111
23	115
23	116
23	117
23	120
23	121
23	122
23	123
23	124
23	125
23	126
23	127
23	129
23	132
23	133
23	134
23	136
23	138
23	139
23	142
23	144
23	145
24	1
24	2
24	3
24	5
24	6
24	8
24	10
24	11
24	12
24	13
24	14
24	15
24	16
24	20
24	21
24	22
24	23
24	24
24	25
24	26
24	27
24	29
24	30
24	31
24	32
24	34
24	35
24	37
24	40
24	41
24	42
24	43
24	44
24	46
24	48
24	52
24	53
24	55
24	56
24	57
24	58
24	60
24	61
24	62
24	65
24	66
24	68
24	69
24	74
24	75
24	76
24	78
24	79
24	80
24	81
24	82
24	83
24	84
24	85
24	86
24	88
24	89
24	92
24	94
24	95
24	96
24	97
24	98
24	102
24	106
24	107
24	108
24	109
24	110
24	112
24	113
24	114
24	115
24	119
24	120
24	121
24	122
24	123
24	124
24	126
24	129
24	132
24	135
24	136
24	138
24	139
24	143
24	147
25	2
25	3
25	5
25	6
25	8
25	9
25	10
25	11
25	14
25	15
25	16
25	18
25	20
25	21
25	22
25	23
25	24
25	25
25	26
25	27
25	28
25	29
25	32
25	33
25	34
25	36
25	37
25	38
25	40
25	43
25	44
25	45
25	46
25	47
25	48
25	49
25	50
25	54
25	56
25	60
25	63
25	67
25	68
25	69
25	71
25	72
25	73
25	74
25	75
25	77
25	80
25	83
25	86
25	91
25	92
25	93
25	95
25	96
25	97
25	99
25	100
25	101
25	102
25	103
25	106
25	107
25	110
25	111
25	112
25	113
25	115
25	116
25	118
25	119
25	122
25	124
25	128
25	129
25	131
25	133
25	134
25	135
25	136
25	138
25	139
25	140
25	142
25	143
25	144
25	145
25	147
26	1
26	2
26	8
26	10
26	11
26	12
26	13
26	14
26	16
26	18
26	22
26	23
26	24
26	25
26	26
26	27
26	29
26	30
26	32
26	33
26	35
26	36
26	38
26	39
26	41
26	44
26	46
26	47
26	49
26	50
26	52
26	54
26	55
26	58
26	59
26	60
26	61
26	62
26	66
26	67
26	69
26	71
26	74
26	78
26	79
26	80
26	81
26	82
26	87
26	88
26	89
26	90
26	91
26	94
26	97
26	98
26	99
26	100
26	101
26	102
26	103
26	104
26	105
26	106
26	107
26	108
26	109
26	112
26	113
26	114
26	116
26	117
26	118
26	121
26	122
26	123
26	124
26	125
26	127
26	128
26	129
26	130
26	131
26	132
26	133
26	134
26	135
26	138
26	140
26	141
26	142
26	144
26	145
26	147
27	2
27	3
27	5
27	6
27	7
27	10
27	11
27	12
27	13
27	14
27	15
27	16
27	17
27	21
27	23
27	25
27	26
27	28
27	31
27	32
27	33
27	34
27	35
27	36
27	37
27	38
27	39
27	42
27	44
27	45
27	49
27	50
27	52
27	53
27	54
27	55
27	56
27	57
27	58
27	60
27	61
27	62
27	63
27	64
27	65
27	66
27	68
27	69
27	70
27	72
27	75
27	76
27	77
27	78
27	79
27	80
27	82
27	83
27	85
27	89
27	90
27	93
27	94
27	95
27	96
27	98
27	101
27	102
27	103
27	104
27	105
27	106
27	111
27	114
27	115
27	116
27	118
27	119
27	120
27	121
27	122
27	124
27	125
27	128
27	131
27	132
27	133
27	134
27	137
27	138
27	139
27	140
27	141
27	142
27	143
27	146
27	147
28	1
28	2
28	5
28	7
28	8
28	9
28	14
28	15
28	16
28	22
28	24
28	25
28	26
28	27
28	28
28	31
28	32
28	33
28	34
28	35
28	37
28	38
28	39
28	40
28	42
28	45
28	46
28	47
28	49
28	50
28	51
28	52
28	53
28	54
28	55
28	57
28	58
28	62
28	64
28	65
28	66
28	67
28	68
28	69
28	72
28	73
28	74
28	75
28	76
28	78
28	80
28	82
28	84
28	85
28	86
28	87
28	89
28	91
28	92
28	93
28	95
28	96
28	97
28	98
28	100
28	101
28	102
28	105
28	106
28	107
28	108
28	110
28	111
28	113
28	117
28	118
28	119
28	120
28	123
28	125
28	127
28	128
28	130
28	131
28	132
28	133
28	135
28	136
28	137
28	138
28	139
28	140
28	141
28	142
28	143
28	144
28	145
28	147
29	1
29	2
29	4
29	5
29	8
29	10
29	11
29	13
29	14
29	16
29	19
29	21
29	23
29	24
29	26
29	29
29	30
29	32
29	34
29	35
29	36
29	37
29	38
29	39
29	40
29	42
29	44
29	45
29	48
29	50
29	51
29	54
29	55
29	56
29	59
29	60
29	62
29	64
29	65
29	69
29	70
29	71
29	73
29	74
29	77
29	78
29	79
29	81
29	82
29	83
29	84
29	85
29	87
29	89
29	90
29	91
29	93
29	95
29	96
29	97
29	101
29	103
29	104
29	109
29	110
29	111
29	114
29	115
29	116
29	120
29	122
29	123
29	124
29	125
29	126
29	127
29	128
29	129
29	130
29	131
29	133
29	134
29	136
29	137
29	142
29	143
29	144
29	145
29	146
30	2
30	3
30	4
30	5
30	8
30	9
30	10
30	12
30	13
30	14
30	15
30	16
30	17
30	19
30	20
30	22
30	23
30	27
30	28
30	29
30	30
30	31
30	34
30	36
30	37
30	38
30	39
30	41
30	42
30	43
30	44
30	46
30	48
30	50
30	51
30	52
30	54
30	55
30	56
30	57
30	58
30	60
30	61
30	62
30	63
30	65
30	67
30	68
30	69
30	71
30	72
30	73
30	74
30	75
30	76
30	80
30	82
30	83
30	84
30	87
30	90
30	91
30	93
30	95
30	96
30	97
30	99
30	100
30	102
30	103
30	106
30	107
30	108
30	109
30	111
30	113
30	115
30	117
30	118
30	120
30	121
30	122
30	123
30	124
30	125
30	126
30	127
30	129
30	130
30	131
30	132
30	133
30	134
30	136
30	137
30	138
30	140
30	144
30	145
30	147
31	1
31	2
31	3
31	5
31	8
31	9
31	12
31	13
31	16
31	17
31	18
31	19
31	20
31	22
31	24
31	25
31	27
31	28
31	29
31	31
31	32
31	35
31	36
31	37
31	39
31	40
31	41
31	42
31	43
31	44
31	45
31	46
31	49
31	50
31	52
31	53
31	54
31	55
31	56
31	57
31	59
31	60
31	62
31	63
31	64
31	65
31	66
31	67
31	68
31	70
31	71
31	74
31	75
31	76
31	78
31	79
31	81
31	82
31	83
31	84
31	86
31	91
31	93
31	94
31	95
31	98
31	103
31	108
31	109
31	112
31	113
31	115
31	117
31	122
31	123
31	124
31	125
31	127
31	128
31	129
31	131
31	132
31	133
31	134
31	135
31	137
31	138
31	140
31	141
31	142
31	143
31	144
31	146
31	147
32	1
32	3
32	5
32	6
32	7
32	8
32	9
32	10
32	11
32	12
32	13
32	14
32	15
32	16
32	18
32	19
32	23
32	25
32	26
32	27
32	28
32	29
32	31
32	32
32	33
32	36
32	38
32	39
32	40
32	41
32	43
32	47
32	49
32	51
32	53
32	54
32	55
32	57
32	59
32	61
32	63
32	66
32	68
32	70
32	73
32	74
32	77
32	78
32	79
32	82
32	83
32	84
32	85
32	86
32	87
32	88
32	89
32	91
32	93
32	94
32	95
32	96
32	97
32	98
32	100
32	101
32	104
32	106
32	107
32	113
32	115
32	118
32	119
32	121
32	122
32	124
32	125
32	128
32	130
32	131
32	132
32	134
32	135
32	136
32	137
32	138
32	141
32	142
32	143
32	144
32	145
33	2
33	8
33	9
33	10
33	11
33	13
33	15
33	16
33	17
33	19
33	21
33	23
33	24
33	25
33	27
33	28
33	30
33	31
33	32
33	34
33	36
33	37
33	38
33	39
33	42
33	43
33	44
33	46
33	47
33	50
33	51
33	52
33	53
33	55
33	57
33	59
33	60
33	61
33	64
33	66
33	69
33	70
33	71
33	72
33	73
33	74
33	75
33	76
33	79
33	80
33	81
33	83
33	84
33	85
33	86
33	88
33	89
33	91
33	92
33	93
33	94
33	95
33	96
33	97
33	99
33	100
33	103
33	104
33	105
33	106
33	107
33	108
33	111
33	112
33	113
33	115
33	117
33	123
33	124
33	126
33	127
33	128
33	129
33	130
33	131
33	132
33	134
33	135
33	136
33	139
33	143
33	144
33	146
33	147
34	3
34	5
34	6
34	7
34	9
34	10
34	12
34	13
34	16
34	17
34	18
34	19
34	20
34	21
34	22
34	26
34	28
34	29
34	32
34	33
34	35
34	37
34	38
34	40
34	42
34	43
34	44
34	45
34	47
34	50
34	52
34	53
34	54
34	55
34	56
34	58
34	60
34	64
34	68
34	69
34	72
34	73
34	75
34	76
34	77
34	78
34	79
34	80
34	81
34	82
34	84
34	87
34	88
34	89
34	91
34	92
34	93
34	94
34	96
34	99
34	100
34	101
34	106
34	108
34	109
34	110
34	111
34	113
34	114
34	116
34	118
34	119
34	122
34	123
34	124
34	126
34	127
34	128
34	129
34	130
34	131
34	134
34	138
34	139
34	140
34	142
34	143
34	144
34	146
34	147
35	2
35	4
35	5
35	6
35	8
35	9
35	11
35	15
35	16
35	17
35	18
35	19
35	20
35	24
35	25
35	26
35	27
35	28
35	29
35	30
35	34
35	35
35	36
35	38
35	40
35	42
35	43
35	46
35	47
35	48
35	49
35	51
35	52
35	53
35	54
35	55
35	56
35	57
35	58
35	60
35	61
35	62
35	64
35	65
35	66
35	70
35	71
35	73
35	74
35	75
35	76
35	77
35	79
35	80
35	81
35	82
35	86
35	90
35	91
35	92
35	93
35	94
35	95
35	97
35	98
35	100
35	101
35	104
35	106
35	107
35	109
35	111
35	113
35	115
35	116
35	117
35	121
35	122
35	125
35	126
35	127
35	128
35	129
35	130
35	131
35	133
35	134
35	136
35	137
35	138
35	139
35	140
35	146
35	147
36	2
36	3
36	5
36	6
36	8
36	9
36	10
36	11
36	12
36	13
36	15
36	16
36	17
36	18
36	21
36	23
36	24
36	25
36	26
36	27
36	28
36	30
36	36
36	39
36	40
36	41
36	42
36	43
36	44
36	45
36	46
36	47
36	48
36	49
36	50
36	52
36	53
36	54
36	55
36	56
36	57
36	59
36	60
36	61
36	62
36	63
36	64
36	65
36	66
36	67
36	69
36	70
36	72
36	76
36	79
36	80
36	82
36	84
36	86
36	87
36	88
36	89
36	90
36	93
36	94
36	96
36	97
36	98
36	99
36	100
36	101
36	104
36	110
36	112
36	114
36	115
36	117
36	118
36	119
36	124
36	125
36	126
36	127
36	130
36	131
36	132
36	133
36	134
36	136
36	137
36	139
36	140
36	141
36	142
36	143
36	146
37	3
37	5
37	6
37	7
37	9
37	10
37	11
37	15
37	16
37	17
37	18
37	19
37	22
37	23
37	28
37	29
37	30
37	31
37	34
37	35
37	36
37	37
37	38
37	40
37	41
37	42
37	43
37	45
37	46
37	47
37	48
37	50
37	51
37	52
37	54
37	56
37	57
37	58
37	59
37	60
37	61
37	62
37	65
37	66
37	67
37	68
37	70
37	71
37	73
37	74
37	75
37	76
37	77
37	79
37	80
37	82
37	83
37	84
37	86
37	87
37	90
37	91
37	92
37	93
37	94
37	95
37	97
37	98
37	100
37	101
37	102
37	104
37	105
37	107
37	108
37	110
37	111
37	112
37	113
37	115
37	116
37	117
37	118
37	119
37	120
37	121
37	124
37	125
37	127
37	128
37	129
37	130
37	131
37	132
37	133
37	134
37	136
37	137
37	138
37	141
37	142
37	145
37	146
38	1
38	3
38	4
38	6
38	8
38	9
38	10
38	12
38	14
38	15
38	17
38	18
38	20
38	21
38	23
38	24
38	25
38	26
38	28
38	31
38	33
38	36
38	37
38	38
38	39
38	40
38	41
38	42
38	43
38	44
38	45
38	47
38	50
38	53
38	54
38	58
38	59
38	60
38	62
38	64
38	65
38	66
38	73
38	74
38	75
38	76
38	77
38	78
38	81
38	82
38	83
38	84
38	85
38	86
38	87
38	88
38	90
38	93
38	94
38	95
38	97
38	99
38	101
38	102
38	103
38	104
38	106
38	108
38	112
38	113
38	115
38	116
38	117
38	118
38	119
38	120
38	121
38	123
38	124
38	125
38	127
38	128
38	129
38	130
38	131
38	132
38	135
38	136
38	137
38	139
38	141
38	142
38	143
38	144
38	145
38	147
39	2
39	5
39	7
39	8
39	9
39	10
39	11
39	12
39	17
39	18
39	19
39	20
39	21
39	22
39	23
39	25
39	26
39	28
39	29
39	30
39	31
39	35
39	36
39	37
39	38
39	40
39	45
39	46
39	48
39	49
39	57
39	59
39	61
39	62
39	64
39	67
39	68
39	69
39	73
39	75
39	76
39	80
39	81
39	82
39	85
39	86
39	90
39	92
39	93
39	95
39	97
39	100
39	101
39	103
39	106
39	108
39	109
39	110
39	111
39	112
39	113
39	114
39	115
39	116
39	117
39	118
39	120
39	121
39	122
39	126
39	127
39	129
39	130
39	132
39	133
39	134
39	137
39	139
39	141
39	143
39	144
39	146
40	3
40	5
40	7
40	8
40	9
40	10
40	17
40	19
40	22
40	24
40	25
40	26
40	27
40	28
40	29
40	31
40	32
40	33
40	34
40	35
40	36
40	37
40	40
40	41
40	42
40	43
40	44
40	45
40	46
40	51
40	53
40	56
40	57
40	58
40	59
40	63
40	64
40	66
40	68
40	69
40	70
40	72
40	75
40	76
40	77
40	78
40	79
40	80
40	81
40	82
40	85
40	86
40	87
40	88
40	89
40	90
40	91
40	92
40	93
40	94
40	96
40	98
40	99
40	100
40	101
40	105
40	108
40	109
40	110
40	111
40	112
40	113
40	114
40	115
40	116
40	118
40	121
40	122
40	123
40	126
40	127
40	129
40	133
40	134
40	136
40	137
40	138
40	139
40	141
40	142
40	145
40	147
41	3
41	6
41	7
41	8
41	9
41	10
41	11
41	12
41	13
41	17
41	18
41	19
41	20
41	24
41	25
41	26
41	27
41	29
41	31
41	32
41	33
41	35
41	37
41	38
41	39
41	40
41	43
41	44
41	47
41	48
41	49
41	50
41	51
41	52
41	55
41	56
41	58
41	59
41	60
41	61
41	63
41	64
41	65
41	68
41	71
41	72
41	73
41	76
41	77
41	78
41	80
41	81
41	83
41	84
41	85
41	86
41	87
41	88
41	90
41	91
41	93
41	94
41	96
41	98
41	100
41	101
41	103
41	104
41	105
41	106
41	113
41	115
41	117
41	118
41	119
41	120
41	121
41	122
41	123
41	125
41	126
41	127
41	129
41	130
41	132
41	133
41	134
41	135
41	136
41	137
41	138
41	140
41	141
41	142
41	143
41	144
41	145
41	146
41	147
42	2
42	4
42	5
42	7
42	11
42	12
42	13
42	14
42	15
42	17
42	18
42	19
42	20
42	21
42	22
42	23
42	24
42	25
42	26
42	27
42	29
42	31
42	34
42	35
42	37
42	38
42	40
42	41
42	42
42	44
42	46
42	48
42	49
42	51
42	52
42	57
42	58
42	60
42	61
42	62
42	63
42	64
42	65
42	66
42	68
42	72
42	74
42	76
42	77
42	78
42	79
42	80
42	81
42	82
42	84
42	86
42	88
42	89
42	95
42	96
42	97
42	98
42	103
42	104
42	105
42	109
42	110
42	111
42	112
42	113
42	114
42	116
42	117
42	121
42	122
42	123
42	124
42	126
42	127
42	128
42	129
42	130
42	131
42	132
42	133
42	134
42	135
42	136
42	137
42	140
42	141
42	142
42	144
42	145
42	146
42	147
43	1
43	2
43	3
43	4
43	7
43	8
43	10
43	12
43	13
43	15
43	16
43	17
43	19
43	22
43	25
43	27
43	28
43	29
43	30
43	33
43	36
43	38
43	39
43	40
43	42
43	43
43	44
43	46
43	47
43	48
43	49
43	52
43	55
43	56
43	57
43	58
43	59
43	61
43	62
43	63
43	66
43	67
43	69
43	72
43	74
43	75
43	78
43	81
43	82
43	83
43	85
43	86
43	87
43	89
43	90
43	92
43	95
43	97
43	98
43	100
43	101
43	104
43	105
43	107
43	109
43	112
43	113
43	114
43	115
43	116
43	117
43	118
43	119
43	120
43	122
43	124
43	126
43	127
43	129
43	132
43	133
43	134
43	135
43	136
43	137
43	138
43	139
43	140
43	142
43	144
43	146
43	147
44	1
44	2
44	4
44	6
44	7
44	9
44	10
44	11
44	12
44	13
44	16
44	17
44	18
44	19
44	20
44	22
44	23
44	24
44	26
44	28
44	29
44	30
44	32
44	33
44	35
44	37
44	38
44	39
44	40
44	41
44	42
44	48
44	49
44	50
44	51
44	52
44	54
44	56
44	57
44	60
44	61
44	64
44	66
44	70
44	72
44	73
44	75
44	76
44	84
44	85
44	86
44	87
44	88
44	92
44	94
44	95
44	96
44	97
44	101
44	104
44	105
44	106
44	107
44	108
44	109
44	110
44	113
44	115
44	116
44	118
44	120
44	121
44	122
44	124
44	126
44	130
44	131
44	132
44	133
44	134
44	135
44	140
44	141
44	142
44	144
44	145
45	1
45	2
45	4
45	5
45	6
45	7
45	9
45	15
45	16
45	17
45	18
45	20
45	22
45	24
45	25
45	26
45	27
45	29
45	30
45	33
45	34
45	38
45	39
45	40
45	41
45	43
45	44
45	45
45	46
45	47
45	48
45	50
45	52
45	53
45	56
45	57
45	59
45	61
45	64
45	65
45	66
45	69
45	72
45	73
45	74
45	76
45	77
45	78
45	80
45	81
45	83
45	84
45	86
45	88
45	89
45	90
45	91
45	93
45	96
45	99
45	101
45	102
45	105
45	106
45	107
45	108
45	109
45	110
45	112
45	114
45	115
45	116
45	119
45	121
45	122
45	123
45	128
45	130
45	131
45	132
45	134
45	138
45	139
45	141
45	142
45	143
45	144
45	146
45	147
46	1
46	2
46	3
46	4
46	7
46	9
46	10
46	14
46	19
46	20
46	22
46	23
46	24
46	25
46	26
46	28
46	29
46	30
46	31
46	32
46	33
46	34
46	35
46	37
46	38
46	41
46	42
46	45
46	47
46	48
46	49
46	50
46	52
46	53
46	54
46	55
46	56
46	57
46	60
46	61
46	62
46	63
46	64
46	67
46	68
46	69
46	71
46	72
46	75
46	77
46	81
46	82
46	83
46	84
46	85
46	88
46	89
46	90
46	91
46	92
46	93
46	96
46	97
46	98
46	99
46	101
46	102
46	103
46	104
46	105
46	106
46	107
46	108
46	111
46	113
46	114
46	115
46	116
46	120
46	122
46	124
46	126
46	127
46	129
46	131
46	132
46	133
46	134
46	136
46	137
46	141
46	143
46	144
46	145
46	146
46	147
47	1
47	3
47	4
47	5
47	6
47	7
47	8
47	9
47	11
47	12
47	13
47	15
47	16
47	17
47	18
47	20
47	21
47	25
47	27
47	28
47	32
47	33
47	34
47	35
47	36
47	37
47	41
47	43
47	45
47	49
47	51
47	54
47	55
47	57
47	58
47	59
47	60
47	61
47	62
47	63
47	64
47	65
47	66
47	69
47	70
47	71
47	72
47	73
47	74
47	75
47	76
47	78
47	80
47	81
47	82
47	83
47	85
47	87
47	88
47	89
47	92
47	96
47	101
47	102
47	105
47	106
47	107
47	108
47	110
47	112
47	117
47	118
47	119
47	121
47	122
47	123
47	124
47	125
47	127
47	128
47	130
47	131
47	135
47	138
47	139
47	140
47	141
47	143
47	144
47	145
47	146
47	147
48	1
48	2
48	5
48	6
48	8
48	10
48	14
48	15
48	17
48	19
48	21
48	22
48	25
48	26
48	27
48	29
48	30
48	31
48	32
48	33
48	34
48	36
48	38
48	39
48	40
48	41
48	42
48	45
48	46
48	47
48	48
48	49
48	50
48	52
48	53
48	56
48	57
48	59
48	60
48	61
48	66
48	67
48	69
48	71
48	73
48	74
48	75
48	76
48	78
48	79
48	80
48	83
48	84
48	85
48	87
48	88
48	89
48	90
48	93
48	94
48	95
48	97
48	101
48	102
48	103
48	105
48	106
48	107
48	108
48	109
48	110
48	112
48	115
48	116
48	117
48	118
48	119
48	121
48	123
48	124
48	125
48	128
48	129
48	132
48	134
48	135
48	137
48	139
48	141
48	142
48	143
48	144
48	146
49	2
49	3
49	4
49	5
49	7
49	9
49	11
49	12
49	14
49	16
49	18
49	20
49	21
49	23
49	24
49	25
49	26
49	28
49	30
49	32
49	33
49	36
49	37
49	38
49	39
49	40
49	41
49	42
49	43
49	46
49	47
49	48
49	49
49	50
49	51
49	52
49	53
49	54
49	59
49	60
49	62
49	63
49	64
49	66
49	67
49	68
49	69
49	70
49	71
49	74
49	75
49	77
49	78
49	79
49	82
49	83
49	84
49	85
49	86
49	90
49	91
49	92
49	93
49	96
49	98
49	100
49	101
49	102
49	104
49	106
49	107
49	108
49	109
49	112
49	113
49	115
49	117
49	118
49	119
49	120
49	121
49	122
49	123
49	124
49	125
49	127
49	128
49	130
49	131
49	132
49	133
49	134
49	136
49	137
49	138
49	140
49	141
49	144
49	146
50	1
50	2
50	3
50	4
50	6
50	7
50	8
50	10
50	11
50	12
50	16
50	18
50	19
50	20
50	21
50	22
50	23
50	27
50	28
50	29
50	30
50	31
50	34
50	37
50	40
50	41
50	42
50	46
50	48
50	50
50	51
50	52
50	54
50	55
50	57
50	59
50	61
50	62
50	63
50	65
50	66
50	68
50	71
50	73
50	76
50	78
50	80
50	82
50	83
50	84
50	89
50	92
50	96
50	97
50	98
50	99
50	100
50	101
50	102
50	104
50	109
50	111
50	112
50	113
50	114
50	115
50	116
50	117
50	118
50	122
50	123
50	124
50	127
50	128
50	129
50	131
50	132
50	133
50	135
50	138
50	139
50	140
50	141
50	142
50	144
50	145
51	2
51	3
51	4
51	6
51	7
51	9
51	11
51	14
51	15
51	17
51	19
51	21
51	22
51	23
51	24
51	27
51	28
51	31
51	34
51	35
51	38
51	39
51	40
51	42
51	43
51	44
51	46
51	50
51	52
51	54
51	56
51	57
51	58
51	59
51	60
51	62
51	63
51	64
51	65
51	66
51	67
51	68
51	70
51	71
51	72
51	73
51	75
51	76
51	77
51	78
51	79
51	80
51	81
51	82
51	83
51	84
51	86
51	87
51	88
51	90
51	96
51	97
51	98
51	99
51	103
51	104
51	106
51	108
51	111
51	112
51	115
51	117
51	119
51	120
51	121
51	125
51	126
51	127
51	129
51	130
51	131
51	135
51	137
51	138
51	139
51	140
51	142
51	144
51	145
52	2
52	4
52	5
52	8
52	9
52	11
52	13
52	14
52	15
52	17
52	18
52	20
52	21
52	22
52	23
52	25
52	26
52	27
52	28
52	29
52	30
52	31
52	32
52	33
52	36
52	38
52	39
52	40
52	41
52	43
52	44
52	45
52	46
52	47
52	48
52	50
52	51
52	53
52	54
52	57
52	59
52	60
52	62
52	64
52	65
52	67
52	68
52	69
52	70
52	71
52	72
52	73
52	75
52	77
52	78
52	80
52	81
52	84
52	85
52	86
52	88
52	89
52	91
52	92
52	94
52	96
52	97
52	98
52	100
52	102
52	103
52	104
52	105
52	106
52	109
52	110
52	112
52	114
52	118
52	119
52	120
52	121
52	123
52	125
52	129
52	130
52	134
52	135
52	136
52	137
52	138
52	139
52	141
52	147
53	2
53	3
53	4
53	5
53	6
53	7
53	9
53	10
53	11
53	12
53	13
53	14
53	15
53	16
53	21
53	23
53	24
53	25
53	26
53	27
53	28
53	29
53	30
53	31
53	32
53	34
53	35
53	36
53	37
53	39
53	40
53	41
53	43
53	44
53	45
53	46
53	47
53	48
53	49
53	51
53	53
53	55
53	56
53	57
53	61
53	62
53	63
53	64
53	65
53	66
53	67
53	69
53	70
53	72
53	73
53	74
53	75
53	79
53	80
53	81
53	82
53	83
53	87
53	88
53	89
53	91
53	92
53	95
53	96
53	97
53	98
53	102
53	103
53	105
53	106
53	108
53	111
53	112
53	113
53	114
53	115
53	116
53	123
53	126
53	127
53	128
53	129
53	133
53	135
53	137
53	138
53	139
53	141
53	142
53	143
53	144
53	146
54	2
54	3
54	4
54	5
54	6
54	8
54	9
54	12
54	13
54	14
54	15
54	16
54	17
54	18
54	19
54	20
54	25
54	26
54	28
54	29
54	30
54	31
54	32
54	34
54	35
54	37
54	38
54	40
54	41
54	42
54	44
54	46
54	50
54	51
54	52
54	54
54	56
54	58
54	60
54	61
54	63
54	64
54	65
54	66
54	68
54	70
54	73
54	74
54	75
54	76
54	79
54	80
54	81
54	82
54	83
54	86
54	87
54	88
54	89
54	92
54	93
54	94
54	96
54	97
54	98
54	99
54	100
54	101
54	103
54	104
54	105
54	106
54	107
54	108
54	109
54	110
54	112
54	114
54	116
54	117
54	118
54	119
54	121
54	123
54	124
54	125
54	127
54	129
54	130
54	132
54	133
54	134
54	135
54	136
54	137
54	139
54	140
54	141
54	142
54	143
54	144
54	145
54	146
55	1
55	5
55	6
55	7
55	8
55	11
55	12
55	13
55	14
55	17
55	18
55	19
55	20
55	21
55	25
55	28
55	29
55	30
55	31
55	32
55	33
55	34
55	35
55	37
55	38
55	39
55	40
55	41
55	42
55	46
55	49
55	50
55	51
55	52
55	53
55	55
55	56
55	59
55	61
55	62
55	63
55	66
55	68
55	69
55	70
55	71
55	73
55	75
55	76
55	77
55	79
55	80
55	83
55	84
55	85
55	86
55	87
55	88
55	90
55	91
55	92
55	93
55	95
55	99
55	100
55	101
55	103
55	105
55	106
55	107
55	108
55	110
55	111
55	112
55	114
55	116
55	117
55	118
55	119
55	120
55	121
55	122
55	123
55	124
55	126
55	129
55	131
55	132
55	133
55	134
55	135
55	136
55	138
55	140
55	142
55	143
55	144
55	146
56	3
56	4
56	5
56	6
56	7
56	8
56	9
56	10
56	12
56	14
56	15
56	16
56	17
56	18
56	19
56	20
56	21
56	25
56	26
56	27
56	28
56	30
56	32
56	36
56	39
56	40
56	42
56	43
56	44
56	45
56	47
56	49
56	51
56	53
56	54
56	56
56	57
56	60
56	61
56	62
56	67
56	70
56	72
56	73
56	77
56	81
56	82
56	84
56	85
56	86
56	88
56	89
56	92
56	93
56	94
56	96
56	97
56	98
56	99
56	100
56	101
56	102
56	104
56	111
56	112
56	114
56	116
56	117
56	118
56	119
56	120
56	121
56	124
56	128
56	130
56	131
56	132
56	133
56	135
56	136
56	139
56	141
56	142
56	143
56	145
56	146
57	2
57	3
57	5
57	7
57	10
57	11
57	12
57	13
57	14
57	15
57	16
57	18
57	20
57	22
57	26
57	27
57	28
57	29
57	31
57	33
57	37
57	38
57	39
57	41
57	43
57	44
57	45
57	46
57	50
57	51
57	54
57	56
57	57
57	58
57	59
57	60
57	61
57	62
57	63
57	64
57	66
57	67
57	69
57	72
57	73
57	74
57	76
57	78
57	79
57	80
57	82
57	83
57	85
57	86
57	87
57	88
57	89
57	90
57	91
57	92
57	94
57	96
57	100
57	101
57	102
57	103
57	104
57	106
57	107
57	108
57	109
57	111
57	112
57	113
57	114
57	115
57	118
57	119
57	120
57	122
57	124
57	125
57	126
57	128
57	129
57	130
57	132
57	133
57	135
57	136
57	138
57	140
57	141
57	142
57	144
57	145
57	146
57	147
58	1
58	2
58	7
58	8
58	9
58	10
58	11
58	12
58	14
58	17
58	19
58	20
58	22
58	23
58	24
58	25
58	27
58	29
58	30
58	31
58	32
58	33
58	35
58	36
58	37
58	38
58	39
58	40
58	42
58	44
58	45
58	47
58	48
58	50
58	51
58	52
58	53
58	57
58	58
58	62
58	64
58	68
58	71
58	73
58	76
58	77
58	78
58	79
58	82
58	84
58	85
58	87
58	88
58	89
58	92
58	93
58	94
58	97
58	98
58	99
58	100
58	103
58	105
58	106
58	109
58	110
58	111
58	112
58	113
58	114
58	116
58	117
58	118
58	120
58	121
58	122
58	123
58	124
58	125
58	128
58	131
58	134
58	135
58	136
58	139
58	141
58	142
58	143
58	146
58	147
59	1
59	2
59	3
59	5
59	6
59	8
59	9
59	10
59	11
59	13
59	14
59	15
59	17
59	20
59	22
59	23
59	27
59	30
59	32
59	33
59	34
59	35
59	36
59	37
59	42
59	43
59	44
59	46
59	48
59	49
59	51
59	52
59	53
59	54
59	56
59	58
59	59
59	61
59	64
59	65
59	67
59	68
59	70
59	71
59	73
59	74
59	75
59	76
59	77
59	78
59	82
59	83
59	85
59	86
59	88
59	89
59	95
59	97
59	98
59	101
59	102
59	103
59	104
59	106
59	108
59	109
59	110
59	112
59	113
59	114
59	115
59	116
59	117
59	118
59	121
59	122
59	123
59	124
59	125
59	128
59	130
59	132
59	133
59	136
59	137
59	139
59	142
59	144
59	146
59	147
60	1
60	2
60	4
60	5
60	7
60	9
60	10
60	12
60	13
60	14
60	16
60	17
60	18
60	20
60	21
60	22
60	24
60	25
60	27
60	28
60	30
60	34
60	35
60	36
60	38
60	39
60	40
60	41
60	42
60	43
60	44
60	45
60	47
60	49
60	50
60	52
60	55
60	56
60	57
60	58
60	59
60	60
60	61
60	62
60	63
60	65
60	66
60	67
60	68
60	69
60	70
60	71
60	72
60	73
60	74
60	75
60	79
60	80
60	81
60	82
60	83
60	84
60	85
60	86
60	87
60	89
60	90
60	91
60	97
60	98
60	100
60	101
60	102
60	103
60	104
60	105
60	109
60	110
60	111
60	113
60	116
60	117
60	118
60	120
60	126
60	128
60	130
60	133
60	138
60	139
60	140
60	142
60	143
60	144
60	147
61	1
61	2
61	3
61	4
61	7
61	8
61	9
61	10
61	12
61	13
61	16
61	17
61	19
61	27
61	28
61	29
61	31
61	33
61	35
61	36
61	39
61	40
61	42
61	43
61	45
61	46
61	47
61	48
61	49
61	50
61	51
61	55
61	58
61	59
61	62
61	67
61	68
61	70
61	71
61	72
61	77
61	78
61	79
61	81
61	83
61	84
61	85
61	87
61	88
61	89
61	91
61	96
61	97
61	100
61	102
61	105
61	106
61	107
61	108
61	112
61	114
61	115
61	116
61	117
61	119
61	120
61	121
61	122
61	124
61	125
61	126
61	127
61	128
61	129
61	130
61	133
61	134
61	135
61	138
61	140
61	142
61	143
61	144
61	146
62	1
62	2
62	3
62	4
62	6
62	10
62	11
62	12
62	14
62	16
62	18
62	19
62	21
62	24
62	25
62	27
62	29
62	30
62	31
62	32
62	34
62	36
62	39
62	42
62	43
62	46
62	49
62	50
62	51
62	52
62	53
62	54
62	55
62	56
62	60
62	61
62	63
62	64
62	65
62	66
62	69
62	70
62	71
62	75
62	76
62	77
62	78
62	81
62	83
62	84
62	86
62	88
62	90
62	91
62	92
62	93
62	94
62	95
62	96
62	99
62	100
62	102
62	103
62	106
62	107
62	108
62	111
62	112
62	116
62	117
62	118
62	119
62	120
62	121
62	122
62	123
62	125
62	126
62	127
62	128
62	129
62	131
62	132
62	134
62	135
62	136
62	137
62	142
62	143
62	144
62	146
62	147
63	1
63	2
63	3
63	4
63	6
63	7
63	8
63	11
63	12
63	13
63	15
63	18
63	20
63	21
63	22
63	23
63	25
63	26
63	28
63	29
63	30
63	32
63	33
63	35
63	36
63	37
63	41
63	43
63	44
63	46
63	48
63	49
63	50
63	53
63	54
63	55
63	56
63	59
63	60
63	62
63	63
63	64
63	65
63	66
63	67
63	68
63	70
63	71
63	73
63	74
63	76
63	77
63	79
63	80
63	82
63	83
63	84
63	85
63	86
63	88
63	89
63	90
63	91
63	97
63	98
63	99
63	100
63	102
63	103
63	104
63	105
63	106
63	109
63	111
63	112
63	113
63	114
63	115
63	116
63	118
63	119
63	122
63	126
63	127
63	129
63	130
63	131
63	132
63	133
63	135
63	136
63	137
63	139
63	142
63	143
63	144
63	145
63	146
63	147
64	2
64	4
64	5
64	9
64	10
64	11
64	13
64	14
64	15
64	16
64	17
64	18
64	20
64	21
64	22
64	23
64	24
64	26
64	27
64	29
64	31
64	32
64	33
64	34
64	35
64	36
64	37
64	40
64	42
64	43
64	46
64	48
64	49
64	50
64	51
64	52
64	54
64	55
64	61
64	63
64	64
64	65
64	66
64	67
64	69
64	70
64	71
64	73
64	74
64	77
64	81
64	82
64	83
64	85
64	87
64	89
64	90
64	91
64	92
64	93
64	94
64	95
64	96
64	97
64	98
64	99
64	101
64	104
64	105
64	106
64	108
64	110
64	112
64	114
64	117
64	118
64	119
64	122
64	127
64	128
64	129
64	130
64	131
64	132
64	133
64	134
64	135
64	136
64	137
64	138
64	141
64	142
64	143
64	144
64	147
65	1
65	2
65	4
65	5
65	6
65	7
65	8
65	10
65	11
65	13
65	14
65	16
65	17
65	18
65	19
65	22
65	23
65	24
65	25
65	28
65	29
65	30
65	32
65	33
65	36
65	41
65	42
65	45
65	46
65	47
65	49
65	50
65	51
65	53
65	55
65	56
65	57
65	60
65	61
65	62
65	64
65	65
65	66
65	68
65	70
65	71
65	73
65	75
65	77
65	78
65	79
65	81
65	82
65	83
65	84
65	87
65	88
65	95
65	97
65	98
65	99
65	100
65	101
65	102
65	103
65	104
65	105
65	107
65	108
65	110
65	112
65	115
65	117
65	119
65	120
65	121
65	122
65	125
65	127
65	132
65	133
65	134
65	136
65	137
65	138
65	139
65	141
65	142
65	143
65	144
65	147
66	1
66	3
66	4
66	7
66	8
66	9
66	10
66	11
66	14
66	15
66	16
66	17
66	18
66	19
66	21
66	22
66	25
66	26
66	27
66	29
66	31
66	32
66	34
66	35
66	36
66	37
66	39
66	40
66	41
66	42
66	43
66	47
66	48
66	49
66	52
66	54
66	55
66	56
66	57
66	58
66	59
66	63
66	64
66	66
66	67
66	68
66	69
66	70
66	71
66	72
66	74
66	77
66	79
66	80
66	81
66	82
66	86
66	87
66	88
66	91
66	92
66	94
66	95
66	96
66	99
66	100
66	102
66	104
66	106
66	107
66	108
66	109
66	110
66	113
66	114
66	116
66	117
66	118
66	126
66	127
66	128
66	129
66	130
66	131
66	133
66	135
66	136
66	137
66	138
66	139
66	140
66	141
66	143
66	144
66	145
67	2
67	6
67	7
67	10
67	11
67	12
67	13
67	14
67	16
67	17
67	19
67	23
67	24
67	25
67	26
67	29
67	30
67	31
67	32
67	33
67	34
67	35
67	38
67	39
67	40
67	41
67	42
67	43
67	44
67	45
67	46
67	47
67	48
67	49
67	50
67	51
67	53
67	54
67	55
67	56
67	58
67	59
67	60
67	61
67	64
67	66
67	67
67	68
67	69
67	72
67	74
67	75
67	76
67	77
67	79
67	81
67	82
67	83
67	84
67	86
67	88
67	90
67	91
67	92
67	93
67	94
67	95
67	97
67	98
67	100
67	101
67	103
67	105
67	109
67	110
67	111
67	112
67	116
67	117
67	118
67	119
67	120
67	122
67	123
67	128
67	129
67	130
67	131
67	134
67	136
67	138
67	139
67	140
67	141
67	143
67	144
67	145
67	146
67	147
68	1
68	2
68	4
68	5
68	6
68	8
68	9
68	10
68	12
68	15
68	16
68	17
68	19
68	21
68	22
68	24
68	25
68	27
68	32
68	33
68	34
68	35
68	36
68	37
68	39
68	40
68	41
68	44
68	45
68	46
68	48
68	49
68	51
68	52
68	53
68	54
68	55
68	56
68	57
68	58
68	59
68	60
68	62
68	63
68	64
68	66
68	67
68	68
68	71
68	72
68	74
68	75
68	77
68	78
68	81
68	82
68	85
68	87
68	88
68	89
68	90
68	91
68	94
68	95
68	96
68	97
68	98
68	99
68	100
68	102
68	103
68	104
68	107
68	108
68	110
68	112
68	114
68	115
68	116
68	117
68	119
68	120
68	122
68	123
68	125
68	126
68	128
68	129
68	131
68	132
68	133
68	134
68	135
68	136
68	138
68	140
68	141
68	142
68	143
68	145
68	146
68	147
69	1
69	3
69	4
69	5
69	6
69	7
69	8
69	10
69	12
69	13
69	15
69	18
69	19
69	21
69	23
69	24
69	27
69	29
69	30
69	31
69	32
69	33
69	34
69	35
69	36
69	37
69	38
69	39
69	42
69	43
69	44
69	45
69	49
69	50
69	51
69	52
69	56
69	57
69	58
69	61
69	62
69	63
69	64
69	65
69	66
69	68
69	69
69	72
69	75
69	79
69	81
69	82
69	84
69	85
69	86
69	88
69	89
69	91
69	93
69	94
69	95
69	96
69	97
69	98
69	99
69	100
69	102
69	103
69	104
69	105
69	107
69	108
69	109
69	110
69	116
69	117
69	118
69	119
69	120
69	121
69	122
69	123
69	124
69	126
69	127
69	129
69	131
69	134
69	135
69	139
69	140
69	144
70	1
70	2
70	5
70	6
70	8
70	9
70	10
70	11
70	12
70	15
70	19
70	20
70	23
70	24
70	25
70	26
70	27
70	28
70	29
70	30
70	33
70	35
70	37
70	38
70	39
70	41
70	43
70	53
70	54
70	56
70	57
70	59
70	61
70	63
70	64
70	65
70	67
70	68
70	69
70	70
70	71
70	72
70	73
70	74
70	75
70	78
70	79
70	80
70	82
70	84
70	85
70	86
70	87
70	88
70	90
70	91
70	93
70	94
70	95
70	99
70	100
70	101
70	102
70	103
70	104
70	105
70	106
70	108
70	109
70	110
70	111
70	112
70	113
70	115
70	116
70	117
70	118
70	119
70	120
70	121
70	122
70	123
70	128
70	131
70	132
70	137
70	138
70	139
70	141
70	142
70	143
70	146
71	1
71	2
71	3
71	4
71	5
71	6
71	7
71	8
71	9
71	10
71	11
71	13
71	14
71	15
71	17
71	18
71	19
71	20
71	21
71	22
71	23
71	24
71	25
71	26
71	28
71	30
71	31
71	33
71	36
71	38
71	39
71	41
71	42
71	43
71	45
71	47
71	49
71	50
71	51
71	52
71	53
71	54
71	55
71	56
71	60
71	61
71	63
71	64
71	65
71	66
71	67
71	68
71	69
71	71
71	72
71	74
71	75
71	76
71	78
71	80
71	82
71	83
71	84
71	87
71	88
71	89
71	92
71	93
71	95
71	96
71	97
71	98
71	99
71	100
71	102
71	103
71	104
71	105
71	107
71	108
71	117
71	121
71	122
71	123
71	124
71	125
71	127
71	128
71	132
71	134
71	137
71	139
71	140
71	141
71	143
71	144
71	145
71	146
72	2
72	3
72	4
72	5
72	6
72	9
72	11
72	12
72	13
72	14
72	15
72	20
72	22
72	23
72	24
72	25
72	27
72	28
72	30
72	31
72	32
72	34
72	37
72	39
72	40
72	42
72	43
72	44
72	46
72	47
72	51
72	52
72	53
72	54
72	55
72	56
72	58
72	60
72	61
72	62
72	63
72	66
72	67
72	68
72	72
72	73
72	74
72	75
72	77
72	79
72	80
72	81
72	82
72	83
72	84
72	85
72	86
72	87
72	88
72	89
72	90
72	91
72	92
72	93
72	95
72	96
72	98
72	99
72	100
72	101
72	103
72	107
72	110
72	111
72	112
72	113
72	114
72	115
72	116
72	118
72	119
72	120
72	121
72	123
72	125
72	127
72	128
72	130
72	132
72	134
72	135
72	136
72	139
72	140
72	141
72	143
72	144
72	145
72	146
72	147
73	1
73	2
73	4
73	8
73	9
73	10
73	11
73	12
73	15
73	16
73	19
73	22
73	23
73	28
73	29
73	30
73	32
73	33
73	34
73	35
73	37
73	39
73	41
73	43
73	44
73	45
73	47
73	51
73	52
73	55
73	56
73	59
73	60
73	61
73	62
73	64
73	65
73	67
73	68
73	69
73	72
73	73
73	74
73	76
73	77
73	78
73	79
73	80
73	81
73	82
73	86
73	88
73	89
73	90
73	91
73	94
73	96
73	97
73	99
73	100
73	102
73	108
73	110
73	111
73	112
73	115
73	118
73	120
73	121
73	123
73	124
73	125
73	126
73	127
73	128
73	129
73	130
73	131
73	133
73	134
73	136
73	138
73	139
73	140
73	141
73	142
73	143
73	144
73	145
73	146
73	147
74	2
74	3
74	4
74	5
74	6
74	7
74	8
74	9
74	11
74	12
74	13
74	14
74	16
74	17
74	18
74	19
74	21
74	23
74	24
74	28
74	30
74	32
74	34
74	35
74	39
74	41
74	42
74	43
74	44
74	45
74	47
74	48
74	49
74	50
74	53
74	54
74	56
74	57
74	58
74	59
74	60
74	61
74	63
74	64
74	65
74	66
74	67
74	68
74	70
74	71
74	72
74	73
74	75
74	76
74	77
74	78
74	80
74	81
74	83
74	85
74	86
74	87
74	88
74	89
74	90
74	92
74	93
74	94
74	95
74	96
74	97
74	99
74	101
74	102
74	103
74	104
74	105
74	106
74	108
74	109
74	110
74	111
74	112
74	114
74	116
74	118
74	120
74	122
74	123
74	125
74	126
74	127
74	129
74	130
74	132
74	134
74	135
74	137
74	139
74	141
74	143
74	144
74	145
74	146
74	147
75	1
75	2
75	3
75	4
75	5
75	6
75	8
75	9
75	15
75	16
75	17
75	18
75	19
75	20
75	23
75	26
75	27
75	28
75	30
75	31
75	32
75	33
75	34
75	35
75	36
75	37
75	39
75	41
75	42
75	43
75	45
75	46
75	48
75	51
75	52
75	53
75	54
75	55
75	56
75	57
75	59
75	61
75	62
75	63
75	65
75	66
75	68
75	69
75	70
75	72
75	74
75	75
75	76
75	77
75	78
75	80
75	81
75	82
75	84
75	85
75	87
75	88
75	90
75	92
75	93
75	98
75	99
75	101
75	103
75	109
75	110
75	111
75	112
75	113
75	114
75	115
75	117
75	118
75	120
75	121
75	122
75	123
75	125
75	126
75	127
75	128
75	129
75	130
75	131
75	132
75	133
75	134
75	135
75	136
75	137
75	139
75	142
75	145
75	146
76	1
76	3
76	4
76	8
76	9
76	13
76	19
76	20
76	21
76	22
76	23
76	24
76	25
76	30
76	31
76	34
76	36
76	37
76	38
76	40
76	43
76	45
76	46
76	47
76	50
76	51
76	53
76	54
76	55
76	56
76	58
76	59
76	60
76	63
76	64
76	70
76	71
76	73
76	75
76	77
76	79
76	80
76	81
76	82
76	83
76	84
76	85
76	87
76	88
76	89
76	93
76	95
76	97
76	98
76	99
76	103
76	107
76	109
76	110
76	111
76	112
76	114
76	120
76	121
76	122
76	125
76	126
76	127
76	128
76	129
76	132
76	133
76	135
76	136
76	137
76	138
76	139
76	140
76	142
76	143
76	145
76	147
77	1
77	2
77	3
77	4
77	5
77	7
77	8
77	9
77	12
77	13
77	16
77	17
77	18
77	19
77	23
77	25
77	28
77	30
77	31
77	33
77	36
77	40
77	41
77	43
77	45
77	46
77	47
77	48
77	50
77	53
77	54
77	56
77	59
77	60
77	61
77	62
77	64
77	65
77	66
77	68
77	69
77	70
77	71
77	72
77	73
77	76
77	77
77	81
77	83
77	84
77	85
77	86
77	88
77	90
77	91
77	93
77	94
77	95
77	96
77	97
77	98
77	99
77	100
77	103
77	104
77	107
77	108
77	111
77	112
77	117
77	118
77	120
77	121
77	123
77	124
77	125
77	127
77	128
77	129
77	130
77	131
77	132
77	133
77	135
77	137
77	138
77	139
77	140
77	141
77	143
77	144
77	146
78	1
78	2
78	3
78	4
78	5
78	6
78	7
78	8
78	9
78	10
78	11
78	13
78	17
78	20
78	21
78	22
78	23
78	24
78	25
78	26
78	27
78	28
78	30
78	31
78	32
78	33
78	35
78	36
78	40
78	42
78	45
78	46
78	47
78	49
78	50
78	51
78	53
78	55
78	58
78	62
78	63
78	64
78	66
78	68
78	69
78	70
78	73
78	75
78	76
78	77
78	79
78	80
78	81
78	84
78	85
78	86
78	87
78	88
78	90
78	92
78	93
78	94
78	96
78	97
78	98
78	99
78	100
78	102
78	104
78	109
78	110
78	111
78	113
78	116
78	119
78	120
78	122
78	123
78	124
78	125
78	127
78	128
78	129
78	130
78	131
78	134
78	135
78	136
78	137
78	138
78	139
78	141
78	143
78	145
78	147
79	1
79	3
79	4
79	5
79	8
79	9
79	10
79	12
79	13
79	16
79	17
79	19
79	20
79	21
79	23
79	27
79	28
79	31
79	32
79	33
79	34
79	35
79	38
79	39
79	40
79	41
79	42
79	43
79	46
79	47
79	53
79	54
79	55
79	56
79	59
79	60
79	62
79	63
79	65
79	67
79	68
79	69
79	72
79	74
79	75
79	76
79	77
79	81
79	82
79	87
79	88
79	89
79	90
79	91
79	92
79	93
79	94
79	95
79	96
79	97
79	98
79	105
79	106
79	107
79	110
79	111
79	112
79	113
79	114
79	115
79	117
79	119
79	121
79	122
79	123
79	124
79	126
79	127
79	129
79	132
79	133
79	134
79	135
79	137
79	138
79	139
79	140
79	142
79	146
80	1
80	2
80	4
80	5
80	10
80	11
80	13
80	14
80	17
80	18
80	19
80	20
80	22
80	23
80	24
80	27
80	28
80	32
80	35
80	37
80	38
80	39
80	40
80	42
80	43
80	44
80	47
80	49
80	50
80	51
80	54
80	55
80	56
80	57
80	58
80	59
80	60
80	62
80	63
80	64
80	67
80	68
80	69
80	71
80	73
80	75
80	76
80	82
80	83
80	84
80	85
80	86
80	87
80	88
80	89
80	90
80	92
80	93
80	94
80	96
80	97
80	98
80	99
80	100
80	102
80	103
80	104
80	105
80	107
80	108
80	111
80	113
80	115
80	117
80	118
80	120
80	123
80	124
80	125
80	126
80	128
80	129
80	130
80	131
80	133
80	137
80	138
80	139
80	140
80	141
80	146
80	147
81	1
81	4
81	5
81	6
81	9
81	10
81	12
81	13
81	15
81	16
81	18
81	19
81	20
81	21
81	22
81	23
81	24
81	25
81	26
81	27
81	28
81	29
81	32
81	33
81	34
81	35
81	36
81	37
81	38
81	42
81	43
81	45
81	49
81	50
81	52
81	54
81	56
81	57
81	58
81	59
81	60
81	65
81	66
81	70
81	72
81	73
81	74
81	77
81	78
81	81
81	83
81	84
81	85
81	86
81	87
81	88
81	89
81	91
81	92
81	94
81	98
81	99
81	100
81	101
81	102
81	103
81	104
81	105
81	108
81	110
81	111
81	113
81	115
81	116
81	118
81	120
81	121
81	123
81	130
81	131
81	132
81	134
81	135
81	136
81	137
81	138
81	139
81	140
81	141
81	142
81	143
81	145
81	146
82	4
82	7
82	8
82	9
82	10
82	11
82	12
82	13
82	14
82	17
82	18
82	20
82	22
82	23
82	24
82	26
82	27
82	29
82	30
82	31
82	32
82	33
82	34
82	35
82	36
82	38
82	39
82	42
82	43
82	44
82	48
82	49
82	50
82	51
82	52
82	53
82	54
82	55
82	56
82	57
82	60
82	63
82	66
82	67
82	68
82	69
82	70
82	71
82	72
82	73
82	74
82	78
82	81
82	82
82	84
82	85
82	86
82	87
82	88
82	91
82	92
82	93
82	94
82	95
82	96
82	97
82	98
82	99
82	101
82	102
82	103
82	104
82	105
82	107
82	108
82	110
82	111
82	112
82	113
82	114
82	115
82	116
82	117
82	118
82	120
82	122
82	123
82	125
82	126
82	129
82	130
82	131
82	133
82	135
82	136
82	137
82	138
82	139
82	140
82	144
82	147
83	1
83	3
83	5
83	6
83	7
83	11
83	12
83	13
83	16
83	20
83	21
83	23
83	24
83	26
83	27
83	28
83	29
83	30
83	31
83	32
83	33
83	34
83	36
83	37
83	38
83	40
83	43
83	44
83	45
83	46
83	47
83	51
83	54
83	56
83	59
83	60
83	61
83	62
83	68
83	69
83	70
83	71
83	73
83	74
83	75
83	76
83	78
83	79
83	80
83	81
83	86
83	87
83	88
83	89
83	90
83	91
83	92
83	93
83	94
83	95
83	97
83	99
83	100
83	102
83	103
83	104
83	105
83	106
83	107
83	108
83	109
83	113
83	114
83	115
83	116
83	117
83	118
83	120
83	122
83	123
83	126
83	128
83	130
83	133
83	134
83	135
83	137
83	138
83	140
83	142
83	145
84	2
84	4
84	5
84	6
84	8
84	10
84	11
84	12
84	13
84	15
84	16
84	19
84	20
84	22
84	24
84	25
84	26
84	27
84	28
84	29
84	30
84	31
84	32
84	33
84	34
84	38
84	39
84	41
84	42
84	47
84	48
84	49
84	50
84	51
84	56
84	58
84	59
84	61
84	63
84	64
84	66
84	67
84	69
84	70
84	72
84	74
84	75
84	77
84	78
84	79
84	80
84	81
84	83
84	84
84	85
84	88
84	89
84	91
84	92
84	93
84	95
84	98
84	103
84	104
84	105
84	106
84	107
84	108
84	110
84	111
84	112
84	113
84	117
84	118
84	121
84	122
84	124
84	125
84	126
84	129
84	132
84	134
84	135
84	136
84	137
84	138
84	139
84	140
84	141
84	143
84	144
84	145
84	146
85	1
85	2
85	4
85	6
85	7
85	9
85	10
85	12
85	13
85	14
85	18
85	19
85	20
85	21
85	23
85	24
85	25
85	27
85	28
85	29
85	31
85	32
85	35
85	39
85	40
85	43
85	44
85	47
85	48
85	49
85	51
85	52
85	56
85	57
85	58
85	60
85	61
85	62
85	63
85	67
85	68
85	69
85	70
85	71
85	73
85	74
85	75
85	76
85	77
85	82
85	83
85	84
85	85
85	86
85	87
85	88
85	90
85	91
85	92
85	95
85	96
85	97
85	98
85	99
85	100
85	101
85	102
85	103
85	104
85	105
85	106
85	107
85	109
85	111
85	112
85	113
85	114
85	115
85	116
85	117
85	119
85	121
85	123
85	124
85	125
85	126
85	127
85	129
85	130
85	132
85	133
85	135
85	138
85	139
85	140
85	141
85	142
85	146
85	147
86	4
86	7
86	8
86	10
86	11
86	12
86	15
86	17
86	18
86	20
86	21
86	22
86	23
86	25
86	27
86	28
86	31
86	34
86	35
86	36
86	37
86	38
86	39
86	40
86	41
86	42
86	45
86	47
86	49
86	50
86	52
86	53
86	55
86	56
86	57
86	59
86	61
86	62
86	63
86	64
86	65
86	67
86	68
86	70
86	72
86	73
86	74
86	77
86	78
86	79
86	81
86	82
86	84
86	85
86	88
86	89
86	90
86	91
86	92
86	94
86	95
86	96
86	98
86	100
86	101
86	102
86	103
86	104
86	107
86	108
86	111
86	113
86	117
86	119
86	120
86	121
86	123
86	125
86	126
86	127
86	128
86	129
86	130
86	131
86	133
86	136
86	137
86	138
86	139
86	140
86	141
86	142
86	143
86	144
86	145
86	146
87	1
87	6
87	7
87	9
87	10
87	12
87	14
87	15
87	16
87	17
87	20
87	22
87	23
87	24
87	26
87	27
87	29
87	33
87	35
87	36
87	37
87	38
87	39
87	40
87	42
87	45
87	46
87	47
87	49
87	50
87	51
87	52
87	53
87	54
87	55
87	56
87	57
87	58
87	59
87	61
87	62
87	63
87	64
87	65
87	67
87	70
87	71
87	72
87	73
87	76
87	77
87	81
87	83
87	84
87	86
87	87
87	88
87	89
87	92
87	93
87	94
87	95
87	96
87	97
87	98
87	102
87	103
87	104
87	105
87	107
87	113
87	115
87	118
87	119
87	120
87	122
87	123
87	124
87	126
87	130
87	132
87	133
87	135
87	136
87	137
87	138
87	139
87	140
87	143
87	144
87	147
88	2
88	3
88	7
88	8
88	9
88	10
88	12
88	14
88	16
88	17
88	19
88	20
88	24
88	26
88	27
88	28
88	29
88	30
88	32
88	35
88	36
88	37
88	39
88	40
88	41
88	42
88	43
88	44
88	45
88	46
88	47
88	49
88	53
88	56
88	57
88	58
88	61
88	62
88	64
88	65
88	66
88	67
88	68
88	69
88	70
88	71
88	72
88	76
88	77
88	79
88	80
88	81
88	82
88	84
88	86
88	87
88	90
88	92
88	93
88	94
88	95
88	96
88	100
88	102
88	103
88	104
88	105
88	106
88	107
88	110
88	111
88	112
88	113
88	114
88	115
88	117
88	120
88	121
88	123
88	125
88	126
88	127
88	128
88	129
88	130
88	131
88	132
88	135
88	136
88	137
88	138
88	139
88	140
88	141
88	142
88	145
89	1
89	2
89	3
89	4
89	5
89	6
89	8
89	11
89	12
89	14
89	15
89	16
89	17
89	18
89	19
89	20
89	24
89	25
89	26
89	32
89	35
89	38
89	39
89	41
89	42
89	43
89	46
89	47
89	48
89	49
89	52
89	53
89	54
89	55
89	56
89	58
89	60
89	61
89	63
89	65
89	67
89	68
89	69
89	71
89	72
89	73
89	76
89	78
89	79
89	80
89	81
89	82
89	84
89	85
89	86
89	87
89	88
89	90
89	91
89	92
89	93
89	94
89	95
89	96
89	98
89	100
89	101
89	102
89	103
89	105
89	109
89	111
89	112
89	113
89	115
89	116
89	117
89	118
89	119
89	120
89	123
89	125
89	126
89	130
89	131
89	134
89	135
89	136
89	137
89	138
89	140
89	141
89	144
89	145
89	146
89	147
90	1
90	2
90	4
90	5
90	7
90	8
90	9
90	10
90	12
90	13
90	14
90	15
90	17
90	18
90	19
90	20
90	21
90	22
90	25
90	27
90	30
90	32
90	37
90	39
90	41
90	42
90	43
90	44
90	46
90	47
90	48
90	52
90	54
90	55
90	56
90	57
90	58
90	59
90	64
90	65
90	69
90	70
90	71
90	72
90	75
90	77
90	82
90	83
90	84
90	85
90	87
90	90
90	93
90	98
90	101
90	102
90	103
90	104
90	106
90	107
90	108
90	109
90	111
90	112
90	113
90	116
90	118
90	119
90	120
90	122
90	123
90	125
90	126
90	127
90	129
90	130
90	133
90	135
90	136
90	138
90	139
90	141
90	143
90	144
91	3
91	6
91	7
91	8
91	9
91	10
91	15
91	16
91	17
91	18
91	19
91	23
91	24
91	25
91	27
91	28
91	29
91	31
91	33
91	34
91	35
91	36
91	37
91	38
91	41
91	42
91	44
91	46
91	48
91	50
91	51
91	53
91	54
91	56
91	57
91	59
91	60
91	64
91	67
91	69
91	70
91	72
91	73
91	75
91	77
91	78
91	79
91	80
91	81
91	82
91	84
91	87
91	88
91	89
91	90
91	91
91	92
91	93
91	94
91	95
91	97
91	98
91	99
91	100
91	101
91	102
91	105
91	108
91	111
91	112
91	115
91	116
91	117
91	118
91	119
91	120
91	124
91	125
91	126
91	128
91	129
91	130
91	131
91	133
91	135
91	137
91	139
91	141
91	142
91	143
91	145
91	146
91	147
92	2
92	3
92	4
92	6
92	9
92	14
92	15
92	17
92	20
92	21
92	22
92	23
92	24
92	27
92	28
92	30
92	31
92	32
92	33
92	35
92	36
92	37
92	38
92	39
92	42
92	43
92	45
92	46
92	50
92	51
92	52
92	53
92	54
92	55
92	56
92	58
92	59
92	61
92	62
92	64
92	66
92	67
92	68
92	69
92	71
92	73
92	74
92	75
92	76
92	77
92	79
92	81
92	82
92	85
92	86
92	87
92	88
92	91
92	93
92	95
92	97
92	99
92	100
92	101
92	103
92	104
92	105
92	107
92	108
92	109
92	110
92	111
92	112
92	113
92	114
92	115
92	116
92	117
92	118
92	120
92	121
92	122
92	124
92	126
92	128
92	130
92	131
92	132
92	135
92	138
92	139
92	140
92	141
92	142
92	143
92	144
92	146
92	147
93	2
93	4
93	5
93	6
93	7
93	8
93	12
93	14
93	15
93	18
93	19
93	20
93	23
93	25
93	26
93	27
93	28
93	30
93	31
93	32
93	34
93	36
93	37
93	38
93	39
93	40
93	41
93	42
93	43
93	47
93	48
93	50
93	51
93	52
93	54
93	55
93	56
93	58
93	59
93	60
93	63
93	66
93	67
93	68
93	70
93	71
93	73
93	74
93	76
93	79
93	82
93	88
93	89
93	90
93	92
93	93
93	94
93	97
93	98
93	99
93	102
93	104
93	105
93	106
93	107
93	108
93	110
93	111
93	112
93	113
93	114
93	115
93	116
93	117
93	118
93	120
93	122
93	123
93	124
93	125
93	126
93	127
93	128
93	130
93	132
93	134
93	135
93	136
93	137
93	140
93	141
93	142
93	143
93	144
93	145
93	146
94	2
94	3
94	4
94	6
94	8
94	9
94	11
94	14
94	15
94	17
94	18
94	19
94	20
94	23
94	24
94	27
94	28
94	30
94	32
94	33
94	34
94	36
94	39
94	41
94	42
94	48
94	51
94	52
94	54
94	55
94	56
94	58
94	60
94	62
94	64
94	69
94	70
94	71
94	73
94	74
94	77
94	81
94	82
94	83
94	84
94	89
94	90
94	91
94	92
94	93
94	94
94	95
94	97
94	98
94	100
94	103
94	104
94	105
94	106
94	107
94	108
94	110
94	111
94	112
94	113
94	116
94	117
94	118
94	119
94	120
94	123
94	124
94	125
94	126
94	127
94	128
94	130
94	131
94	132
94	133
94	135
94	136
94	139
94	141
94	142
94	144
94	145
94	146
94	147
95	3
95	6
95	7
95	10
95	11
95	13
95	16
95	19
95	22
95	23
95	24
95	26
95	27
95	28
95	29
95	31
95	36
95	40
95	42
95	43
95	47
95	48
95	50
95	52
95	56
95	57
95	58
95	59
95	60
95	61
95	62
95	63
95	64
95	65
95	66
95	67
95	68
95	69
95	71
95	72
95	75
95	76
95	77
95	79
95	80
95	81
95	82
95	83
95	84
95	86
95	88
95	89
95	90
95	91
95	92
95	93
95	94
95	95
95	97
95	99
95	101
95	102
95	105
95	106
95	108
95	109
95	110
95	111
95	112
95	113
95	114
95	115
95	116
95	118
95	119
95	121
95	122
95	124
95	125
95	126
95	127
95	128
95	129
95	130
95	131
95	132
95	138
95	139
95	140
95	141
95	142
95	143
95	147
96	3
96	8
96	9
96	11
96	12
96	13
96	15
96	16
96	17
96	19
96	21
96	22
96	23
96	24
96	25
96	26
96	27
96	28
96	29
96	30
96	35
96	36
96	37
96	39
96	40
96	41
96	42
96	44
96	45
96	46
96	50
96	51
96	52
96	53
96	54
96	55
96	56
96	58
96	60
96	61
96	62
96	63
96	65
96	66
96	67
96	68
96	69
96	70
96	71
96	72
96	74
96	76
96	77
96	80
96	82
96	83
96	84
96	87
96	88
96	90
96	91
96	92
96	93
96	94
96	96
96	98
96	99
96	100
96	101
96	103
96	104
96	106
96	108
96	109
96	111
96	113
96	115
96	120
96	125
96	126
96	128
96	132
96	134
96	135
96	136
96	138
96	139
96	142
96	143
96	144
96	145
96	146
97	1
97	2
97	5
97	6
97	8
97	9
97	14
97	16
97	17
97	18
97	19
97	22
97	23
97	25
97	26
97	27
97	29
97	30
97	32
97	33
97	34
97	37
97	38
97	39
97	40
97	41
97	42
97	44
97	45
97	47
97	49
97	51
97	52
97	54
97	55
97	59
97	61
97	63
97	64
97	65
97	66
97	68
97	74
97	75
97	78
97	80
97	81
97	82
97	86
97	87
97	89
97	90
97	91
97	96
97	97
97	99
97	100
97	104
97	106
97	107
97	108
97	109
97	111
97	112
97	113
97	114
97	115
97	116
97	118
97	119
97	124
97	125
97	126
97	128
97	131
97	133
97	135
97	137
97	138
97	139
97	141
97	142
97	143
97	146
98	2
98	3
98	5
98	6
98	7
98	8
98	9
98	10
98	13
98	14
98	16
98	17
98	18
98	20
98	23
98	25
98	26
98	27
98	29
98	30
98	31
98	32
98	33
98	34
98	37
98	38
98	39
98	40
98	41
98	43
98	45
98	46
98	47
98	49
98	50
98	51
98	55
98	56
98	57
98	58
98	59
98	60
98	61
98	63
98	65
98	66
98	67
98	68
98	69
98	70
98	71
98	72
98	73
98	74
98	76
98	78
98	80
98	81
98	82
98	84
98	86
98	88
98	93
98	94
98	95
98	96
98	100
98	101
98	103
98	104
98	105
98	106
98	107
98	109
98	111
98	112
98	113
98	114
98	115
98	118
98	120
98	124
98	125
98	126
98	127
98	129
98	130
98	131
98	133
98	135
98	136
98	140
98	144
98	147
99	4
99	5
99	6
99	7
99	8
99	9
99	10
99	11
99	13
99	15
99	16
99	17
99	21
99	22
99	23
99	24
99	25
99	26
99	27
99	31
99	32
99	33
99	34
99	35
99	37
99	38
99	41
99	43
99	44
99	46
99	47
99	49
99	50
99	56
99	58
99	60
99	61
99	62
99	63
99	65
99	66
99	67
99	68
99	69
99	70
99	73
99	74
99	77
99	78
99	80
99	82
99	84
99	86
99	87
99	88
99	89
99	90
99	92
99	93
99	96
99	97
99	99
99	100
99	101
99	102
99	104
99	105
99	106
99	107
99	108
99	109
99	110
99	111
99	112
99	114
99	115
99	118
99	121
99	122
99	127
99	128
99	129
99	130
99	131
99	132
99	133
99	135
99	136
99	137
99	139
99	140
99	141
99	142
99	143
99	144
99	145
99	147
100	1
100	2
100	3
100	4
100	5
100	6
100	7
100	9
100	10
100	11
100	12
100	13
100	14
100	15
100	16
100	20
100	21
100	22
100	25
100	26
100	27
100	28
100	29
100	30
100	34
100	37
100	38
100	39
100	40
100	41
100	42
100	43
100	45
100	46
100	47
100	50
100	51
100	54
100	55
100	56
100	57
100	61
100	62
100	64
100	65
100	66
100	68
100	73
100	74
100	75
100	76
100	77
100	78
100	79
100	81
100	82
100	84
100	85
100	87
100	94
100	95
100	97
100	98
100	100
100	102
100	104
100	107
100	109
100	110
100	111
100	112
100	113
100	116
100	117
100	118
100	120
100	121
100	123
100	127
100	128
100	131
100	133
100	134
100	136
100	138
100	139
100	140
100	143
100	145
100	147
101	2
101	3
101	4
101	5
101	6
101	8
101	9
101	11
101	12
101	15
101	16
101	19
101	22
101	23
101	25
101	27
101	28
101	30
101	31
101	32
101	33
101	34
101	35
101	36
101	38
101	39
101	41
101	43
101	46
101	48
101	50
101	54
101	56
101	59
101	60
101	63
101	66
101	67
101	68
101	69
101	70
101	72
101	73
101	74
101	75
101	76
101	80
101	81
101	83
101	85
101	86
101	87
101	88
101	90
101	91
101	92
101	93
101	94
101	95
101	96
101	98
101	100
101	101
101	103
101	104
101	105
101	106
101	109
101	110
101	111
101	114
101	115
101	119
101	120
101	122
101	130
101	131
101	132
101	134
101	136
101	138
101	139
101	140
101	141
101	142
101	144
101	145
101	146
102	1
102	2
102	3
102	4
102	5
102	6
102	9
102	10
102	11
102	12
102	14
102	16
102	19
102	20
102	22
102	25
102	26
102	28
102	29
102	30
102	31
102	32
102	33
102	34
102	35
102	37
102	38
102	39
102	40
102	41
102	42
102	43
102	44
102	45
102	46
102	47
102	49
102	50
102	51
102	52
102	53
102	54
102	55
102	56
102	60
102	61
102	63
102	66
102	67
102	68
102	69
102	70
102	71
102	72
102	73
102	77
102	78
102	79
102	80
102	81
102	84
102	86
102	87
102	91
102	93
102	95
102	96
102	100
102	102
102	104
102	106
102	108
102	109
102	110
102	112
102	113
102	114
102	117
102	118
102	122
102	123
102	124
102	125
102	127
102	129
102	130
102	131
102	132
102	133
102	135
102	137
102	138
102	139
102	141
102	142
102	146
103	1
103	5
103	7
103	8
103	9
103	10
103	11
103	13
103	14
103	16
103	18
103	20
103	21
103	24
103	26
103	29
103	30
103	33
103	34
103	38
103	39
103	40
103	42
103	44
103	45
103	48
103	49
103	52
103	54
103	55
103	56
103	57
103	60
103	62
103	64
103	67
103	69
103	70
103	72
103	73
103	75
103	76
103	77
103	78
103	79
103	80
103	82
103	83
103	85
103	87
103	88
103	90
103	91
103	92
103	94
103	95
103	96
103	97
103	99
103	100
103	101
103	102
103	103
103	104
103	105
103	106
103	108
103	109
103	113
103	114
103	116
103	120
103	121
103	122
103	123
103	125
103	126
103	127
103	129
103	130
103	131
103	132
103	134
103	139
103	140
103	141
103	143
103	144
103	145
103	146
103	147
104	4
104	5
104	6
104	7
104	8
104	9
104	11
104	16
104	18
104	21
104	24
104	25
104	26
104	27
104	30
104	31
104	32
104	34
104	35
104	36
104	37
104	38
104	40
104	43
104	44
104	45
104	46
104	47
104	48
104	49
104	51
104	54
104	55
104	56
104	59
104	62
104	65
104	66
104	67
104	68
104	69
104	71
104	73
104	74
104	75
104	78
104	79
104	80
104	81
104	82
104	83
104	85
104	86
104	87
104	88
104	89
104	91
104	94
104	95
104	97
104	99
104	100
104	101
104	103
104	106
104	107
104	108
104	110
104	112
104	115
104	116
104	117
104	118
104	120
104	121
104	122
104	123
104	124
104	126
104	127
104	128
104	129
104	130
104	131
104	133
104	138
104	139
104	140
104	141
104	144
104	146
105	4
105	5
105	6
105	9
105	10
105	11
105	13
105	16
105	17
105	18
105	19
105	20
105	21
105	22
105	25
105	26
105	27
105	28
105	30
105	31
105	32
105	33
105	34
105	35
105	36
105	37
105	38
105	39
105	40
105	41
105	43
105	45
105	46
105	47
105	48
105	49
105	50
105	52
105	53
105	55
105	56
105	59
105	61
105	62
105	63
105	65
105	67
105	69
105	71
105	72
105	73
105	74
105	76
105	77
105	79
105	80
105	81
105	84
105	85
105	86
105	88
105	89
105	90
105	92
105	99
105	101
105	102
105	103
105	104
105	105
105	106
105	107
105	108
105	109
105	111
105	113
105	114
105	115
105	116
105	117
105	118
105	119
105	123
105	124
105	126
105	127
105	128
105	129
105	130
105	131
105	132
105	133
105	134
105	135
105	136
105	137
105	140
105	143
105	144
105	145
105	146
106	1
106	5
106	6
106	7
106	9
106	11
106	12
106	14
106	18
106	21
106	23
106	24
106	25
106	26
106	27
106	29
106	30
106	31
106	32
106	34
106	35
106	36
106	37
106	38
106	39
106	40
106	41
106	42
106	43
106	44
106	45
106	47
106	49
106	50
106	51
106	52
106	53
106	54
106	55
106	56
106	57
106	62
106	65
106	66
106	67
106	68
106	71
106	74
106	75
106	76
106	78
106	80
106	81
106	82
106	83
106	84
106	85
106	86
106	87
106	88
106	89
106	90
106	91
106	92
106	93
106	94
106	95
106	96
106	97
106	98
106	99
106	100
106	102
106	103
106	104
106	106
106	108
106	109
106	110
106	112
106	116
106	117
106	118
106	120
106	125
106	126
106	127
106	128
106	129
106	130
106	131
106	133
106	136
106	138
106	141
106	142
106	145
106	146
107	1
107	2
107	4
107	5
107	6
107	7
107	8
107	9
107	11
107	12
107	13
107	15
107	16
107	17
107	19
107	20
107	21
107	22
107	23
107	24
107	29
107	31
107	32
107	33
107	34
107	37
107	38
107	39
107	40
107	41
107	42
107	43
107	44
107	45
107	46
107	47
107	48
107	50
107	52
107	53
107	54
107	57
107	60
107	63
107	65
107	68
107	71
107	73
107	74
107	75
107	76
107	77
107	80
107	81
107	85
107	86
107	88
107	91
107	92
107	93
107	94
107	95
107	96
107	99
107	100
107	101
107	105
107	106
107	107
107	108
107	110
107	111
107	112
107	113
107	115
107	123
107	124
107	128
107	131
107	132
107	133
107	134
107	135
107	137
107	138
107	139
107	140
107	141
107	142
107	143
107	146
107	147
108	1
108	3
108	5
108	6
108	7
108	8
108	12
108	15
108	17
108	18
108	19
108	20
108	21
108	25
108	27
108	29
108	31
108	34
108	35
108	36
108	37
108	38
108	40
108	41
108	42
108	43
108	44
108	45
108	46
108	49
108	50
108	54
108	55
108	58
108	59
108	60
108	62
108	63
108	65
108	68
108	70
108	72
108	74
108	75
108	76
108	78
108	80
108	82
108	85
108	86
108	88
108	90
108	91
108	92
108	94
108	95
108	96
108	98
108	99
108	100
108	101
108	102
108	104
108	105
108	106
108	107
108	108
108	110
108	111
108	114
108	115
108	116
108	119
108	121
108	123
108	124
108	125
108	126
108	127
108	129
108	130
108	131
108	132
108	134
108	136
108	137
108	138
108	139
108	140
108	141
108	142
108	145
108	146
109	2
109	4
109	8
109	9
109	10
109	12
109	20
109	21
109	22
109	23
109	24
109	25
109	26
109	28
109	29
109	30
109	33
109	35
109	38
109	39
109	40
109	42
109	43
109	45
109	46
109	49
109	51
109	52
109	56
109	57
109	59
109	60
109	61
109	62
109	64
109	66
109	67
109	69
109	70
109	73
109	74
109	77
109	78
109	79
109	80
109	81
109	82
109	84
109	86
109	87
109	88
109	90
109	96
109	97
109	100
109	102
109	103
109	104
109	105
109	108
109	109
109	110
109	112
109	113
109	114
109	116
109	117
109	118
109	119
109	120
109	121
109	122
109	123
109	124
109	125
109	126
109	127
109	128
109	130
109	132
109	133
109	134
109	136
109	137
109	138
109	140
109	141
109	143
109	144
109	145
109	146
110	1
110	2
110	4
110	5
110	10
110	11
110	14
110	15
110	16
110	19
110	20
110	22
110	23
110	24
110	29
110	31
110	32
110	33
110	35
110	36
110	37
110	38
110	39
110	40
110	41
110	42
110	43
110	44
110	46
110	47
110	48
110	50
110	51
110	52
110	54
110	55
110	57
110	59
110	61
110	62
110	64
110	65
110	67
110	68
110	69
110	70
110	71
110	76
110	77
110	78
110	79
110	83
110	85
110	87
110	88
110	90
110	91
110	93
110	94
110	96
110	97
110	99
110	100
110	101
110	103
110	105
110	106
110	109
110	110
110	111
110	113
110	114
110	115
110	116
110	117
110	118
110	119
110	120
110	121
110	122
110	123
110	125
110	126
110	127
110	128
110	129
110	130
110	132
110	133
110	134
110	137
110	138
110	139
110	143
110	144
110	145
110	146
110	147
111	1
111	3
111	4
111	5
111	7
111	8
111	9
111	10
111	11
111	12
111	15
111	17
111	18
111	19
111	24
111	26
111	30
111	31
111	32
111	33
111	34
111	36
111	37
111	39
111	40
111	44
111	45
111	47
111	49
111	52
111	53
111	55
111	56
111	57
111	58
111	60
111	63
111	65
111	68
111	69
111	70
111	72
111	73
111	75
111	76
111	78
111	79
111	80
111	82
111	83
111	85
111	87
111	88
111	90
111	92
111	93
111	94
111	95
111	99
111	100
111	101
111	103
111	104
111	105
111	106
111	107
111	109
111	111
111	113
111	114
111	116
111	117
111	118
111	119
111	120
111	121
111	122
111	123
111	124
111	126
111	127
111	128
111	129
111	130
111	131
111	132
111	133
111	134
111	136
111	139
111	141
111	142
111	143
111	144
111	145
111	146
111	147
112	1
112	2
112	3
112	4
112	5
112	7
112	9
112	14
112	15
112	21
112	22
112	24
112	26
112	27
112	28
112	29
112	30
112	32
112	33
112	34
112	36
112	37
112	40
112	42
112	43
112	44
112	45
112	46
112	48
112	49
112	50
112	51
112	52
112	53
112	54
112	55
112	57
112	61
112	62
112	66
112	68
112	70
112	71
112	78
112	79
112	81
112	82
112	83
112	85
112	86
112	87
112	88
112	90
112	91
112	92
112	93
112	94
112	95
112	96
112	97
112	98
112	99
112	100
112	101
112	103
112	105
112	106
112	109
112	110
112	112
112	115
112	117
112	119
112	120
112	122
112	123
112	124
112	125
112	126
112	127
112	128
112	130
112	133
112	135
112	136
112	137
112	138
112	139
112	141
112	142
112	143
112	145
112	146
112	147
113	1
113	2
113	3
113	4
113	5
113	7
113	8
113	9
113	11
113	12
113	13
113	15
113	16
113	17
113	18
113	20
113	22
113	26
113	27
113	28
113	29
113	31
113	33
113	34
113	35
113	36
113	37
113	40
113	42
113	43
113	44
113	46
113	47
113	49
113	50
113	51
113	52
113	54
113	56
113	57
113	61
113	62
113	63
113	64
113	65
113	66
113	67
113	68
113	69
113	70
113	71
113	73
113	75
113	76
113	77
113	79
113	80
113	81
113	82
113	86
113	87
113	88
113	89
113	90
113	91
113	92
113	93
113	94
113	95
113	96
113	97
113	98
113	99
113	100
113	101
113	102
113	104
113	105
113	106
113	108
113	110
113	111
113	112
113	114
113	116
113	117
113	118
113	120
113	122
113	123
113	124
113	125
113	126
113	127
113	129
113	130
113	132
113	133
113	134
113	136
113	138
113	141
113	142
113	143
113	144
113	145
113	146
113	147
114	1
114	2
114	3
114	4
114	5
114	7
114	9
114	12
114	14
114	17
114	18
114	19
114	20
114	21
114	28
114	32
114	33
114	34
114	35
114	36
114	40
114	42
114	43
114	44
114	47
114	49
114	50
114	52
114	53
114	55
114	58
114	59
114	61
114	67
114	71
114	73
114	75
114	76
114	77
114	79
114	80
114	83
114	84
114	87
114	88
114	90
114	93
114	94
114	95
114	96
114	98
114	99
114	102
114	103
114	104
114	105
114	106
114	107
114	108
114	109
114	111
114	117
114	118
114	120
114	122
114	123
114	124
114	125
114	130
114	131
114	133
114	135
114	136
114	137
114	139
114	140
114	141
114	142
114	143
114	144
114	145
114	146
114	147
115	1
115	3
115	7
115	8
115	9
115	10
115	11
115	12
115	13
115	14
115	15
115	16
115	17
115	18
115	19
115	21
115	22
115	23
115	26
115	27
115	29
115	30
115	31
115	32
115	34
115	36
115	37
115	40
115	43
115	44
115	45
115	46
115	48
115	51
115	52
115	53
115	54
115	55
115	56
115	58
115	59
115	60
115	65
115	66
115	68
115	69
115	71
115	72
115	73
115	74
115	76
115	77
115	78
115	80
115	81
115	83
115	84
115	85
115	87
115	88
115	89
115	91
115	92
115	93
115	94
115	96
115	98
115	99
115	101
115	104
115	105
115	106
115	107
115	108
115	111
115	112
115	113
115	115
115	116
115	119
115	122
115	123
115	125
115	126
115	127
115	129
115	131
115	132
115	133
115	134
115	135
115	136
115	137
115	138
115	142
115	144
115	145
115	146
116	1
116	2
116	3
116	5
116	7
116	8
116	9
116	10
116	11
116	12
116	13
116	14
116	15
116	16
116	17
116	19
116	21
116	22
116	24
116	25
116	29
116	30
116	31
116	32
116	34
116	35
116	36
116	37
116	39
116	40
116	42
116	43
116	45
116	46
116	48
116	49
116	50
116	51
116	52
116	53
116	54
116	55
116	57
116	58
116	59
116	60
116	61
116	62
116	64
116	65
116	68
116	69
116	71
116	72
116	74
116	75
116	76
116	77
116	78
116	79
116	80
116	81
116	82
116	83
116	85
116	87
116	88
116	90
116	91
116	93
116	94
116	95
116	99
116	101
116	102
116	104
116	105
116	106
116	107
116	108
116	110
116	111
116	113
116	115
116	116
116	118
116	119
116	120
116	121
116	125
116	126
116	127
116	130
116	131
116	132
116	133
116	134
116	137
116	138
116	139
116	140
116	141
116	142
116	143
116	146
117	1
117	4
117	5
117	7
117	8
117	9
117	10
117	12
117	13
117	15
117	16
117	18
117	19
117	20
117	21
117	23
117	24
117	25
117	27
117	31
117	32
117	33
117	34
117	35
117	36
117	37
117	38
117	39
117	40
117	41
117	42
117	43
117	44
117	45
117	46
117	47
117	48
117	49
117	50
117	51
117	52
117	55
117	56
117	57
117	59
117	62
117	63
117	64
117	66
117	67
117	68
117	69
117	70
117	72
117	76
117	77
117	78
117	79
117	80
117	81
117	83
117	84
117	85
117	86
117	87
117	88
117	89
117	91
117	92
117	93
117	94
117	95
117	96
117	97
117	98
117	101
117	103
117	105
117	107
117	110
117	112
117	113
117	115
117	120
117	122
117	123
117	124
117	127
117	128
117	130
117	134
117	138
117	142
117	143
117	144
117	145
117	146
118	1
118	2
118	3
118	4
118	5
118	6
118	7
118	8
118	10
118	15
118	18
118	21
118	25
118	26
118	28
118	31
118	32
118	33
118	34
118	35
118	37
118	39
118	40
118	44
118	45
118	47
118	49
118	53
118	54
118	57
118	58
118	60
118	61
118	63
118	64
118	65
118	66
118	72
118	73
118	74
118	75
118	76
118	77
118	79
118	80
118	81
118	82
118	84
118	86
118	88
118	89
118	90
118	91
118	92
118	93
118	94
118	95
118	96
118	97
118	98
118	99
118	100
118	101
118	102
118	103
118	104
118	106
118	107
118	109
118	113
118	114
118	116
118	117
118	118
118	119
118	121
118	125
118	130
118	132
118	133
118	134
118	136
118	137
118	138
118	139
118	140
118	142
118	144
118	146
119	2
119	3
119	4
119	6
119	8
119	11
119	12
119	15
119	16
119	18
119	21
119	22
119	24
119	25
119	26
119	27
119	28
119	29
119	30
119	32
119	33
119	35
119	36
119	37
119	38
119	41
119	43
119	46
119	48
119	49
119	50
119	51
119	53
119	54
119	55
119	56
119	57
119	58
119	59
119	60
119	64
119	65
119	66
119	67
119	68
119	70
119	71
119	72
119	73
119	74
119	75
119	78
119	80
119	81
119	82
119	83
119	84
119	85
119	87
119	88
119	90
119	91
119	92
119	94
119	97
119	100
119	103
119	104
119	105
119	106
119	107
119	108
119	110
119	111
119	112
119	114
119	119
119	120
119	122
119	123
119	124
119	126
119	128
119	132
119	133
119	136
119	137
119	138
119	140
119	141
119	143
119	144
119	145
119	146
119	147
120	3
120	5
120	6
120	9
120	10
120	11
120	12
120	13
120	14
120	17
120	20
120	21
120	23
120	25
120	26
120	27
120	28
120	30
120	31
120	32
120	33
120	34
120	36
120	37
120	38
120	39
120	42
120	44
120	45
120	46
120	47
120	49
120	50
120	51
120	52
120	53
120	57
120	60
120	61
120	62
120	63
120	64
120	66
120	67
120	68
120	70
120	71
120	73
120	74
120	75
120	76
120	77
120	79
120	80
120	85
120	86
120	87
120	88
120	89
120	92
120	94
120	96
120	97
120	100
120	101
120	103
120	106
120	107
120	108
120	111
120	112
120	114
120	116
120	119
120	122
120	123
120	124
120	127
120	129
120	130
120	132
120	133
120	135
120	136
120	137
120	138
120	139
120	141
120	143
120	144
120	145
121	1
121	4
121	5
121	8
121	10
121	12
121	13
121	14
121	16
121	20
121	21
121	22
121	24
121	26
121	27
121	28
121	31
121	32
121	36
121	39
121	42
121	44
121	45
121	47
121	48
121	50
121	52
121	53
121	57
121	59
121	60
121	62
121	63
121	65
121	66
121	67
121	69
121	72
121	73
121	75
121	78
121	80
121	81
121	83
121	84
121	85
121	86
121	87
121	89
121	90
121	91
121	93
121	94
121	95
121	96
121	97
121	98
121	100
121	101
121	103
121	106
121	107
121	111
121	113
121	114
121	115
121	116
121	117
121	119
121	121
121	123
121	124
121	126
121	127
121	128
121	130
121	132
121	133
121	134
121	135
121	137
121	138
121	140
121	141
121	142
121	143
121	144
121	145
121	146
121	147
122	1
122	2
122	3
122	4
122	5
122	6
122	7
122	9
122	12
122	13
122	14
122	15
122	16
122	17
122	18
122	20
122	22
122	24
122	25
122	26
122	28
122	29
122	30
122	31
122	35
122	37
122	38
122	39
122	40
122	41
122	42
122	43
122	46
122	47
122	48
122	49
122	50
122	52
122	53
122	54
122	55
122	56
122	57
122	59
122	60
122	61
122	62
122	65
122	66
122	67
122	71
122	72
122	76
122	82
122	83
122	85
122	86
122	88
122	89
122	90
122	92
122	93
122	95
122	96
122	98
122	99
122	100
122	102
122	103
122	104
122	106
122	108
122	110
122	113
122	115
122	116
122	117
122	118
122	119
122	121
122	122
122	123
122	124
122	125
122	127
122	133
122	134
122	136
122	138
122	139
122	140
122	147
123	1
123	2
123	3
123	4
123	7
123	10
123	11
123	13
123	15
123	17
123	19
123	20
123	21
123	22
123	24
123	25
123	26
123	27
123	28
123	29
123	30
123	31
123	32
123	33
123	34
123	35
123	37
123	38
123	39
123	40
123	42
123	43
123	45
123	47
123	48
123	50
123	52
123	56
123	59
123	60
123	62
123	63
123	64
123	65
123	66
123	69
123	70
123	71
123	72
123	73
123	74
123	75
123	76
123	77
123	78
123	79
123	82
123	83
123	84
123	88
123	91
123	92
123	93
123	94
123	95
123	100
123	101
123	102
123	103
123	104
123	105
123	107
123	111
123	112
123	114
123	122
123	123
123	125
123	126
123	127
123	128
123	129
123	133
123	134
123	135
123	138
123	140
123	141
123	142
123	143
123	144
123	145
124	3
124	7
124	8
124	9
124	10
124	11
124	12
124	13
124	17
124	18
124	19
124	21
124	23
124	24
124	25
124	27
124	29
124	30
124	31
124	33
124	38
124	39
124	40
124	41
124	42
124	43
124	44
124	46
124	48
124	50
124	51
124	52
124	53
124	54
124	56
124	58
124	60
124	61
124	62
124	63
124	64
124	65
124	67
124	68
124	70
124	73
124	76
124	77
124	79
124	83
124	84
124	86
124	88
124	89
124	92
124	93
124	94
124	95
124	96
124	99
124	101
124	103
124	104
124	105
124	106
124	108
124	111
124	113
124	114
124	115
124	116
124	119
124	120
124	121
124	122
124	123
124	124
124	125
124	126
124	130
124	132
124	135
124	136
124	137
124	139
124	140
124	141
124	143
124	144
124	145
124	147
125	1
125	2
125	3
125	5
125	6
125	8
125	9
125	10
125	11
125	12
125	14
125	15
125	16
125	20
125	22
125	23
125	24
125	25
125	33
125	34
125	35
125	37
125	38
125	39
125	40
125	41
125	42
125	44
125	45
125	46
125	47
125	48
125	49
125	50
125	51
125	52
125	54
125	55
125	56
125	58
125	60
125	61
125	62
125	64
125	65
125	66
125	69
125	70
125	71
125	72
125	73
125	74
125	76
125	77
125	78
125	79
125	81
125	82
125	84
125	85
125	87
125	88
125	89
125	90
125	91
125	92
125	93
125	94
125	95
125	96
125	97
125	98
125	99
125	104
125	105
125	106
125	107
125	111
125	112
125	113
125	114
125	116
125	117
125	118
125	120
125	123
125	124
125	128
125	129
125	130
125	131
125	132
125	134
125	135
125	138
125	139
125	140
125	141
125	145
125	146
126	3
126	8
126	9
126	10
126	14
126	18
126	20
126	23
126	24
126	26
126	27
126	28
126	29
126	30
126	32
126	33
126	34
126	35
126	37
126	38
126	40
126	42
126	43
126	44
126	45
126	46
126	47
126	48
126	51
126	52
126	54
126	55
126	56
126	57
126	59
126	60
126	61
126	62
126	63
126	64
126	70
126	71
126	72
126	73
126	74
126	75
126	77
126	82
126	83
126	84
126	88
126	89
126	91
126	94
126	95
126	96
126	97
126	98
126	99
126	100
126	104
126	108
126	110
126	112
126	113
126	114
126	115
126	117
126	118
126	119
126	120
126	121
126	123
126	124
126	126
126	128
126	130
126	131
126	132
126	133
126	134
126	136
126	138
126	141
126	143
126	144
126	146
127	2
127	5
127	6
127	7
127	8
127	9
127	12
127	13
127	14
127	15
127	16
127	19
127	22
127	23
127	24
127	28
127	29
127	30
127	31
127	34
127	35
127	36
127	37
127	40
127	42
127	43
127	44
127	45
127	46
127	49
127	51
127	53
127	54
127	55
127	60
127	61
127	62
127	67
127	68
127	69
127	71
127	72
127	73
127	74
127	76
127	78
127	80
127	81
127	82
127	85
127	87
127	88
127	89
127	90
127	91
127	93
127	94
127	96
127	98
127	99
127	100
127	102
127	105
127	106
127	109
127	110
127	112
127	113
127	114
127	116
127	117
127	119
127	120
127	122
127	123
127	132
127	133
127	134
127	135
127	136
127	137
127	138
127	142
127	143
127	145
127	146
128	1
128	2
128	4
128	6
128	7
128	8
128	9
128	10
128	11
128	12
128	13
128	17
128	18
128	19
128	23
128	24
128	27
128	28
128	29
128	30
128	32
128	34
128	35
128	37
128	38
128	40
128	43
128	44
128	45
128	46
128	47
128	48
128	49
128	51
128	52
128	54
128	57
128	59
128	60
128	61
128	62
128	63
128	64
128	65
128	66
128	68
128	70
128	71
128	72
128	73
128	76
128	77
128	80
128	81
128	91
128	92
128	93
128	95
128	96
128	97
128	99
128	100
128	101
128	103
128	104
128	105
128	106
128	107
128	109
128	110
128	111
128	112
128	113
128	115
128	117
128	118
128	120
128	121
128	123
128	124
128	125
128	127
128	128
128	130
128	131
128	135
128	136
128	138
128	139
128	141
128	142
128	144
128	146
128	147
129	2
129	4
129	5
129	7
129	8
129	10
129	12
129	14
129	15
129	16
129	18
129	19
129	23
129	24
129	25
129	26
129	27
129	29
129	31
129	32
129	33
129	34
129	36
129	37
129	38
129	39
129	41
129	43
129	44
129	47
129	48
129	49
129	50
129	51
129	52
129	53
129	54
129	55
129	57
129	58
129	59
129	60
129	61
129	62
129	64
129	65
129	66
129	67
129	68
129	70
129	71
129	72
129	75
129	77
129	79
129	81
129	82
129	84
129	85
129	86
129	87
129	89
129	90
129	91
129	93
129	94
129	95
129	96
129	99
129	102
129	103
129	104
129	105
129	108
129	109
129	110
129	113
129	114
129	116
129	117
129	119
129	120
129	121
129	122
129	123
129	124
129	125
129	126
129	129
129	130
129	131
129	135
129	136
129	137
129	138
129	142
129	143
129	145
129	146
130	2
130	3
130	4
130	6
130	8
130	9
130	10
130	11
130	12
130	13
130	14
130	15
130	16
130	20
130	22
130	25
130	26
130	27
130	28
130	29
130	30
130	31
130	32
130	34
130	35
130	36
130	37
130	39
130	41
130	42
130	44
130	45
130	46
130	47
130	48
130	51
130	52
130	53
130	55
130	56
130	57
130	58
130	60
130	61
130	62
130	63
130	67
130	68
130	69
130	71
130	72
130	75
130	76
130	77
130	78
130	79
130	80
130	81
130	83
130	84
130	85
130	86
130	90
130	94
130	98
130	100
130	102
130	103
130	104
130	105
130	106
130	108
130	109
130	110
130	111
130	113
130	114
130	116
130	117
130	118
130	119
130	120
130	122
130	123
130	124
130	127
130	128
130	130
130	132
130	133
130	134
130	136
130	139
130	140
130	141
130	146
130	147
131	1
131	3
131	5
131	6
131	10
131	13
131	14
131	15
131	16
131	17
131	18
131	19
131	20
131	21
131	24
131	25
131	26
131	28
131	29
131	30
131	31
131	32
131	33
131	34
131	35
131	36
131	37
131	38
131	39
131	41
131	43
131	44
131	45
131	47
131	50
131	51
131	52
131	55
131	56
131	57
131	60
131	61
131	62
131	63
131	64
131	69
131	72
131	74
131	75
131	77
131	78
131	79
131	80
131	82
131	83
131	88
131	90
131	91
131	93
131	94
131	95
131	98
131	100
131	104
131	105
131	107
131	110
131	112
131	113
131	114
131	115
131	116
131	118
131	120
131	122
131	123
131	124
131	125
131	126
131	128
131	130
131	132
131	134
131	135
131	136
131	137
131	139
131	140
131	141
131	142
131	143
132	1
132	2
132	3
132	5
132	7
132	9
132	10
132	12
132	13
132	14
132	15
132	16
132	17
132	18
132	20
132	22
132	23
132	29
132	30
132	35
132	36
132	37
132	38
132	40
132	41
132	42
132	43
132	45
132	46
132	47
132	48
132	49
132	50
132	51
132	52
132	53
132	57
132	58
132	60
132	62
132	63
132	64
132	65
132	66
132	67
132	70
132	71
132	73
132	74
132	76
132	77
132	78
132	79
132	84
132	86
132	87
132	88
132	91
132	92
132	95
132	96
132	98
132	99
132	100
132	101
132	102
132	103
132	104
132	106
132	107
132	110
132	112
132	114
132	115
132	116
132	118
132	119
132	120
132	123
132	124
132	126
132	127
132	128
132	129
132	130
132	131
132	132
132	134
132	135
132	137
132	138
132	139
132	140
132	141
132	142
132	143
132	144
132	145
132	146
133	3
133	6
133	7
133	8
133	13
133	15
133	18
133	19
133	21
133	22
133	24
133	25
133	26
133	27
133	28
133	29
133	30
133	31
133	35
133	36
133	38
133	39
133	40
133	41
133	42
133	43
133	46
133	47
133	48
133	49
133	54
133	55
133	57
133	58
133	59
133	60
133	61
133	64
133	65
133	66
133	67
133	68
133	69
133	72
133	73
133	74
133	75
133	76
133	77
133	78
133	79
133	80
133	82
133	83
133	85
133	86
133	88
133	89
133	92
133	93
133	94
133	95
133	96
133	102
133	103
133	104
133	110
133	111
133	112
133	113
133	114
133	115
133	117
133	118
133	119
133	121
133	123
133	125
133	127
133	129
133	131
133	132
133	134
133	136
133	137
133	138
133	141
133	142
133	144
133	146
134	1
134	5
134	8
134	9
134	11
134	12
134	13
134	14
134	15
134	16
134	17
134	18
134	19
134	20
134	21
134	22
134	23
134	27
134	28
134	30
134	31
134	32
134	33
134	36
134	37
134	39
134	40
134	44
134	45
134	47
134	49
134	50
134	51
134	57
134	58
134	59
134	60
134	61
134	64
134	65
134	68
134	69
134	71
134	72
134	73
134	74
134	76
134	77
134	78
134	79
134	80
134	81
134	82
134	83
134	84
134	85
134	86
134	89
134	91
134	92
134	94
134	95
134	96
134	98
134	99
134	100
134	102
134	103
134	105
134	106
134	107
134	109
134	110
134	113
134	115
134	116
134	117
134	121
134	122
134	125
134	126
134	127
134	128
134	129
134	131
134	132
134	133
134	134
134	136
134	137
134	141
134	144
134	145
134	147
135	1
135	2
135	3
135	4
135	5
135	6
135	7
135	10
135	11
135	13
135	14
135	15
135	16
135	17
135	19
135	21
135	22
135	25
135	28
135	29
135	30
135	39
135	40
135	41
135	42
135	45
135	46
135	47
135	48
135	49
135	50
135	52
135	53
135	54
135	55
135	56
135	57
135	58
135	60
135	61
135	63
135	64
135	65
135	66
135	67
135	69
135	70
135	71
135	75
135	76
135	78
135	79
135	80
135	82
135	83
135	84
135	86
135	87
135	88
135	89
135	91
135	93
135	95
135	97
135	98
135	101
135	104
135	105
135	109
135	112
135	113
135	115
135	116
135	117
135	119
135	120
135	122
135	123
135	124
135	125
135	126
135	130
135	132
135	133
135	134
135	136
135	137
135	138
135	139
135	140
135	141
135	142
135	145
135	147
136	1
136	4
136	5
136	7
136	8
136	10
136	12
136	13
136	14
136	15
136	16
136	17
136	20
136	22
136	23
136	24
136	25
136	28
136	29
136	30
136	33
136	35
136	36
136	39
136	40
136	42
136	43
136	45
136	46
136	48
136	49
136	51
136	52
136	53
136	54
136	55
136	57
136	58
136	59
136	60
136	62
136	65
136	66
136	68
136	69
136	70
136	71
136	72
136	74
136	75
136	78
136	79
136	84
136	85
136	86
136	87
136	88
136	90
136	91
136	92
136	93
136	94
136	97
136	98
136	100
136	102
136	103
136	105
136	106
136	107
136	108
136	109
136	112
136	114
136	115
136	116
136	117
136	118
136	119
136	120
136	121
136	122
136	126
136	127
136	129
136	130
136	131
136	134
136	135
136	136
136	137
136	138
136	143
136	144
136	145
136	146
137	2
137	3
137	4
137	5
137	6
137	7
137	8
137	9
137	11
137	12
137	13
137	14
137	15
137	19
137	20
137	22
137	24
137	26
137	28
137	29
137	30
137	31
137	32
137	33
137	34
137	35
137	36
137	38
137	39
137	40
137	41
137	42
137	43
137	44
137	46
137	47
137	49
137	50
137	52
137	53
137	54
137	56
137	57
137	58
137	59
137	61
137	62
137	64
137	66
137	69
137	70
137	71
137	72
137	73
137	75
137	76
137	77
137	79
137	80
137	82
137	83
137	84
137	85
137	87
137	88
137	89
137	90
137	91
137	92
137	93
137	94
137	95
137	96
137	99
137	103
137	105
137	106
137	110
137	112
137	113
137	114
137	116
137	119
137	120
137	121
137	123
137	124
137	125
137	126
137	127
137	128
137	130
137	131
137	132
137	133
137	134
137	136
137	137
137	138
137	139
137	140
137	141
137	143
137	144
137	146
138	6
138	7
138	8
138	11
138	12
138	13
138	14
138	15
138	16
138	17
138	18
138	19
138	20
138	22
138	24
138	25
138	26
138	27
138	28
138	29
138	30
138	31
138	33
138	35
138	37
138	38
138	40
138	43
138	45
138	46
138	47
138	48
138	49
138	50
138	51
138	53
138	55
138	56
138	57
138	59
138	62
138	63
138	65
138	66
138	68
138	69
138	72
138	73
138	74
138	75
138	78
138	79
138	80
138	81
138	83
138	85
138	86
138	88
138	90
138	91
138	93
138	94
138	97
138	98
138	99
138	100
138	101
138	102
138	103
138	104
138	105
138	109
138	110
138	112
138	114
138	116
138	118
138	119
138	120
138	121
138	122
138	123
138	125
138	126
138	128
138	129
138	130
138	131
138	135
138	136
138	137
138	140
138	142
138	144
138	146
139	3
139	6
139	9
139	11
139	13
139	14
139	15
139	16
139	17
139	18
139	21
139	22
139	23
139	24
139	25
139	28
139	29
139	33
139	34
139	35
139	37
139	39
139	40
139	41
139	42
139	43
139	44
139	48
139	49
139	51
139	52
139	54
139	56
139	57
139	59
139	62
139	63
139	65
139	67
139	68
139	70
139	71
139	72
139	74
139	77
139	79
139	80
139	81
139	82
139	84
139	85
139	86
139	87
139	89
139	90
139	91
139	92
139	93
139	97
139	99
139	100
139	101
139	102
139	103
139	104
139	105
139	108
139	109
139	110
139	112
139	113
139	118
139	119
139	120
139	122
139	123
139	126
139	128
139	129
139	138
139	139
139	140
139	142
139	143
139	147
140	2
140	3
140	4
140	5
140	6
140	8
140	10
140	12
140	13
140	14
140	16
140	17
140	19
140	21
140	23
140	24
140	25
140	26
140	27
140	28
140	29
140	30
140	32
140	33
140	34
140	35
140	36
140	37
140	38
140	40
140	41
140	42
140	43
140	44
140	46
140	48
140	51
140	52
140	53
140	54
140	55
140	56
140	57
140	63
140	68
140	69
140	70
140	72
140	73
140	75
140	76
140	78
140	79
140	81
140	84
140	85
140	89
140	90
140	91
140	92
140	93
140	94
140	95
140	96
140	97
140	98
140	100
140	104
140	106
140	107
140	111
140	112
140	113
140	114
140	115
140	118
140	120
140	121
140	124
140	126
140	130
140	133
140	134
140	135
140	137
140	138
140	140
140	141
140	142
140	144
140	145
140	146
140	147
141	3
141	4
141	7
141	9
141	11
141	12
141	13
141	14
141	16
141	17
141	19
141	20
141	22
141	25
141	27
141	28
141	30
141	31
141	33
141	34
141	35
141	36
141	37
141	39
141	40
141	41
141	44
141	46
141	47
141	48
141	51
141	52
141	54
141	55
141	56
141	58
141	61
141	63
141	65
141	66
141	67
141	68
141	69
141	70
141	73
141	74
141	75
141	76
141	77
141	78
141	80
141	81
141	82
141	85
141	86
141	87
141	88
141	89
141	91
141	92
141	93
141	94
141	95
141	98
141	99
141	104
141	105
141	106
141	107
141	108
141	109
141	111
141	114
141	115
141	116
141	120
141	121
141	122
141	124
141	125
141	126
141	128
141	129
141	131
141	133
141	134
141	137
141	138
141	139
141	140
141	141
141	142
141	143
141	144
142	1
142	3
142	6
142	8
142	10
142	11
142	13
142	14
142	15
142	16
142	17
142	18
142	20
142	21
142	22
142	23
142	24
142	25
142	27
142	31
142	32
142	34
142	36
142	37
142	38
142	40
142	42
142	43
142	44
142	45
142	46
142	49
142	50
142	53
142	55
142	56
142	58
142	59
142	62
142	63
142	65
142	66
142	67
142	68
142	69
142	71
142	74
142	77
142	80
142	81
142	82
142	83
142	85
142	86
142	87
142	88
142	91
142	92
142	93
142	94
142	97
142	98
142	100
142	101
142	102
142	103
142	104
142	105
142	106
142	107
142	110
142	111
142	112
142	113
142	114
142	115
142	117
142	118
142	119
142	120
142	123
142	124
142	128
142	129
142	131
142	132
142	135
142	136
142	139
142	140
142	142
142	143
142	144
142	145
143	2
143	5
143	6
143	7
143	9
143	10
143	11
143	12
143	13
143	14
143	15
143	20
143	23
143	25
143	26
143	27
143	30
143	31
143	32
143	34
143	35
143	36
143	37
143	40
143	45
143	46
143	48
143	50
143	52
143	53
143	58
143	59
143	60
143	62
143	63
143	65
143	66
143	67
143	68
143	69
143	70
143	72
143	73
143	74
143	75
143	76
143	77
143	78
143	79
143	80
143	82
143	83
143	85
143	86
143	89
143	90
143	96
143	97
143	101
143	104
143	105
143	106
143	108
143	113
143	114
143	115
143	117
143	118
143	119
143	120
143	121
143	125
143	126
143	127
143	131
143	132
143	136
143	138
143	140
143	142
143	143
143	144
144	1
144	2
144	4
144	5
144	6
144	8
144	9
144	10
144	11
144	13
144	14
144	15
144	17
144	19
144	22
144	25
144	26
144	27
144	28
144	29
144	32
144	36
144	37
144	39
144	40
144	41
144	42
144	46
144	47
144	48
144	49
144	51
144	54
144	55
144	56
144	58
144	59
144	60
144	61
144	64
144	66
144	68
144	71
144	75
144	78
144	79
144	80
144	82
144	85
144	86
144	87
144	89
144	91
144	92
144	94
144	95
144	96
144	97
144	98
144	99
144	104
144	105
144	108
144	109
144	111
144	113
144	114
144	116
144	118
144	119
144	120
144	124
144	125
144	126
144	127
144	128
144	129
144	130
144	131
144	132
144	133
144	134
144	135
144	136
144	137
144	138
144	141
144	142
144	143
144	145
144	146
145	2
145	7
145	9
145	10
145	11
145	12
145	13
145	14
145	17
145	18
145	19
145	21
145	28
145	30
145	31
145	36
145	39
145	40
145	41
145	42
145	44
145	46
145	48
145	49
145	52
145	55
145	57
145	58
145	60
145	63
145	64
145	66
145	67
145	71
145	72
145	73
145	75
145	76
145	77
145	78
145	80
145	81
145	83
145	85
145	86
145	87
145	88
145	90
145	91
145	93
145	94
145	95
145	97
145	98
145	100
145	103
145	104
145	106
145	107
145	108
145	109
145	110
145	111
145	112
145	113
145	114
145	115
145	116
145	117
145	118
145	119
145	120
145	122
145	123
145	128
145	130
145	131
145	132
145	133
145	139
145	143
145	144
145	145
145	146
146	1
146	2
146	4
146	5
146	6
146	8
146	9
146	10
146	13
146	14
146	15
146	18
146	19
146	21
146	22
146	23
146	24
146	26
146	27
146	28
146	29
146	30
146	33
146	34
146	36
146	39
146	40
146	41
146	43
146	45
146	47
146	48
146	49
146	50
146	52
146	54
146	55
146	57
146	58
146	59
146	60
146	61
146	63
146	64
146	65
146	66
146	67
146	69
146	70
146	71
146	74
146	75
146	79
146	81
146	82
146	83
146	84
146	87
146	88
146	91
146	92
146	93
146	94
146	95
146	96
146	97
146	98
146	99
146	100
146	101
146	102
146	105
146	106
146	107
146	109
146	111
146	112
146	113
146	114
146	115
146	117
146	118
146	120
146	121
146	122
146	123
146	124
146	125
146	126
146	127
146	129
146	133
146	135
146	139
146	140
146	141
146	144
146	146
146	147
147	1
147	2
147	3
147	4
147	6
147	7
147	8
147	9
147	11
147	13
147	14
147	15
147	18
147	19
147	20
147	21
147	25
147	26
147	27
147	28
147	31
147	34
147	37
147	38
147	40
147	41
147	42
147	43
147	46
147	47
147	48
147	49
147	50
147	51
147	52
147	53
147	56
147	57
147	58
147	59
147	60
147	61
147	62
147	64
147	65
147	66
147	68
147	69
147	70
147	72
147	73
147	74
147	75
147	76
147	77
147	78
147	79
147	80
147	81
147	82
147	84
147	86
147	87
147	88
147	90
147	94
147	95
147	96
147	97
147	100
147	101
147	102
147	103
147	104
147	105
147	107
147	108
147	109
147	110
147	111
147	112
147	113
147	114
147	115
147	117
147	119
147	120
147	122
147	123
147	124
147	125
147	126
147	127
147	128
147	130
147	131
147	132
147	133
147	137
147	138
147	140
147	141
147	142
147	143
147	145
147	146
1	148
2	148
3	148
4	148
5	148
6	148
7	148
8	148
9	148
10	148
11	148
12	148
13	148
14	148
15	148
16	148
17	148
18	148
19	148
20	148
21	148
22	148
23	148
24	148
25	148
26	148
27	148
28	148
29	148
30	148
31	148
32	148
33	148
34	148
35	148
36	148
37	148
38	148
39	148
40	148
41	148
42	148
43	148
44	148
45	148
46	148
47	148
48	148
49	148
50	148
51	148
52	148
53	148
54	148
55	148
56	148
57	148
58	148
59	148
60	148
61	148
62	148
63	148
64	148
65	148
66	148
67	148
68	148
69	148
70	148
71	148
72	148
73	148
74	148
75	148
76	148
77	148
78	148
79	148
80	148
81	148
82	148
83	148
84	148
85	148
86	148
87	148
88	148
89	148
90	148
91	148
92	148
93	148
94	148
95	148
96	148
97	148
98	148
99	148
100	148
101	148
102	148
103	148
104	148
105	148
106	148
107	148
108	148
109	148
110	148
111	148
112	148
113	148
114	148
115	148
116	148
117	148
118	148
119	148
120	148
121	148
122	148
123	148
124	148
125	148
126	148
127	148
128	148
129	148
130	148
131	148
132	148
133	148
134	148
135	148
136	148
137	148
138	148
139	148
140	148
141	148
142	148
143	148
144	148
145	148
146	148
147	148
148	148
