1	2
1	3
1	4
1	7
1	8
1	9
1	11
1	12
1	14
1	15
1	17
1	18
1	21
1	23
1	25
1	26
1	28
1	29
1	30
1	31
1	32
1	33
1	35
1	37
1	42
1	43
1	46
1	47
1	51
1	56
1	58
1	60
1	61
1	64
1	65
1	66
1	67
1	69
1	70
1	71
1	73
1	77
1	79
1	80
1	81
1	83
1	85
1	87
1	88
1	90
1	93
1	97
1	99
1	100
1	102
1	105
1	107
1	110
1	111
1	112
1	114
1	115
1	116
1	117
1	119
1	122
1	123
1	124
1	125
1	126
1	128
1	129
1	131
1	134
1	138
1	139
1	140
1	141
1	142
1	145
1	146
1	147
1	148
1	150
2	2
2	3
2	4
2	5
2	6
2	7
2	8
2	13
2	14
2	17
2	18
2	20
2	21
2	22
2	23
2	24
2	25
2	27
2	29
2	30
2	31
2	32
2	34
2	35
2	36
2	37
2	39
2	44
2	45
2	46
2	47
2	48
2	49
2	50
2	51
2	53
2	54
2	55
2	56
2	57
2	58
2	62
2	63
2	66
2	67
2	68
2	70
2	72
2	77
2	78
2	79
2	80
2	81
2	82
2	83
2	85
2	86
2	88
2	89
2	90
2	92
2	95
2	96
2	97
2	99
2	100
2	102
2	103
2	104
2	106
2	107
2	109
2	115
2	117
2	118
2	119
2	121
2	123
2	124
2	126
2	127
2	128
2	129
2	132
2	134
2	136
2	139
2	140
2	141
2	142
2	144
2	145
2	146
2	147
2	148
2	150
3	1
3	4
3	5
3	8
3	10
3	11
3	13
3	14
3	15
3	16
3	17
3	18
3	21
3	22
3	23
3	24
3	26
3	27
3	29
3	32
3	35
3	37
3	38
3	39
3	40
3	41
3	42
3	43
3	46
3	48
3	49
3	50
3	51
3	53
3	54
3	55
3	56
3	57
3	58
3	59
3	60
3	61
3	63
3	64
3	66
3	70
3	73
3	74
3	76
3	79
3	80
3	81
3	82
3	84
3	87
3	88
3	89
3	90
3	91
3	92
3	93
3	95
3	96
3	99
3	100
3	101
3	102
3	103
3	107
3	109
3	110
3	111
3	112
3	115
3	116
3	117
3	118
3	119
3	120
3	121
3	122
3	123
3	124
3	126
3	127
3	128
3	130
3	133
3	134
3	135
3	138
3	139
3	141
3	142
3	147
3	148
4	1
4	2
4	3
4	4
4	6
4	7
4	8
4	9
4	12
4	13
4	14
4	16
4	17
4	20
4	21
4	23
4	24
4	25
4	26
4	30
4	35
4	36
4	37
4	38
4	40
4	41
4	44
4	45
4	47
4	48
4	49
4	51
4	52
4	54
4	55
4	56
4	57
4	58
4	59
4	61
4	63
4	66
4	67
4	68
4	70
4	71
4	72
4	73
4	74
4	75
4	76
4	77
4	80
4	81
4	83
4	84
4	85
4	86
4	91
4	93
4	94
4	96
4	97
4	102
4	103
4	104
4	105
4	106
4	107
4	108
4	109
4	110
4	112
4	113
4	115
4	116
4	117
4	118
4	119
4	120
4	121
4	122
4	123
4	124
4	125
4	126
4	127
4	128
4	130
4	132
4	133
4	134
4	135
4	137
4	140
4	141
4	142
4	145
4	146
4	147
4	149
4	150
5	1
5	3
5	8
5	9
5	10
5	11
5	12
5	14
5	15
5	16
5	17
5	18
5	19
5	20
5	21
5	22
5	24
5	25
5	26
5	29
5	30
5	31
5	32
5	33
5	34
5	35
5	36
5	38
5	39
5	40
5	41
5	42
5	43
5	46
5	47
5	48
5	49
5	50
5	52
5	53
5	54
5	56
5	58
5	60
5	63
5	64
5	66
5	67
5	68
5	70
5	72
5	73
5	75
5	76
5	77
5	78
5	80
5	81
5	82
5	83
5	87
5	89
5	90
5	91
5	92
5	93
5	94
5	95
5	98
5	103
5	105
5	106
5	108
5	109
5	110
5	111
5	112
5	114
5	115
5	116
5	117
5	118
5	119
5	120
5	122
5	123
5	124
5	125
5	126
5	128
5	129
5	130
5	132
5	134
5	135
5	136
5	137
5	138
5	139
5	140
5	141
5	144
5	147
5	148
5	149
6	1
6	6
6	8
6	9
6	10
6	11
6	12
6	14
6	16
6	18
6	20
6	21
6	22
6	23
6	28
6	29
6	35
6	36
6	38
6	39
6	41
6	42
6	43
6	44
6	45
6	46
6	50
6	51
6	52
6	53
6	54
6	55
6	60
6	61
6	62
6	63
6	64
6	67
6	68
6	71
6	73
6	75
6	76
6	77
6	79
6	80
6	81
6	82
6	84
6	85
6	87
6	88
6	90
6	91
6	93
6	95
6	98
6	99
6	101
6	104
6	106
6	107
6	108
6	110
6	112
6	114
6	115
6	116
6	117
6	120
6	122
6	124
6	125
6	126
6	127
6	130
6	134
6	138
6	139
6	140
6	141
6	142
6	144
6	145
6	146
6	147
6	148
6	149
7	1
7	2
7	9
7	10
7	14
7	16
7	17
7	20
7	26
7	27
7	28
7	29
7	30
7	31
7	34
7	36
7	37
7	38
7	39
7	41
7	44
7	45
7	46
7	47
7	48
7	51
7	52
7	53
7	57
7	58
7	59
7	61
7	62
7	67
7	68
7	69
7	70
7	72
7	74
7	75
7	76
7	77
7	78
7	79
7	80
7	81
7	83
7	85
7	86
7	87
7	88
7	91
7	93
7	95
7	97
7	98
7	100
7	101
7	108
7	111
7	112
7	113
7	115
7	116
7	117
7	118
7	121
7	123
7	124
7	126
7	127
7	128
7	129
7	130
7	132
7	133
7	134
7	136
7	137
7	138
7	139
7	140
7	143
7	144
7	145
7	146
7	147
7	148
7	149
7	150
8	1
8	2
8	4
8	6
8	8
8	9
8	10
8	11
8	12
8	14
8	15
8	16
8	19
8	20
8	21
8	24
8	25
8	27
8	28
8	29
8	31
8	32
8	33
8	36
8	37
8	38
8	39
8	40
8	41
8	42
8	44
8	45
8	46
8	49
8	50
8	51
8	53
8	54
8	56
8	57
8	59
8	63
8	64
8	65
8	66
8	67
8	69
8	76
8	78
8	81
8	82
8	83
8	84
8	86
8	89
8	90
8	92
8	93
8	94
8	98
8	99
8	100
8	102
8	103
8	105
8	106
8	107
8	108
8	110
8	111
8	114
8	116
8	117
8	119
8	120
8	121
8	122
8	127
8	128
8	130
8	132
8	133
8	134
8	138
8	140
8	141
8	142
8	143
8	144
8	145
8	148
8	149
8	150
9	1
9	2
9	3
9	4
9	5
9	7
9	9
9	12
9	13
9	14
9	15
9	16
9	17
9	18
9	19
9	20
9	22
9	23
9	24
9	26
9	27
9	28
9	30
9	32
9	33
9	34
9	35
9	36
9	39
9	41
9	45
9	46
9	47
9	48
9	49
9	50
9	51
9	52
9	53
9	54
9	56
9	57
9	59
9	61
9	63
9	64
9	65
9	66
9	67
9	72
9	73
9	74
9	75
9	76
9	77
9	78
9	80
9	82
9	83
9	84
9	86
9	87
9	88
9	89
9	91
9	92
9	93
9	94
9	97
9	100
9	102
9	104
9	105
9	106
9	107
9	112
9	114
9	117
9	118
9	119
9	120
9	121
9	122
9	123
9	125
9	127
9	128
9	130
9	131
9	134
9	135
9	136
9	137
9	138
9	139
9	140
9	142
9	143
9	146
9	148
9	149
9	150
10	1
10	2
10	3
10	4
10	5
10	8
10	9
10	10
10	12
10	14
10	15
10	16
10	17
10	19
10	20
10	22
10	23
10	26
10	27
10	28
10	29
10	30
10	31
10	33
10	34
10	36
10	39
10	41
10	42
10	45
10	46
10	47
10	49
10	51
10	52
10	53
10	54
10	59
10	60
10	61
10	63
10	64
10	66
10	67
10	71
10	72
10	73
10	74
10	75
10	77
10	78
10	79
10	80
10	82
10	83
10	85
10	86
10	87
10	89
10	92
10	93
10	94
10	95
10	96
10	97
10	99
10	101
10	102
10	103
10	104
10	105
10	106
10	108
10	112
10	113
10	115
10	116
10	117
10	118
10	120
10	121
10	122
10	126
10	127
10	133
10	134
10	136
10	137
10	138
10	140
10	142
10	143
10	144
10	145
10	146
10	147
10	149
10	150
11	2
11	4
11	6
11	7
11	10
11	13
11	16
11	17
11	18
11	19
11	21
11	24
11	25
11	26
11	27
11	28
11	29
11	30
11	31
11	33
11	34
11	37
11	38
11	41
11	42
11	43
11	44
11	45
11	47
11	49
11	51
11	52
11	53
11	55
11	57
11	61
11	62
11	63
11	65
11	66
11	68
11	69
11	72
11	73
11	74
11	76
11	78
11	79
11	80
11	81
11	82
11	85
11	86
11	87
11	88
11	90
11	92
11	93
11	94
11	95
11	97
11	101
11	102
11	103
11	106
11	107
11	108
11	109
11	111
11	112
11	113
11	115
11	118
11	122
11	124
11	125
11	127
11	128
11	129
11	130
11	131
11	133
11	134
11	136
11	137
11	139
11	140
11	142
11	144
11	145
11	146
11	147
11	148
11	149
12	1
12	3
12	4
12	5
12	6
12	8
12	10
12	11
12	12
12	13
12	14
12	15
12	16
12	17
12	18
12	21
12	22
12	25
12	26
12	27
12	28
12	31
12	33
12	34
12	35
12	36
12	37
12	40
12	41
12	42
12	43
12	46
12	48
12	49
12	50
12	51
12	53
12	54
12	55
12	56
12	57
12	60
12	61
12	62
12	63
12	64
12	65
12	69
12	70
12	72
12	73
12	74
12	75
12	76
12	81
12	82
12	85
12	87
12	88
12	90
12	93
12	95
12	96
12	98
12	99
12	100
12	101
12	104
12	105
12	106
12	107
12	109
12	110
12	111
12	112
12	114
12	115
12	118
12	121
12	122
12	124
12	126
12	129
12	130
12	131
12	132
12	133
12	134
12	136
12	138
12	142
12	143
12	144
12	145
12	148
12	149
12	150
13	3
13	4
13	6
13	7
13	8
13	10
13	11
13	12
13	13
13	14
13	15
13	16
13	17
13	18
13	20
13	21
13	23
13	24
13	27
13	28
13	29
13	30
13	31
13	33
13	34
13	37
13	39
13	42
13	43
13	44
13	46
13	47
13	48
13	49
13	50
13	52
13	53
13	54
13	56
13	57
13	58
13	59
13	60
13	62
13	63
13	64
13	65
13	68
13	69
13	71
13	72
13	73
13	75
13	76
13	78
13	79
13	81
13	82
13	83
13	84
13	86
13	87
13	88
13	92
13	93
13	94
13	95
13	99
13	101
13	102
13	104
13	105
13	107
13	108
13	110
13	111
13	112
13	113
13	115
13	116
13	117
13	119
13	120
13	121
13	122
13	123
13	125
13	126
13	127
13	128
13	129
13	132
13	135
13	136
13	139
13	140
13	141
13	142
13	143
13	145
13	146
13	147
13	148
14	2
14	3
14	4
14	7
14	8
14	9
14	12
14	13
14	16
14	20
14	21
14	23
14	24
14	25
14	27
14	28
14	31
14	32
14	33
14	35
14	38
14	39
14	41
14	43
14	44
14	46
14	47
14	51
14	52
14	53
14	54
14	55
14	56
14	57
14	58
14	59
14	60
14	61
14	63
14	66
14	67
14	69
14	70
14	71
14	72
14	73
14	74
14	76
14	77
14	78
14	79
14	82
14	83
14	85
14	87
14	88
14	90
14	93
14	94
14	97
14	98
14	99
14	101
14	102
14	103
14	104
14	106
14	107
14	108
14	109
14	110
14	111
14	112
14	115
14	117
14	119
14	120
14	121
14	124
14	125
14	126
14	129
14	130
14	133
14	136
14	137
14	140
14	141
14	142
14	144
14	145
14	146
14	147
14	148
14	149
14	150
15	2
15	3
15	5
15	7
15	8
15	9
15	11
15	13
15	14
15	17
15	18
15	20
15	21
15	23
15	24
15	25
15	28
15	29
15	31
15	32
15	33
15	36
15	38
15	40
15	42
15	43
15	45
15	47
15	48
15	49
15	50
15	51
15	52
15	53
15	54
15	56
15	58
15	59
15	60
15	61
15	62
15	63
15	65
15	68
15	69
15	71
15	72
15	73
15	74
15	75
15	77
15	78
15	79
15	82
15	87
15	88
15	89
15	90
15	92
15	93
15	96
15	97
15	99
15	100
15	101
15	102
15	104
15	105
15	106
15	107
15	108
15	111
15	112
15	114
15	116
15	117
15	118
15	120
15	121
15	123
15	124
15	125
15	126
15	127
15	128
15	130
15	131
15	133
15	137
15	139
15	140
15	141
15	142
15	144
15	145
15	146
15	148
16	1
16	2
16	3
16	6
16	8
16	9
16	13
16	15
16	16
16	17
16	18
16	19
16	21
16	23
16	24
16	25
16	26
16	27
16	29
16	31
16	32
16	33
16	34
16	35
16	36
16	43
16	46
16	47
16	49
16	50
16	51
16	52
16	53
16	54
16	56
16	57
16	58
16	60
16	62
16	66
16	68
16	70
16	71
16	72
16	73
16	74
16	75
16	76
16	77
16	80
16	83
16	84
16	86
16	87
16	89
16	90
16	91
16	93
16	94
16	95
16	96
16	97
16	98
16	99
16	100
16	101
16	103
16	104
16	107
16	108
16	109
16	110
16	111
16	112
16	114
16	116
16	118
16	119
16	120
16	121
16	124
16	126
16	127
16	128
16	130
16	131
16	135
16	136
16	138
16	139
16	140
16	144
16	145
16	146
16	147
16	148
16	149
16	150
17	1
17	2
17	5
17	7
17	8
17	9
17	11
17	12
17	13
17	14
17	17
17	19
17	20
17	21
17	22
17	23
17	24
17	25
17	26
17	27
17	30
17	31
17	33
17	34
17	35
17	37
17	38
17	39
17	40
17	41
17	42
17	47
17	48
17	49
17	51
17	52
17	53
17	56
17	57
17	58
17	59
17	60
17	61
17	64
17	65
17	66
17	68
17	69
17	71
17	72
17	73
17	74
17	75
17	76
17	77
17	78
17	81
17	82
17	83
17	84
17	86
17	87
17	88
17	90
17	91
17	92
17	93
17	94
17	95
17	98
17	99
17	102
17	103
17	108
17	110
17	112
17	113
17	114
17	115
17	118
17	119
17	120
17	121
17	122
17	124
17	127
17	128
17	129
17	132
17	133
17	134
17	135
17	137
17	138
17	140
17	144
17	145
17	146
17	147
17	148
17	149
17	150
18	2
18	3
18	4
18	6
18	8
18	9
18	12
18	15
18	16
18	17
18	18
18	19
18	21
18	23
18	25
18	26
18	27
18	28
18	29
18	31
18	32
18	34
18	35
18	36
18	38
18	39
18	41
18	42
18	44
18	45
18	46
18	47
18	48
18	49
18	50
18	51
18	52
18	54
18	55
18	57
18	58
18	59
18	60
18	61
18	64
18	65
18	67
18	71
18	73
18	75
18	77
18	79
18	82
18	83
18	84
18	85
18	86
18	91
18	92
18	93
18	94
18	96
18	97
18	100
18	103
18	105
18	106
18	107
18	108
18	112
18	115
18	117
18	118
18	120
18	121
18	126
18	129
18	130
18	131
18	132
18	133
18	134
18	135
18	136
18	139
18	141
18	144
18	145
18	147
18	149
18	150
19	2
19	3
19	5
19	6
19	7
19	8
19	9
19	10
19	11
19	12
19	15
19	17
19	19
19	22
19	23
19	25
19	27
19	28
19	29
19	30
19	31
19	33
19	35
19	36
19	37
19	39
19	40
19	44
19	45
19	47
19	48
19	50
19	52
19	54
19	55
19	58
19	60
19	61
19	62
19	66
19	67
19	68
19	70
19	73
19	75
19	77
19	79
19	81
19	83
19	84
19	85
19	89
19	90
19	93
19	94
19	98
19	99
19	100
19	102
19	104
19	105
19	106
19	107
19	108
19	109
19	110
19	112
19	113
19	114
19	116
19	117
19	118
19	119
19	120
19	121
19	122
19	125
19	126
19	127
19	129
19	130
19	134
19	136
19	137
19	138
19	139
19	140
19	141
19	142
19	143
19	144
19	145
19	146
19	147
19	148
20	1
20	3
20	6
20	7
20	8
20	11
20	14
20	15
20	16
20	18
20	19
20	22
20	23
20	25
20	26
20	27
20	28
20	30
20	31
20	34
20	35
20	36
20	39
20	40
20	41
20	42
20	46
20	47
20	49
20	50
20	51
20	53
20	55
20	57
20	58
20	59
20	60
20	62
20	64
20	65
20	66
20	68
20	70
20	72
20	75
20	76
20	77
20	78
20	79
20	80
20	81
20	82
20	83
20	84
20	86
20	87
20	88
20	89
20	90
20	92
20	93
20	94
20	96
20	99
20	100
20	102
20	103
20	104
20	107
20	108
20	110
20	111
20	113
20	114
20	116
20	118
20	119
20	120
20	122
20	123
20	124
20	126
20	128
20	129
20	130
20	131
20	132
20	133
20	136
20	138
20	142
20	143
20	146
20	148
20	150
21	2
21	5
21	6
21	7
21	9
21	10
21	12
21	14
21	15
21	16
21	17
21	18
21	19
21	20
21	21
21	23
21	24
21	25
21	29
21	30
21	31
21	32
21	35
21	36
21	37
21	38
21	39
21	40
21	41
21	42
21	44
21	46
21	47
21	48
21	49
21	50
21	52
21	53
21	57
21	59
21	60
21	61
21	63
21	64
21	65
21	66
21	68
21	69
21	70
21	74
21	75
21	76
21	77
21	79
21	80
21	81
21	82
21	85
21	86
21	87
21	89
21	91
21	93
21	99
21	100
21	102
21	103
21	106
21	108
21	110
21	113
21	114
21	116
21	120
21	122
21	123
21	124
21	125
21	127
21	129
21	130
21	131
21	132
21	135
21	136
21	137
21	139
21	140
21	141
21	142
21	144
21	145
21	146
21	149
22	1
22	4
22	6
22	9
22	12
22	13
22	14
22	17
22	18
22	19
22	21
22	22
22	23
22	24
22	26
22	27
22	29
22	30
22	31
22	35
22	36
22	37
22	38
22	39
22	40
22	41
22	42
22	46
22	48
22	49
22	50
22	51
22	53
22	56
22	57
22	58
22	59
22	61
22	62
22	63
22	65
22	66
22	68
22	71
22	72
22	73
22	74
22	75
22	78
22	79
22	80
22	83
22	84
22	85
22	87
22	89
22	90
22	92
22	93
22	94
22	96
22	97
22	98
22	100
22	101
22	103
22	104
22	105
22	107
22	108
22	109
22	110
22	111
22	112
22	113
22	117
22	118
22	121
22	122
22	124
22	125
22	126
22	127
22	128
22	129
22	130
22	131
22	135
22	138
22	139
22	140
22	142
22	143
22	144
22	146
22	147
22	148
23	1
23	3
23	5
23	7
23	9
23	11
23	12
23	13
23	18
23	19
23	20
23	23
23	26
23	27
23	28
23	31
23	32
23	33
23	34
23	39
23	40
23	47
23	49
23	50
23	51
23	53
23	55
23	56
23	57
23	58
23	59
23	60
23	63
23	64
23	65
23	69
23	71
23	72
23	74
23	75
23	77
23	78
23	79
23	80
23	82
23	83
23	84
23	86
23	87
23	88
23	89
23	91
23	92
23	95
23	97
23	98
23	99
23	103
23	106
23	107
23	109
23	110
23	113
23	114
23	115
23	117
23	118
23	120
23	121
23	122
23	123
23	124
23	125
23	126
23	127
23	129
23	132
23	133
23	135
23	136
23	137
23	138
23	139
23	141
23	144
23	146
23	149
23	150
24	2
24	3
24	4
24	6
24	7
24	10
24	11
24	16
24	18
24	19
24	22
24	23
24	26
24	28
24	30
24	31
24	32
24	34
24	35
24	36
24	37
24	39
24	40
24	42
24	43
24	44
24	45
24	46
24	47
24	48
24	49
24	50
24	51
24	52
24	53
24	54
24	57
24	59
24	60
24	61
24	62
24	63
24	64
24	65
24	66
24	67
24	68
24	69
24	70
24	72
24	74
24	75
24	76
24	77
24	78
24	79
24	80
24	82
24	84
24	85
24	88
24	89
24	90
24	91
24	94
24	96
24	99
24	101
24	104
24	105
24	106
24	107
24	109
24	111
24	112
24	113
24	115
24	116
24	118
24	119
24	120
24	121
24	124
24	125
24	126
24	127
24	128
24	131
24	132
24	133
24	135
24	136
24	137
24	138
24	139
24	140
24	143
24	147
24	149
24	150
25	2
25	3
25	4
25	5
25	6
25	7
25	8
25	9
25	10
25	12
25	13
25	14
25	16
25	17
25	21
25	22
25	23
25	24
25	25
25	26
25	27
25	28
25	29
25	30
25	31
25	32
25	33
25	35
25	36
25	37
25	38
25	39
25	40
25	41
25	42
25	43
25	45
25	46
25	47
25	48
25	49
25	53
25	55
25	58
25	59
25	61
25	62
25	64
25	65
25	66
25	67
25	69
25	70
25	71
25	72
25	73
25	75
25	76
25	77
25	78
25	79
25	80
25	83
25	84
25	85
25	88
25	92
25	93
25	95
25	96
25	99
25	103
25	106
25	107
25	108
25	109
25	112
25	115
25	116
25	117
25	119
25	120
25	121
25	122
25	125
25	127
25	128
25	129
25	130
25	131
25	132
25	133
25	134
25	135
25	136
25	137
25	138
25	140
25	141
25	146
25	147
25	148
26	2
26	3
26	9
26	10
26	12
26	13
26	14
26	16
26	19
26	21
26	24
26	25
26	28
26	29
26	30
26	31
26	34
26	35
26	36
26	38
26	39
26	40
26	41
26	43
26	44
26	45
26	46
26	47
26	48
26	51
26	52
26	53
26	54
26	55
26	56
26	57
26	58
26	59
26	62
26	64
26	65
26	66
26	68
26	69
26	70
26	71
26	73
26	74
26	75
26	76
26	77
26	78
26	82
26	84
26	85
26	87
26	88
26	89
26	90
26	91
26	92
26	94
26	97
26	101
26	102
26	105
26	107
26	110
26	114
26	118
26	119
26	121
26	123
26	124
26	125
26	126
26	128
26	130
26	132
26	135
26	136
26	139
26	142
26	143
26	144
26	145
26	146
26	147
26	149
26	150
27	1
27	4
27	5
27	7
27	8
27	9
27	10
27	12
27	14
27	18
27	20
27	22
27	23
27	24
27	25
27	26
27	27
27	32
27	34
27	35
27	38
27	40
27	41
27	42
27	45
27	46
27	47
27	49
27	52
27	53
27	55
27	57
27	58
27	59
27	60
27	61
27	62
27	64
27	65
27	67
27	70
27	72
27	74
27	78
27	79
27	80
27	83
27	84
27	85
27	86
27	87
27	91
27	97
27	98
27	99
27	100
27	102
27	103
27	105
27	106
27	109
27	113
27	115
27	116
27	117
27	119
27	125
27	128
27	131
27	132
27	133
27	135
27	136
27	138
27	139
27	140
27	141
27	142
27	143
27	144
27	146
27	147
27	148
28	1
28	3
28	4
28	5
28	8
28	9
28	10
28	12
28	13
28	14
28	15
28	16
28	18
28	20
28	21
28	22
28	23
28	24
28	26
28	28
28	30
28	31
28	34
28	35
28	36
28	37
28	38
28	40
28	42
28	43
28	44
28	46
28	47
28	49
28	50
28	51
28	52
28	53
28	54
28	55
28	56
28	62
28	63
28	65
28	66
28	71
28	72
28	73
28	75
28	76
28	77
28	78
28	79
28	81
28	83
28	84
28	86
28	88
28	89
28	90
28	92
28	94
28	97
28	99
28	100
28	101
28	102
28	104
28	106
28	107
28	109
28	111
28	112
28	113
28	114
28	115
28	117
28	120
28	121
28	122
28	123
28	124
28	126
28	128
28	129
28	130
28	131
28	132
28	133
28	135
28	136
28	138
28	144
28	146
28	147
28	148
28	149
28	150
29	1
29	2
29	5
29	9
29	10
29	11
29	12
29	13
29	14
29	16
29	20
29	23
29	24
29	26
29	29
29	31
29	32
29	33
29	34
29	35
29	36
29	37
29	38
29	39
29	42
29	43
29	45
29	46
29	47
29	48
29	49
29	50
29	51
29	54
29	55
29	57
29	59
29	60
29	61
29	62
29	64
29	67
29	69
29	70
29	71
29	72
29	73
29	77
29	83
29	84
29	85
29	87
29	90
29	91
29	93
29	94
29	95
29	97
29	99
29	100
29	101
29	102
29	105
29	106
29	107
29	110
29	111
29	112
29	113
29	114
29	115
29	117
29	118
29	119
29	121
29	123
29	126
29	127
29	128
29	129
29	131
29	132
29	133
29	134
29	135
29	136
29	137
29	138
29	139
29	140
29	141
29	143
29	144
29	146
29	148
29	149
30	1
30	6
30	9
30	11
30	12
30	13
30	16
30	17
30	18
30	20
30	22
30	23
30	24
30	25
30	27
30	28
30	30
30	31
30	33
30	35
30	37
30	38
30	39
30	40
30	41
30	42
30	43
30	44
30	45
30	48
30	49
30	50
30	53
30	55
30	56
30	57
30	58
30	59
30	60
30	61
30	62
30	63
30	65
30	66
30	68
30	69
30	70
30	72
30	73
30	74
30	75
30	76
30	77
30	78
30	80
30	81
30	82
30	83
30	84
30	86
30	88
30	90
30	92
30	93
30	94
30	96
30	97
30	99
30	101
30	102
30	104
30	105
30	107
30	109
30	115
30	117
30	120
30	121
30	122
30	123
30	124
30	125
30	126
30	127
30	128
30	129
30	130
30	132
30	133
30	134
30	135
30	136
30	139
30	140
30	141
30	142
30	143
30	144
30	145
30	147
30	150
31	1
31	2
31	4
31	5
31	7
31	8
31	9
31	11
31	12
31	13
31	14
31	15
31	16
31	17
31	18
31	20
31	21
31	22
31	23
31	24
31	25
31	26
31	28
31	29
31	30
31	31
31	32
31	33
31	34
31	35
31	36
31	37
31	38
31	39
31	40
31	42
31	44
31	45
31	46
31	48
31	51
31	52
31	55
31	56
31	57
31	59
31	61
31	62
31	63
31	64
31	65
31	66
31	67
31	69
31	71
31	72
31	74
31	75
31	77
31	79
31	82
31	84
31	85
31	87
31	88
31	89
31	91
31	92
31	94
31	99
31	100
31	101
31	104
31	105
31	106
31	109
31	110
31	113
31	117
31	124
31	125
31	126
31	127
31	128
31	130
31	132
31	133
31	135
31	136
31	138
31	139
31	140
31	142
31	143
31	144
31	145
31	146
31	147
31	148
31	149
31	150
32	1
32	2
32	5
32	7
32	8
32	11
32	12
32	13
32	14
32	18
32	21
32	23
32	24
32	26
32	27
32	28
32	29
32	33
32	34
32	37
32	38
32	40
32	44
32	46
32	47
32	49
32	52
32	55
32	56
32	57
32	60
32	63
32	64
32	66
32	68
32	69
32	73
32	75
32	77
32	78
32	80
32	81
32	84
32	85
32	86
32	87
32	88
32	89
32	90
32	91
32	92
32	93
32	94
32	95
32	96
32	98
32	100
32	103
32	104
32	105
32	108
32	109
32	111
32	112
32	113
32	114
32	115
32	116
32	117
32	118
32	119
32	125
32	127
32	128
32	129
32	131
32	135
32	137
32	139
32	142
32	144
32	148
32	149
32	150
33	1
33	2
33	5
33	6
33	8
33	17
33	22
33	26
33	27
33	28
33	29
33	30
33	31
33	32
33	33
33	34
33	35
33	36
33	37
33	38
33	39
33	40
33	43
33	45
33	46
33	48
33	49
33	50
33	52
33	56
33	57
33	61
33	63
33	64
33	65
33	67
33	68
33	69
33	70
33	71
33	72
33	73
33	74
33	75
33	77
33	78
33	79
33	80
33	83
33	85
33	89
33	92
33	93
33	94
33	95
33	96
33	97
33	102
33	104
33	105
33	106
33	108
33	110
33	111
33	113
33	114
33	115
33	117
33	120
33	121
33	123
33	124
33	125
33	126
33	127
33	128
33	130
33	135
33	137
33	139
33	140
33	142
33	143
33	144
33	146
33	148
33	149
34	1
34	2
34	3
34	4
34	5
34	6
34	7
34	8
34	9
34	10
34	11
34	13
34	15
34	16
34	20
34	21
34	22
34	24
34	25
34	26
34	27
34	29
34	31
34	32
34	33
34	34
34	35
34	36
34	37
34	40
34	41
34	42
34	46
34	48
34	49
34	50
34	51
34	52
34	53
34	54
34	56
34	57
34	58
34	59
34	60
34	62
34	64
34	65
34	66
34	68
34	69
34	71
34	72
34	74
34	75
34	76
34	77
34	80
34	81
34	82
34	83
34	84
34	87
34	90
34	92
34	94
34	95
34	96
34	98
34	99
34	100
34	102
34	103
34	104
34	106
34	107
34	109
34	110
34	112
34	113
34	114
34	120
34	121
34	123
34	124
34	128
34	129
34	131
34	132
34	133
34	134
34	135
34	136
34	138
34	139
34	140
34	141
34	143
34	144
34	145
34	147
34	149
34	150
35	1
35	4
35	6
35	7
35	8
35	9
35	15
35	16
35	21
35	22
35	23
35	24
35	25
35	26
35	27
35	28
35	29
35	31
35	33
35	34
35	35
35	36
35	38
35	39
35	40
35	41
35	43
35	44
35	45
35	47
35	48
35	51
35	52
35	55
35	56
35	58
35	60
35	61
35	63
35	64
35	65
35	66
35	67
35	70
35	71
35	72
35	73
35	74
35	77
35	78
35	79
35	81
35	82
35	83
35	84
35	86
35	87
35	88
35	89
35	90
35	91
35	92
35	94
35	95
35	96
35	99
35	102
35	103
35	105
35	107
35	108
35	109
35	110
35	111
35	112
35	114
35	115
35	119
35	120
35	121
35	125
35	126
35	128
35	131
35	132
35	134
35	137
35	138
35	139
35	140
35	141
35	142
35	143
35	144
35	145
35	146
35	148
35	149
35	150
36	4
36	5
36	8
36	9
36	10
36	13
36	14
36	15
36	16
36	17
36	18
36	20
36	21
36	22
36	23
36	25
36	26
36	32
36	33
36	36
36	37
36	38
36	39
36	40
36	42
36	44
36	45
36	46
36	47
36	48
36	50
36	51
36	53
36	55
36	58
36	59
36	60
36	61
36	62
36	63
36	64
36	65
36	67
36	68
36	75
36	76
36	77
36	80
36	83
36	84
36	85
36	87
36	88
36	89
36	90
36	91
36	93
36	95
36	97
36	98
36	100
36	101
36	102
36	103
36	104
36	108
36	109
36	113
36	115
36	116
36	118
36	119
36	120
36	123
36	124
36	125
36	126
36	127
36	131
36	132
36	135
36	136
36	137
36	138
36	139
36	141
36	142
36	143
36	144
36	145
36	146
36	147
36	148
36	149
36	150
37	1
37	2
37	3
37	4
37	8
37	10
37	12
37	13
37	14
37	15
37	18
37	20
37	21
37	22
37	23
37	24
37	29
37	31
37	34
37	38
37	42
37	43
37	44
37	45
37	48
37	50
37	52
37	53
37	55
37	56
37	57
37	58
37	59
37	61
37	62
37	63
37	65
37	66
37	67
37	68
37	69
37	70
37	71
37	72
37	73
37	74
37	76
37	77
37	78
37	79
37	80
37	81
37	82
37	83
37	85
37	86
37	87
37	89
37	90
37	92
37	93
37	96
37	97
37	98
37	101
37	102
37	103
37	104
37	107
37	108
37	109
37	110
37	111
37	112
37	113
37	114
37	115
37	118
37	119
37	120
37	121
37	122
37	125
37	126
37	127
37	129
37	133
37	134
37	136
37	137
37	138
37	139
37	141
37	142
37	143
37	145
37	148
38	1
38	2
38	3
38	4
38	5
38	8
38	11
38	12
38	13
38	15
38	17
38	18
38	21
38	22
38	23
38	25
38	26
38	27
38	28
38	29
38	30
38	31
38	32
38	33
38	34
38	35
38	36
38	37
38	38
38	39
38	40
38	41
38	42
38	46
38	47
38	48
38	51
38	52
38	53
38	54
38	55
38	56
38	59
38	61
38	62
38	63
38	64
38	65
38	67
38	68
38	70
38	71
38	72
38	74
38	75
38	76
38	77
38	78
38	79
38	81
38	82
38	83
38	85
38	86
38	87
38	88
38	89
38	90
38	91
38	93
38	94
38	95
38	99
38	101
38	102
38	104
38	109
38	110
38	111
38	113
38	114
38	115
38	119
38	121
38	123
38	124
38	125
38	126
38	127
38	128
38	129
38	130
38	131
38	133
38	134
38	135
38	136
38	138
38	139
38	140
38	142
38	143
38	146
38	147
38	148
39	2
39	3
39	5
39	6
39	7
39	8
39	10
39	11
39	12
39	14
39	15
39	16
39	17
39	18
39	20
39	21
39	22
39	23
39	27
39	28
39	29
39	31
39	32
39	34
39	35
39	36
39	37
39	38
39	41
39	42
39	43
39	44
39	45
39	46
39	47
39	48
39	49
39	51
39	53
39	54
39	56
39	57
39	58
39	59
39	61
39	63
39	64
39	67
39	68
39	69
39	73
39	75
39	76
39	77
39	78
39	80
39	83
39	85
39	86
39	87
39	88
39	91
39	92
39	95
39	97
39	98
39	99
39	104
39	105
39	108
39	109
39	111
39	112
39	115
39	116
39	117
39	118
39	120
39	122
39	123
39	124
39	125
39	127
39	129
39	130
39	131
39	132
39	135
39	139
39	140
39	142
39	143
39	147
39	148
39	149
40	1
40	3
40	7
40	8
40	9
40	11
40	12
40	13
40	16
40	21
40	22
40	24
40	27
40	28
40	29
40	30
40	31
40	32
40	33
40	34
40	35
40	38
40	39
40	40
40	41
40	47
40	48
40	50
40	51
40	53
40	55
40	56
40	57
40	59
40	60
40	61
40	63
40	64
40	65
40	66
40	67
40	68
40	69
40	70
40	71
40	72
40	73
40	75
40	77
40	78
40	80
40	84
40	85
40	86
40	90
40	92
40	93
40	94
40	95
40	96
40	97
40	98
40	100
40	101
40	102
40	103
40	104
40	107
40	109
40	111
40	112
40	113
40	114
40	115
40	116
40	117
40	118
40	122
40	123
40	124
40	125
40	126
40	127
40	128
40	130
40	132
40	135
40	140
40	141
40	142
40	143
40	145
40	146
40	147
40	148
40	149
41	2
41	3
41	5
41	6
41	10
41	12
41	14
41	15
41	17
41	22
41	23
41	24
41	25
41	26
41	27
41	28
41	29
41	31
41	33
41	34
41	35
41	36
41	37
41	39
41	40
41	42
41	44
41	47
41	48
41	50
41	51
41	52
41	53
41	54
41	59
41	60
41	65
41	67
41	71
41	72
41	73
41	74
41	75
41	76
41	78
41	79
41	81
41	84
41	87
41	88
41	89
41	90
41	91
41	93
41	94
41	95
41	96
41	97
41	100
41	101
41	102
41	103
41	105
41	106
41	107
41	112
41	115
41	116
41	117
41	118
41	119
41	120
41	122
41	123
41	124
41	126
41	127
41	128
41	130
41	132
41	134
41	137
41	138
41	139
41	142
41	143
41	144
41	145
41	146
42	3
42	4
42	5
42	6
42	9
42	10
42	11
42	12
42	14
42	15
42	16
42	17
42	18
42	20
42	24
42	25
42	26
42	27
42	28
42	29
42	30
42	31
42	33
42	35
42	36
42	44
42	48
42	50
42	53
42	54
42	55
42	60
42	63
42	64
42	65
42	68
42	71
42	72
42	75
42	76
42	77
42	78
42	82
42	83
42	85
42	86
42	88
42	90
42	91
42	92
42	93
42	94
42	95
42	96
42	97
42	98
42	99
42	101
42	102
42	104
42	106
42	107
42	111
42	116
42	119
42	120
42	126
42	129
42	130
42	131
42	132
42	133
42	134
42	135
42	137
42	138
42	140
42	143
42	145
42	146
42	147
42	148
42	149
43	1
43	2
43	3
43	5
43	6
43	10
43	11
43	13
43	15
43	18
43	20
43	22
43	29
43	30
43	31
43	32
43	34
43	35
43	37
43	38
43	39
43	40
43	41
43	42
43	43
43	44
43	45
43	47
43	48
43	50
43	54
43	55
43	56
43	58
43	60
43	61
43	62
43	63
43	65
43	66
43	67
43	68
43	70
43	72
43	74
43	75
43	77
43	80
43	81
43	82
43	83
43	84
43	86
43	87
43	89
43	90
43	91
43	93
43	94
43	95
43	96
43	97
43	98
43	99
43	100
43	101
43	102
43	103
43	105
43	106
43	107
43	108
43	113
43	114
43	116
43	118
43	121
43	122
43	124
43	126
43	128
43	129
43	130
43	131
43	134
43	135
43	137
43	139
43	140
43	142
43	143
43	144
43	145
43	146
43	147
43	149
44	1
44	3
44	4
44	5
44	6
44	7
44	9
44	11
44	12
44	13
44	15
44	16
44	17
44	18
44	21
44	23
44	24
44	27
44	28
44	29
44	30
44	31
44	32
44	34
44	41
44	42
44	43
44	45
44	48
44	50
44	51
44	53
44	54
44	57
44	60
44	62
44	63
44	65
44	68
44	69
44	70
44	71
44	72
44	73
44	74
44	76
44	79
44	80
44	82
44	84
44	87
44	93
44	97
44	98
44	99
44	101
44	103
44	105
44	109
44	111
44	112
44	114
44	115
44	117
44	123
44	124
44	126
44	127
44	129
44	130
44	131
44	133
44	134
44	137
44	138
44	140
44	141
44	142
44	145
44	147
44	149
44	150
45	1
45	2
45	8
45	10
45	11
45	12
45	14
45	15
45	17
45	18
45	20
45	21
45	22
45	26
45	27
45	31
45	33
45	34
45	35
45	38
45	39
45	41
45	42
45	43
45	44
45	45
45	46
45	47
45	48
45	49
45	50
45	51
45	53
45	54
45	55
45	56
45	57
45	59
45	62
45	63
45	64
45	65
45	66
45	69
45	70
45	72
45	74
45	75
45	76
45	77
45	79
45	81
45	82
45	83
45	84
45	86
45	87
45	90
45	92
45	93
45	94
45	96
45	98
45	100
45	101
45	104
45	105
45	106
45	108
45	109
45	111
45	112
45	113
45	114
45	115
45	117
45	118
45	119
45	121
45	123
45	124
45	126
45	127
45	128
45	129
45	130
45	131
45	134
45	135
45	136
45	138
45	140
45	141
45	142
45	143
45	146
45	147
45	150
46	1
46	2
46	5
46	6
46	8
46	10
46	11
46	12
46	13
46	14
46	16
46	17
46	19
46	20
46	22
46	23
46	24
46	25
46	28
46	29
46	30
46	31
46	35
46	36
46	37
46	38
46	42
46	44
46	45
46	46
46	47
46	48
46	49
46	50
46	51
46	53
46	54
46	56
46	57
46	58
46	61
46	64
46	65
46	66
46	67
46	68
46	71
46	73
46	75
46	76
46	78
46	79
46	80
46	81
46	83
46	85
46	87
46	88
46	91
46	92
46	93
46	94
46	95
46	97
46	100
46	101
46	103
46	104
46	107
46	110
46	111
46	112
46	116
46	119
46	121
46	123
46	124
46	126
46	127
46	128
46	130
46	131
46	132
46	133
46	135
46	136
46	137
46	138
46	140
46	141
46	142
46	143
46	145
46	146
46	147
46	148
46	149
46	150
47	1
47	6
47	7
47	8
47	10
47	11
47	13
47	14
47	15
47	17
47	20
47	21
47	22
47	23
47	24
47	26
47	27
47	29
47	31
47	32
47	33
47	35
47	36
47	37
47	38
47	39
47	40
47	42
47	46
47	47
47	48
47	49
47	50
47	51
47	52
47	53
47	54
47	59
47	60
47	61
47	63
47	65
47	66
47	67
47	68
47	73
47	75
47	78
47	79
47	83
47	85
47	87
47	88
47	89
47	91
47	93
47	94
47	95
47	97
47	98
47	99
47	101
47	102
47	104
47	105
47	106
47	109
47	110
47	111
47	112
47	113
47	114
47	115
47	116
47	118
47	119
47	120
47	121
47	123
47	124
47	125
47	126
47	127
47	129
47	130
47	131
47	132
47	133
47	135
47	136
47	137
47	138
47	140
47	142
47	143
47	144
47	145
47	146
47	147
47	148
48	2
48	4
48	6
48	7
48	9
48	12
48	15
48	16
48	21
48	22
48	26
48	28
48	29
48	32
48	35
48	36
48	40
48	41
48	42
48	43
48	44
48	46
48	47
48	48
48	49
48	51
48	53
48	54
48	57
48	58
48	60
48	64
48	65
48	66
48	67
48	68
48	69
48	72
48	73
48	74
48	75
48	76
48	78
48	81
48	84
48	85
48	87
48	88
48	90
48	91
48	92
48	93
48	97
48	98
48	99
48	100
48	102
48	103
48	105
48	106
48	108
48	111
48	114
48	115
48	116
48	117
48	118
48	119
48	120
48	122
48	123
48	124
48	125
48	126
48	128
48	130
48	133
48	135
48	137
48	138
48	139
48	141
48	144
48	145
48	147
48	149
49	2
49	4
49	6
49	9
49	10
49	15
49	16
49	19
49	21
49	23
49	24
49	25
49	29
49	30
49	31
49	33
49	34
49	35
49	36
49	37
49	38
49	39
49	40
49	42
49	44
49	47
49	48
49	49
49	50
49	51
49	52
49	53
49	56
49	59
49	61
49	62
49	65
49	66
49	67
49	68
49	71
49	72
49	76
49	77
49	78
49	80
49	82
49	84
49	85
49	87
49	88
49	89
49	90
49	93
49	94
49	95
49	97
49	98
49	100
49	101
49	103
49	105
49	106
49	107
49	108
49	109
49	112
49	113
49	114
49	115
49	116
49	119
49	120
49	121
49	122
49	125
49	127
49	128
49	129
49	130
49	132
49	133
49	134
49	135
49	137
49	138
49	139
49	141
49	142
49	143
49	145
49	146
49	147
49	148
49	150
50	1
50	5
50	6
50	7
50	10
50	11
50	12
50	16
50	17
50	18
50	20
50	22
50	23
50	25
50	26
50	28
50	29
50	32
50	33
50	34
50	36
50	37
50	38
50	39
50	40
50	41
50	45
50	47
50	48
50	49
50	50
50	51
50	52
50	53
50	57
50	60
50	61
50	62
50	64
50	66
50	67
50	68
50	69
50	70
50	72
50	73
50	74
50	75
50	77
50	79
50	80
50	83
50	84
50	85
50	86
50	87
50	91
50	92
50	95
50	96
50	97
50	99
50	101
50	103
50	104
50	105
50	108
50	110
50	112
50	114
50	116
50	121
50	122
50	127
50	128
50	129
50	133
50	134
50	138
50	142
50	143
50	144
50	145
50	150
51	2
51	4
51	5
51	6
51	7
51	9
51	10
51	12
51	13
51	15
51	17
51	18
51	19
51	21
51	22
51	23
51	25
51	26
51	28
51	32
51	33
51	35
51	36
51	37
51	39
51	40
51	41
51	42
51	43
51	45
51	46
51	49
51	53
51	54
51	58
51	59
51	60
51	61
51	63
51	68
51	69
51	71
51	73
51	74
51	75
51	76
51	78
51	82
51	84
51	85
51	86
51	88
51	90
51	92
51	94
51	95
51	96
51	97
51	101
51	102
51	104
51	105
51	106
51	107
51	108
51	110
51	111
51	112
51	113
51	115
51	116
51	117
51	118
51	119
51	120
51	121
51	126
51	130
51	131
51	132
51	134
51	135
51	137
51	139
51	142
51	144
51	145
51	146
51	147
51	148
51	150
52	1
52	3
52	4
52	6
52	7
52	8
52	9
52	11
52	12
52	13
52	14
52	15
52	16
52	17
52	18
52	19
52	20
52	21
52	22
52	23
52	24
52	25
52	27
52	28
52	30
52	31
52	32
52	33
52	34
52	35
52	36
52	37
52	38
52	42
52	44
52	45
52	47
52	51
52	52
52	56
52	59
52	61
52	62
52	63
52	64
52	65
52	66
52	67
52	70
52	71
52	72
52	74
52	75
52	77
52	78
52	79
52	80
52	81
52	84
52	85
52	87
52	88
52	89
52	90
52	91
52	92
52	93
52	94
52	95
52	96
52	99
52	100
52	101
52	105
52	106
52	107
52	109
52	110
52	112
52	114
52	116
52	119
52	120
52	121
52	122
52	123
52	124
52	125
52	126
52	127
52	128
52	129
52	130
52	131
52	134
52	136
52	143
52	144
52	146
52	147
52	148
52	149
52	150
53	2
53	3
53	4
53	5
53	8
53	9
53	11
53	13
53	14
53	18
53	19
53	23
53	24
53	25
53	29
53	30
53	31
53	32
53	33
53	35
53	36
53	37
53	42
53	43
53	44
53	45
53	48
53	50
53	51
53	53
53	54
53	56
53	57
53	58
53	59
53	60
53	61
53	62
53	63
53	64
53	67
53	68
53	69
53	72
53	75
53	77
53	78
53	82
53	83
53	86
53	87
53	88
53	89
53	90
53	91
53	92
53	93
53	94
53	95
53	98
53	99
53	100
53	101
53	103
53	104
53	105
53	108
53	111
53	112
53	113
53	114
53	118
53	119
53	120
53	121
53	122
53	123
53	124
53	125
53	126
53	127
53	128
53	129
53	131
53	134
53	135
53	137
53	139
53	140
53	141
53	143
53	144
53	146
53	147
53	150
54	1
54	2
54	3
54	5
54	6
54	7
54	10
54	11
54	12
54	13
54	15
54	16
54	17
54	19
54	20
54	21
54	23
54	24
54	25
54	26
54	27
54	28
54	30
54	31
54	32
54	33
54	36
54	37
54	38
54	45
54	46
54	47
54	48
54	49
54	51
54	52
54	53
54	54
54	55
54	56
54	57
54	58
54	60
54	61
54	62
54	64
54	65
54	66
54	71
54	73
54	76
54	77
54	79
54	80
54	81
54	82
54	84
54	85
54	86
54	88
54	89
54	90
54	92
54	93
54	96
54	97
54	98
54	101
54	102
54	105
54	106
54	107
54	110
54	111
54	112
54	113
54	114
54	115
54	120
54	121
54	123
54	126
54	127
54	131
54	132
54	133
54	134
54	135
54	136
54	137
54	139
54	141
54	145
54	146
55	1
55	2
55	4
55	6
55	7
55	8
55	10
55	12
55	15
55	16
55	17
55	18
55	19
55	21
55	23
55	25
55	26
55	28
55	29
55	30
55	32
55	35
55	36
55	37
55	38
55	39
55	40
55	41
55	43
55	44
55	45
55	46
55	47
55	50
55	51
55	52
55	53
55	54
55	55
55	56
55	57
55	59
55	61
55	62
55	63
55	64
55	65
55	67
55	68
55	71
55	74
55	75
55	76
55	77
55	79
55	80
55	81
55	82
55	83
55	84
55	87
55	89
55	90
55	91
55	93
55	94
55	98
55	99
55	100
55	101
55	102
55	103
55	104
55	107
55	109
55	110
55	111
55	113
55	114
55	116
55	118
55	120
55	121
55	122
55	123
55	124
55	126
55	130
55	131
55	133
55	134
55	135
55	136
55	140
55	141
55	145
55	146
55	147
55	149
55	150
56	3
56	5
56	6
56	9
56	11
56	12
56	13
56	14
56	16
56	17
56	18
56	21
56	23
56	25
56	26
56	29
56	32
56	37
56	39
56	41
56	44
56	45
56	47
56	48
56	49
56	50
56	51
56	52
56	54
56	55
56	57
56	58
56	60
56	62
56	65
56	66
56	67
56	68
56	69
56	70
56	71
56	72
56	73
56	74
56	76
56	77
56	80
56	84
56	85
56	88
56	89
56	93
56	95
56	98
56	99
56	100
56	101
56	102
56	103
56	107
56	108
56	110
56	111
56	113
56	116
56	119
56	120
56	122
56	123
56	125
56	126
56	127
56	131
56	132
56	133
56	134
56	135
56	139
56	141
56	142
56	143
56	144
56	147
56	148
56	149
57	2
57	3
57	5
57	7
57	8
57	9
57	10
57	11
57	13
57	14
57	15
57	16
57	19
57	21
57	22
57	23
57	24
57	25
57	28
57	29
57	30
57	31
57	36
57	38
57	40
57	41
57	42
57	44
57	45
57	46
57	48
57	50
57	51
57	52
57	53
57	55
57	56
57	57
57	58
57	62
57	63
57	66
57	67
57	70
57	72
57	73
57	76
57	77
57	78
57	80
57	81
57	82
57	85
57	86
57	89
57	90
57	91
57	92
57	93
57	98
57	99
57	101
57	103
57	105
57	107
57	108
57	109
57	110
57	111
57	112
57	114
57	115
57	117
57	118
57	120
57	122
57	123
57	124
57	128
57	130
57	134
57	135
57	137
57	139
57	140
57	141
57	142
57	143
57	144
57	146
57	147
57	148
57	149
58	1
58	2
58	3
58	4
58	6
58	10
58	11
58	12
58	13
58	17
58	20
58	21
58	22
58	23
58	25
58	27
58	28
58	30
58	33
58	35
58	37
58	39
58	40
58	41
58	43
58	44
58	45
58	47
58	49
58	50
58	52
58	54
58	56
58	59
58	60
58	62
58	63
58	65
58	70
58	71
58	72
58	74
58	75
58	76
58	77
58	78
58	79
58	80
58	81
58	82
58	84
58	85
58	86
58	87
58	88
58	89
58	91
58	92
58	93
58	94
58	96
58	97
58	98
58	99
58	101
58	102
58	103
58	104
58	106
58	107
58	109
58	110
58	111
58	113
58	114
58	115
58	117
58	118
58	119
58	120
58	122
58	123
58	124
58	126
58	128
58	129
58	130
58	132
58	133
58	135
58	136
58	137
58	138
58	139
58	140
58	142
58	143
58	147
58	148
58	150
59	1
59	2
59	3
59	5
59	6
59	8
59	10
59	11
59	12
59	13
59	14
59	16
59	20
59	24
59	27
59	28
59	29
59	31
59	34
59	35
59	37
59	39
59	41
59	42
59	46
59	47
59	48
59	50
59	51
59	52
59	53
59	55
59	56
59	59
59	60
59	61
59	62
59	65
59	66
59	67
59	68
59	70
59	72
59	74
59	75
59	79
59	80
59	82
59	85
59	86
59	87
59	88
59	90
59	91
59	92
59	93
59	94
59	96
59	97
59	102
59	103
59	104
59	105
59	106
59	107
59	109
59	110
59	111
59	112
59	114
59	116
59	117
59	118
59	119
59	120
59	121
59	123
59	126
59	128
59	130
59	133
59	136
59	140
59	141
59	143
59	144
59	145
59	146
59	147
59	148
60	1
60	4
60	6
60	9
60	11
60	13
60	15
60	16
60	17
60	22
60	25
60	28
60	29
60	30
60	31
60	33
60	35
60	36
60	37
60	38
60	39
60	42
60	43
60	44
60	46
60	48
60	49
60	50
60	51
60	52
60	55
60	56
60	57
60	63
60	64
60	65
60	66
60	67
60	71
60	73
60	75
60	77
60	78
60	79
60	81
60	82
60	87
60	88
60	89
60	90
60	91
60	92
60	93
60	94
60	95
60	99
60	100
60	101
60	102
60	103
60	104
60	106
60	109
60	110
60	111
60	112
60	114
60	118
60	119
60	121
60	122
60	123
60	126
60	128
60	129
60	131
60	132
60	134
60	138
60	139
60	140
60	142
60	146
60	148
60	149
60	150
61	3
61	5
61	6
61	7
61	8
61	11
61	12
61	15
61	17
61	19
61	20
61	22
61	23
61	24
61	28
61	29
61	31
61	33
61	34
61	35
61	36
61	37
61	38
61	39
61	40
61	41
61	43
61	45
61	47
61	49
61	55
61	57
61	59
61	60
61	61
61	62
61	63
61	66
61	67
61	68
61	69
61	70
61	71
61	73
61	74
61	75
61	79
61	80
61	81
61	82
61	83
61	85
61	88
61	89
61	91
61	92
61	93
61	94
61	95
61	96
61	97
61	99
61	101
61	102
61	104
61	105
61	106
61	110
61	112
61	114
61	116
61	118
61	119
61	120
61	123
61	124
61	127
61	132
61	133
61	134
61	135
61	137
61	138
61	139
61	142
61	143
61	145
61	146
61	148
61	149
61	150
62	2
62	3
62	4
62	5
62	8
62	11
62	13
62	14
62	17
62	18
62	20
62	22
62	23
62	25
62	27
62	28
62	31
62	33
62	35
62	36
62	37
62	40
62	41
62	42
62	43
62	44
62	45
62	47
62	48
62	49
62	50
62	51
62	55
62	56
62	61
62	62
62	64
62	65
62	67
62	69
62	70
62	72
62	73
62	75
62	77
62	80
62	81
62	83
62	84
62	88
62	89
62	94
62	96
62	97
62	99
62	101
62	102
62	103
62	104
62	105
62	107
62	108
62	109
62	110
62	111
62	112
62	116
62	117
62	118
62	119
62	120
62	121
62	122
62	123
62	125
62	126
62	127
62	129
62	131
62	132
62	133
62	135
62	136
62	137
62	138
62	139
62	140
62	143
62	144
62	147
62	149
63	2
63	3
63	6
63	8
63	11
63	13
63	14
63	15
63	16
63	18
63	19
63	21
63	22
63	23
63	24
63	25
63	26
63	27
63	28
63	31
63	34
63	35
63	36
63	37
63	38
63	39
63	40
63	41
63	43
63	44
63	50
63	51
63	52
63	54
63	56
63	57
63	58
63	60
63	61
63	62
63	64
63	67
63	68
63	69
63	70
63	72
63	73
63	74
63	76
63	77
63	78
63	79
63	80
63	81
63	83
63	85
63	87
63	88
63	91
63	92
63	93
63	94
63	95
63	96
63	97
63	99
63	100
63	101
63	103
63	104
63	105
63	107
63	108
63	109
63	110
63	111
63	112
63	113
63	115
63	116
63	117
63	118
63	120
63	122
63	123
63	129
63	131
63	132
63	133
63	134
63	135
63	138
63	139
63	144
63	145
63	147
63	148
64	1
64	2
64	6
64	8
64	12
64	16
64	17
64	19
64	20
64	21
64	22
64	23
64	24
64	25
64	29
64	31
64	33
64	34
64	37
64	38
64	39
64	40
64	42
64	45
64	46
64	47
64	48
64	49
64	50
64	52
64	53
64	54
64	55
64	57
64	61
64	63
64	65
64	66
64	67
64	73
64	74
64	75
64	78
64	79
64	82
64	84
64	86
64	87
64	88
64	89
64	90
64	91
64	92
64	93
64	94
64	95
64	96
64	99
64	101
64	103
64	105
64	106
64	110
64	111
64	112
64	113
64	116
64	118
64	120
64	121
64	122
64	123
64	124
64	126
64	127
64	128
64	129
64	130
64	131
64	132
64	133
64	142
64	146
64	148
64	149
64	150
65	1
65	3
65	4
65	5
65	6
65	7
65	9
65	10
65	12
65	13
65	14
65	15
65	16
65	17
65	20
65	21
65	22
65	23
65	24
65	25
65	26
65	27
65	28
65	30
65	33
65	34
65	36
65	37
65	38
65	40
65	42
65	44
65	45
65	46
65	48
65	49
65	50
65	53
65	54
65	55
65	57
65	58
65	59
65	60
65	61
65	62
65	63
65	65
65	66
65	67
65	68
65	69
65	70
65	71
65	72
65	73
65	74
65	75
65	77
65	78
65	80
65	81
65	83
65	84
65	91
65	93
65	95
65	97
65	98
65	99
65	100
65	101
65	103
65	104
65	105
65	106
65	107
65	111
65	112
65	113
65	117
65	118
65	121
65	122
65	126
65	127
65	131
65	133
65	135
65	136
65	138
65	139
65	140
65	141
65	142
65	143
65	145
65	148
65	149
66	2
66	3
66	5
66	6
66	7
66	9
66	10
66	12
66	13
66	14
66	15
66	17
66	18
66	21
66	24
66	26
66	28
66	29
66	30
66	34
66	35
66	36
66	37
66	41
66	42
66	43
66	46
66	47
66	48
66	50
66	51
66	52
66	54
66	55
66	59
66	60
66	61
66	62
66	64
66	67
66	69
66	70
66	71
66	73
66	74
66	75
66	76
66	77
66	78
66	79
66	87
66	88
66	91
66	93
66	94
66	100
66	102
66	103
66	104
66	105
66	107
66	108
66	110
66	111
66	113
66	114
66	115
66	116
66	117
66	119
66	120
66	121
66	122
66	124
66	127
66	128
66	130
66	133
66	134
66	136
66	140
66	141
66	142
66	144
66	145
66	147
66	149
66	150
67	1
67	2
67	3
67	5
67	11
67	15
67	19
67	20
67	24
67	25
67	26
67	29
67	31
67	32
67	33
67	35
67	36
67	38
67	39
67	43
67	44
67	46
67	47
67	48
67	49
67	51
67	52
67	53
67	54
67	56
67	57
67	59
67	65
67	66
67	67
67	68
67	69
67	71
67	74
67	75
67	78
67	79
67	80
67	81
67	83
67	86
67	88
67	90
67	91
67	92
67	93
67	94
67	95
67	99
67	100
67	101
67	104
67	105
67	107
67	108
67	111
67	112
67	113
67	115
67	117
67	120
67	122
67	123
67	124
67	125
67	126
67	127
67	128
67	131
67	133
67	136
67	137
67	138
67	140
67	142
67	144
67	145
67	146
67	147
67	149
67	150
68	1
68	2
68	3
68	6
68	9
68	11
68	12
68	14
68	17
68	18
68	19
68	21
68	22
68	23
68	24
68	26
68	29
68	31
68	32
68	34
68	35
68	36
68	37
68	38
68	40
68	42
68	43
68	45
68	48
68	50
68	51
68	53
68	54
68	55
68	56
68	58
68	59
68	60
68	61
68	62
68	63
68	64
68	65
68	67
68	68
68	69
68	70
68	71
68	72
68	73
68	74
68	76
68	77
68	79
68	81
68	83
68	84
68	85
68	86
68	87
68	89
68	90
68	91
68	92
68	93
68	94
68	97
68	98
68	99
68	101
68	102
68	104
68	105
68	106
68	107
68	109
68	110
68	111
68	112
68	113
68	115
68	116
68	118
68	120
68	121
68	124
68	125
68	128
68	129
68	130
68	131
68	132
68	133
68	134
68	135
68	136
68	138
68	140
68	141
68	142
68	143
68	144
68	145
68	146
68	148
69	3
69	4
69	6
69	8
69	10
69	11
69	12
69	13
69	15
69	16
69	17
69	18
69	20
69	21
69	23
69	24
69	25
69	26
69	27
69	28
69	29
69	30
69	33
69	34
69	35
69	36
69	37
69	38
69	39
69	41
69	42
69	43
69	44
69	46
69	47
69	48
69	49
69	52
69	53
69	55
69	56
69	57
69	59
69	60
69	61
69	62
69	64
69	69
69	70
69	71
69	72
69	74
69	76
69	81
69	82
69	86
69	87
69	88
69	90
69	94
69	97
69	99
69	101
69	103
69	104
69	107
69	108
69	109
69	110
69	111
69	113
69	115
69	116
69	117
69	119
69	120
69	121
69	123
69	124
69	126
69	127
69	128
69	130
69	131
69	132
69	133
69	138
69	139
69	141
69	142
69	143
69	144
69	145
69	148
69	149
69	150
70	1
70	2
70	3
70	5
70	7
70	8
70	9
70	10
70	11
70	12
70	13
70	15
70	17
70	20
70	25
70	28
70	29
70	30
70	32
70	35
70	36
70	39
70	43
70	44
70	46
70	47
70	48
70	52
70	53
70	55
70	56
70	57
70	62
70	63
70	65
70	66
70	67
70	68
70	71
70	72
70	73
70	74
70	77
70	79
70	83
70	84
70	85
70	92
70	94
70	95
70	96
70	97
70	99
70	101
70	102
70	103
70	104
70	107
70	109
70	111
70	112
70	113
70	114
70	115
70	116
70	117
70	118
70	119
70	122
70	123
70	124
70	125
70	126
70	127
70	128
70	129
70	131
70	133
70	134
70	135
70	136
70	139
70	140
70	141
70	142
70	143
70	144
70	146
70	147
70	149
70	150
71	5
71	6
71	7
71	8
71	10
71	11
71	12
71	13
71	15
71	18
71	21
71	23
71	24
71	25
71	26
71	27
71	28
71	29
71	31
71	34
71	35
71	36
71	38
71	40
71	41
71	42
71	43
71	44
71	46
71	47
71	49
71	52
71	53
71	54
71	55
71	58
71	59
71	60
71	61
71	62
71	64
71	65
71	68
71	71
71	72
71	77
71	78
71	79
71	80
71	81
71	82
71	83
71	84
71	86
71	87
71	88
71	89
71	90
71	91
71	92
71	94
71	95
71	96
71	99
71	100
71	101
71	102
71	103
71	104
71	105
71	106
71	107
71	111
71	113
71	114
71	115
71	119
71	121
71	124
71	125
71	126
71	127
71	128
71	129
71	130
71	131
71	132
71	133
71	134
71	137
71	139
71	141
71	142
71	145
71	147
71	148
71	149
71	150
72	1
72	3
72	4
72	5
72	7
72	8
72	9
72	11
72	12
72	14
72	15
72	16
72	17
72	21
72	28
72	29
72	30
72	33
72	34
72	36
72	37
72	38
72	40
72	42
72	43
72	44
72	47
72	48
72	49
72	50
72	53
72	54
72	55
72	57
72	60
72	61
72	63
72	64
72	65
72	66
72	67
72	68
72	70
72	71
72	73
72	75
72	76
72	77
72	80
72	82
72	83
72	84
72	85
72	88
72	89
72	90
72	93
72	94
72	96
72	99
72	101
72	102
72	103
72	105
72	106
72	107
72	108
72	109
72	111
72	113
72	114
72	115
72	116
72	117
72	118
72	120
72	121
72	123
72	124
72	125
72	127
72	128
72	130
72	131
72	132
72	133
72	134
72	135
72	137
72	138
72	139
72	142
72	143
72	147
72	148
72	150
73	1
73	2
73	3
73	5
73	6
73	8
73	9
73	10
73	12
73	15
73	16
73	17
73	18
73	19
73	20
73	22
73	24
73	26
73	27
73	28
73	30
73	32
73	33
73	34
73	36
73	37
73	39
73	41
73	42
73	44
73	46
73	49
73	50
73	51
73	52
73	53
73	54
73	56
73	57
73	59
73	61
73	62
73	63
73	64
73	65
73	66
73	67
73	69
73	71
73	73
73	75
73	77
73	78
73	80
73	82
73	83
73	84
73	85
73	86
73	87
73	89
73	91
73	92
73	94
73	95
73	98
73	100
73	101
73	103
73	105
73	107
73	110
73	111
73	115
73	116
73	118
73	121
73	122
73	123
73	125
73	127
73	129
73	130
73	131
73	132
73	133
73	136
73	137
73	138
73	139
73	140
73	143
73	144
73	147
73	148
73	149
73	150
74	1
74	2
74	4
74	5
74	7
74	9
74	10
74	11
74	12
74	13
74	14
74	17
74	18
74	19
74	21
74	22
74	23
74	24
74	25
74	26
74	27
74	28
74	29
74	30
74	32
74	33
74	34
74	35
74	36
74	37
74	39
74	40
74	41
74	44
74	46
74	47
74	49
74	50
74	51
74	52
74	54
74	55
74	56
74	57
74	58
74	59
74	61
74	62
74	63
74	64
74	65
74	67
74	68
74	70
74	71
74	73
74	74
74	75
74	77
74	78
74	79
74	80
74	81
74	82
74	83
74	84
74	88
74	92
74	93
74	94
74	95
74	96
74	99
74	100
74	102
74	103
74	105
74	106
74	108
74	109
74	110
74	111
74	112
74	113
74	115
74	116
74	117
74	118
74	119
74	120
74	121
74	122
74	123
74	125
74	126
74	127
74	129
74	132
74	133
74	134
74	135
74	137
74	138
74	142
74	144
74	145
74	146
74	147
74	148
74	149
74	150
75	1
75	2
75	3
75	5
75	6
75	7
75	9
75	10
75	12
75	13
75	15
75	16
75	17
75	18
75	19
75	20
75	22
75	23
75	25
75	27
75	28
75	29
75	31
75	32
75	33
75	34
75	35
75	36
75	38
75	40
75	41
75	42
75	43
75	44
75	45
75	46
75	48
75	50
75	51
75	54
75	56
75	57
75	58
75	59
75	60
75	63
75	64
75	66
75	67
75	68
75	70
75	71
75	72
75	74
75	76
75	77
75	78
75	79
75	81
75	83
75	84
75	85
75	86
75	88
75	89
75	91
75	92
75	93
75	96
75	98
75	99
75	102
75	104
75	106
75	107
75	111
75	115
75	116
75	118
75	119
75	123
75	125
75	129
75	130
75	131
75	132
75	133
75	134
75	138
75	139
75	140
75	141
75	143
75	144
75	145
75	147
75	148
75	149
75	150
76	1
76	4
76	5
76	6
76	7
76	10
76	11
76	12
76	13
76	15
76	16
76	17
76	18
76	19
76	20
76	21
76	22
76	24
76	26
76	27
76	28
76	29
76	30
76	31
76	32
76	33
76	36
76	37
76	38
76	39
76	40
76	41
76	42
76	43
76	44
76	46
76	47
76	48
76	49
76	50
76	51
76	52
76	58
76	59
76	60
76	61
76	63
76	65
76	66
76	68
76	72
76	73
76	74
76	75
76	77
76	78
76	81
76	84
76	87
76	88
76	89
76	90
76	92
76	93
76	94
76	95
76	96
76	97
76	98
76	99
76	100
76	101
76	103
76	104
76	105
76	107
76	109
76	111
76	112
76	114
76	115
76	118
76	122
76	127
76	128
76	131
76	132
76	133
76	134
76	135
76	136
76	137
76	139
76	140
76	141
76	143
76	144
76	145
76	146
76	147
76	148
76	149
76	150
77	1
77	3
77	5
77	7
77	8
77	10
77	11
77	13
77	15
77	16
77	24
77	25
77	26
77	27
77	28
77	29
77	30
77	31
77	32
77	34
77	35
77	36
77	38
77	39
77	40
77	41
77	44
77	45
77	46
77	49
77	50
77	52
77	53
77	54
77	55
77	56
77	58
77	61
77	63
77	64
77	66
77	69
77	72
77	73
77	74
77	75
77	76
77	80
77	81
77	82
77	83
77	85
77	86
77	87
77	91
77	92
77	93
77	94
77	95
77	96
77	97
77	98
77	99
77	101
77	102
77	105
77	107
77	108
77	109
77	110
77	112
77	114
77	115
77	116
77	117
77	118
77	119
77	121
77	123
77	124
77	126
77	127
77	129
77	130
77	132
77	135
77	136
77	138
77	140
77	143
77	145
77	148
78	2
78	3
78	4
78	5
78	6
78	8
78	10
78	12
78	13
78	14
78	15
78	16
78	19
78	21
78	22
78	23
78	24
78	25
78	26
78	27
78	28
78	30
78	33
78	35
78	36
78	37
78	38
78	39
78	42
78	43
78	44
78	45
78	48
78	49
78	50
78	51
78	52
78	54
78	56
78	61
78	63
78	67
78	68
78	69
78	71
78	74
78	75
78	77
78	78
78	79
78	83
78	86
78	87
78	91
78	93
78	94
78	100
78	101
78	102
78	103
78	104
78	107
78	108
78	110
78	111
78	112
78	113
78	118
78	119
78	120
78	121
78	122
78	123
78	124
78	125
78	126
78	130
78	131
78	134
78	135
78	136
78	137
78	138
78	139
78	140
78	141
78	144
78	146
78	148
78	149
78	150
79	1
79	4
79	6
79	7
79	10
79	12
79	14
79	16
79	20
79	21
79	22
79	23
79	24
79	26
79	29
79	31
79	34
79	35
79	37
79	39
79	40
79	41
79	42
79	43
79	44
79	45
79	47
79	48
79	49
79	51
79	52
79	53
79	54
79	56
79	57
79	59
79	62
79	64
79	65
79	67
79	68
79	69
79	70
79	71
79	72
79	73
79	75
79	76
79	77
79	78
79	79
79	80
79	81
79	83
79	84
79	85
79	86
79	89
79	90
79	91
79	97
79	99
79	100
79	101
79	102
79	103
79	104
79	106
79	108
79	109
79	110
79	111
79	112
79	113
79	116
79	117
79	118
79	121
79	123
79	124
79	125
79	126
79	128
79	130
79	136
79	137
79	140
79	141
79	146
79	147
80	3
80	4
80	6
80	8
80	11
80	12
80	13
80	15
80	16
80	17
80	18
80	19
80	20
80	22
80	25
80	26
80	27
80	29
80	30
80	31
80	33
80	35
80	37
80	40
80	41
80	42
80	43
80	44
80	45
80	47
80	48
80	50
80	51
80	55
80	58
80	60
80	61
80	62
80	63
80	64
80	66
80	70
80	71
80	72
80	73
80	74
80	76
80	77
80	78
80	80
80	81
80	83
80	84
80	85
80	86
80	90
80	93
80	94
80	95
80	97
80	98
80	100
80	101
80	105
80	106
80	108
80	109
80	110
80	112
80	113
80	117
80	118
80	119
80	120
80	121
80	124
80	125
80	126
80	127
80	128
80	132
80	133
80	134
80	136
80	137
80	138
80	139
80	140
80	141
80	143
80	145
80	146
80	147
81	1
81	3
81	4
81	5
81	7
81	8
81	9
81	11
81	14
81	15
81	16
81	18
81	24
81	25
81	26
81	27
81	28
81	29
81	30
81	31
81	32
81	33
81	34
81	36
81	37
81	38
81	39
81	40
81	44
81	46
81	47
81	48
81	49
81	50
81	51
81	53
81	54
81	56
81	57
81	58
81	59
81	60
81	62
81	63
81	64
81	65
81	66
81	67
81	68
81	70
81	71
81	72
81	73
81	74
81	75
81	76
81	77
81	78
81	79
81	80
81	82
81	87
81	88
81	89
81	90
81	91
81	92
81	93
81	94
81	95
81	98
81	99
81	100
81	101
81	102
81	104
81	105
81	106
81	107
81	108
81	114
81	117
81	118
81	120
81	121
81	122
81	123
81	124
81	126
81	127
81	128
81	131
81	132
81	133
81	134
81	135
81	137
81	138
81	139
81	142
81	143
81	144
81	145
81	147
81	149
81	150
82	2
82	3
82	4
82	5
82	6
82	7
82	8
82	10
82	14
82	15
82	16
82	18
82	19
82	20
82	21
82	25
82	26
82	28
82	30
82	31
82	32
82	33
82	34
82	35
82	36
82	37
82	39
82	40
82	42
82	43
82	44
82	48
82	50
82	51
82	52
82	53
82	54
82	58
82	59
82	61
82	62
82	64
82	65
82	66
82	68
82	70
82	72
82	73
82	75
82	76
82	77
82	79
82	81
82	82
82	84
82	86
82	88
82	89
82	90
82	91
82	93
82	94
82	95
82	96
82	97
82	98
82	99
82	101
82	102
82	103
82	104
82	107
82	108
82	111
82	112
82	113
82	114
82	115
82	116
82	117
82	119
82	120
82	121
82	122
82	123
82	126
82	127
82	128
82	129
82	131
82	132
82	133
82	134
82	136
82	137
82	139
82	140
82	141
82	142
82	145
82	146
82	147
82	148
82	149
83	1
83	2
83	3
83	5
83	11
83	12
83	14
83	16
83	17
83	18
83	21
83	22
83	23
83	25
83	26
83	27
83	28
83	29
83	32
83	34
83	35
83	36
83	37
83	38
83	39
83	40
83	41
83	42
83	45
83	50
83	52
83	53
83	55
83	56
83	58
83	62
83	63
83	64
83	65
83	66
83	67
83	72
83	75
83	76
83	77
83	78
83	79
83	81
83	82
83	83
83	84
83	85
83	87
83	89
83	92
83	93
83	95
83	96
83	98
83	99
83	102
83	104
83	105
83	109
83	110
83	111
83	114
83	118
83	119
83	121
83	123
83	125
83	127
83	129
83	132
83	133
83	135
83	138
83	139
83	140
83	142
83	143
83	144
83	145
83	146
83	147
83	148
83	149
83	150
84	1
84	2
84	5
84	6
84	8
84	11
84	13
84	14
84	16
84	17
84	18
84	20
84	21
84	22
84	23
84	26
84	27
84	29
84	30
84	31
84	32
84	33
84	34
84	36
84	37
84	38
84	39
84	40
84	42
84	44
84	50
84	52
84	56
84	58
84	59
84	60
84	61
84	62
84	64
84	66
84	67
84	70
84	71
84	73
84	74
84	75
84	76
84	78
84	80
84	81
84	82
84	85
84	87
84	88
84	89
84	90
84	91
84	93
84	94
84	95
84	97
84	98
84	99
84	101
84	102
84	104
84	105
84	106
84	107
84	108
84	109
84	110
84	111
84	112
84	113
84	114
84	115
84	116
84	122
84	124
84	125
84	126
84	128
84	129
84	131
84	132
84	133
84	134
84	135
84	137
84	138
84	139
84	140
84	142
84	144
84	146
84	147
84	148
84	149
84	150
85	1
85	2
85	3
85	5
85	7
85	8
85	9
85	10
85	11
85	13
85	17
85	18
85	19
85	26
85	28
85	29
85	30
85	32
85	33
85	40
85	41
85	42
85	43
85	44
85	46
85	47
85	48
85	52
85	53
85	54
85	55
85	57
85	58
85	60
85	61
85	62
85	63
85	65
85	66
85	71
85	73
85	77
85	78
85	81
85	85
85	87
85	88
85	91
85	93
85	94
85	95
85	96
85	98
85	99
85	101
85	102
85	103
85	104
85	107
85	108
85	109
85	110
85	112
85	114
85	115
85	116
85	117
85	122
85	124
85	125
85	126
85	128
85	129
85	134
85	138
85	143
85	144
85	146
85	147
85	150
86	1
86	3
86	7
86	8
86	9
86	10
86	11
86	12
86	14
86	15
86	23
86	24
86	25
86	26
86	27
86	28
86	29
86	31
86	32
86	33
86	35
86	37
86	38
86	39
86	40
86	43
86	44
86	45
86	46
86	47
86	49
86	51
86	52
86	54
86	58
86	59
86	60
86	61
86	62
86	63
86	65
86	66
86	70
86	71
86	72
86	74
86	76
86	79
86	82
86	83
86	84
86	86
86	88
86	90
86	91
86	92
86	93
86	95
86	96
86	97
86	98
86	99
86	100
86	101
86	103
86	106
86	107
86	109
86	110
86	111
86	117
86	118
86	119
86	120
86	122
86	123
86	124
86	125
86	126
86	128
86	129
86	132
86	133
86	136
86	137
86	138
86	139
86	140
86	144
86	149
87	2
87	5
87	6
87	7
87	8
87	9
87	11
87	12
87	13
87	14
87	16
87	17
87	19
87	20
87	23
87	24
87	25
87	27
87	28
87	29
87	30
87	31
87	34
87	35
87	37
87	38
87	39
87	40
87	41
87	42
87	43
87	44
87	46
87	47
87	48
87	49
87	50
87	54
87	55
87	56
87	57
87	62
87	63
87	65
87	66
87	68
87	69
87	72
87	76
87	78
87	80
87	81
87	82
87	84
87	85
87	87
87	88
87	91
87	92
87	93
87	94
87	96
87	97
87	98
87	99
87	101
87	102
87	104
87	105
87	106
87	107
87	109
87	110
87	112
87	113
87	114
87	115
87	119
87	120
87	122
87	123
87	124
87	130
87	132
87	135
87	136
87	137
87	138
87	140
87	142
87	143
87	145
87	147
87	149
87	150
88	2
88	3
88	6
88	8
88	9
88	10
88	11
88	12
88	13
88	15
88	16
88	18
88	20
88	21
88	25
88	26
88	27
88	28
88	29
88	30
88	31
88	33
88	34
88	35
88	39
88	42
88	43
88	44
88	45
88	47
88	49
88	50
88	51
88	52
88	54
88	55
88	57
88	58
88	60
88	61
88	62
88	68
88	69
88	70
88	74
88	76
88	80
88	81
88	82
88	83
88	84
88	85
88	86
88	87
88	88
88	90
88	92
88	93
88	94
88	97
88	99
88	100
88	101
88	102
88	106
88	107
88	108
88	109
88	110
88	111
88	112
88	115
88	117
88	118
88	121
88	123
88	125
88	126
88	129
88	130
88	134
88	138
88	139
88	140
88	141
88	142
88	145
88	146
88	148
88	149
88	150
89	1
89	2
89	3
89	4
89	5
89	7
89	8
89	11
89	13
89	14
89	15
89	17
89	19
89	20
89	21
89	22
89	23
89	24
89	25
89	26
89	28
89	30
89	31
89	35
89	37
89	38
89	39
89	40
89	42
89	43
89	46
89	47
89	48
89	51
89	52
89	53
89	54
89	58
89	59
89	62
89	63
89	64
89	66
89	68
89	69
89	71
89	72
89	74
89	75
89	76
89	78
89	80
89	81
89	82
89	85
89	86
89	87
89	88
89	89
89	90
89	91
89	92
89	93
89	94
89	97
89	98
89	99
89	100
89	101
89	102
89	104
89	106
89	109
89	110
89	112
89	113
89	114
89	115
89	117
89	119
89	120
89	121
89	122
89	123
89	124
89	125
89	126
89	127
89	128
89	129
89	130
89	131
89	132
89	133
89	134
89	135
89	136
89	138
89	139
89	140
89	141
89	144
89	146
89	149
90	1
90	2
90	3
90	5
90	6
90	7
90	8
90	9
90	10
90	12
90	17
90	18
90	19
90	20
90	22
90	23
90	26
90	28
90	30
90	31
90	32
90	35
90	38
90	39
90	41
90	42
90	43
90	44
90	45
90	46
90	47
90	48
90	49
90	51
90	53
90	54
90	55
90	56
90	58
90	62
90	63
90	64
90	67
90	69
90	70
90	72
90	74
90	75
90	77
90	81
90	82
90	85
90	86
90	89
90	93
90	96
90	97
90	98
90	99
90	101
90	102
90	104
90	105
90	107
90	109
90	110
90	112
90	114
90	115
90	116
90	117
90	118
90	119
90	121
90	123
90	126
90	128
90	131
90	132
90	133
90	135
90	137
90	139
90	141
90	142
90	143
90	144
90	145
90	148
90	150
91	1
91	2
91	3
91	4
91	5
91	7
91	8
91	9
91	10
91	11
91	13
91	14
91	15
91	16
91	18
91	19
91	20
91	21
91	22
91	23
91	24
91	25
91	26
91	27
91	28
91	29
91	30
91	32
91	33
91	37
91	38
91	40
91	41
91	42
91	44
91	48
91	49
91	51
91	53
91	56
91	58
91	59
91	61
91	63
91	66
91	67
91	70
91	72
91	75
91	77
91	78
91	80
91	81
91	83
91	84
91	85
91	86
91	89
91	95
91	100
91	101
91	102
91	104
91	105
91	106
91	107
91	108
91	109
91	110
91	111
91	112
91	114
91	115
91	116
91	117
91	119
91	121
91	122
91	123
91	125
91	127
91	128
91	129
91	130
91	131
91	132
91	133
91	135
91	136
91	138
91	140
91	141
91	142
91	143
91	147
91	148
91	149
91	150
92	1
92	6
92	7
92	12
92	13
92	15
92	19
92	20
92	22
92	25
92	26
92	27
92	28
92	32
92	36
92	38
92	40
92	41
92	42
92	45
92	47
92	48
92	49
92	50
92	51
92	52
92	53
92	54
92	55
92	56
92	57
92	58
92	59
92	60
92	61
92	63
92	64
92	66
92	67
92	68
92	70
92	71
92	73
92	75
92	76
92	77
92	78
92	80
92	81
92	84
92	85
92	86
92	87
92	88
92	90
92	92
92	94
92	95
92	97
92	99
92	100
92	101
92	102
92	103
92	104
92	107
92	108
92	109
92	110
92	111
92	112
92	114
92	115
92	116
92	117
92	118
92	119
92	120
92	121
92	122
92	123
92	124
92	125
92	127
92	128
92	130
92	133
92	135
92	136
92	139
92	143
92	144
92	145
92	149
93	1
93	2
93	4
93	5
93	6
93	7
93	8
93	9
93	10
93	11
93	12
93	13
93	14
93	15
93	16
93	17
93	20
93	21
93	22
93	23
93	24
93	25
93	26
93	29
93	31
93	32
93	34
93	35
93	37
93	41
93	42
93	45
93	47
93	48
93	51
93	54
93	56
93	57
93	58
93	59
93	60
93	62
93	63
93	64
93	66
93	67
93	68
93	69
93	70
93	71
93	73
93	76
93	77
93	78
93	80
93	81
93	82
93	84
93	86
93	87
93	89
93	90
93	91
93	92
93	93
93	94
93	95
93	96
93	97
93	98
93	99
93	100
93	102
93	103
93	104
93	107
93	108
93	110
93	111
93	112
93	114
93	115
93	116
93	117
93	118
93	120
93	121
93	122
93	124
93	126
93	127
93	128
93	129
93	133
93	134
93	136
93	137
93	138
93	139
93	141
93	145
93	146
93	147
93	150
94	1
94	2
94	3
94	4
94	7
94	8
94	11
94	12
94	13
94	14
94	15
94	16
94	19
94	22
94	23
94	24
94	25
94	26
94	28
94	29
94	31
94	32
94	33
94	35
94	36
94	37
94	38
94	39
94	40
94	41
94	43
94	47
94	48
94	50
94	51
94	54
94	56
94	58
94	60
94	61
94	62
94	66
94	68
94	69
94	70
94	71
94	72
94	74
94	75
94	76
94	78
94	81
94	82
94	83
94	87
94	89
94	90
94	91
94	92
94	93
94	95
94	96
94	97
94	99
94	101
94	102
94	103
94	104
94	106
94	108
94	109
94	111
94	112
94	113
94	114
94	115
94	116
94	117
94	118
94	119
94	122
94	123
94	126
94	128
94	129
94	131
94	133
94	134
94	135
94	136
94	138
94	139
94	140
94	142
94	144
94	145
94	147
94	148
94	150
95	2
95	3
95	5
95	7
95	12
95	13
95	14
95	16
95	17
95	18
95	21
95	22
95	23
95	25
95	26
95	27
95	30
95	37
95	44
95	45
95	48
95	49
95	50
95	51
95	53
95	55
95	57
95	58
95	59
95	60
95	61
95	62
95	63
95	65
95	66
95	68
95	71
95	73
95	74
95	77
95	79
95	80
95	83
95	84
95	85
95	86
95	87
95	89
95	90
95	91
95	92
95	93
95	94
95	95
95	96
95	98
95	99
95	101
95	102
95	103
95	104
95	105
95	108
95	109
95	110
95	111
95	113
95	115
95	117
95	119
95	120
95	123
95	124
95	125
95	127
95	128
95	129
95	130
95	134
95	135
95	136
95	137
95	139
95	140
95	141
95	143
95	144
95	145
95	146
95	147
95	149
95	150
96	1
96	3
96	4
96	5
96	7
96	9
96	10
96	12
96	13
96	14
96	17
96	18
96	19
96	22
96	23
96	26
96	27
96	28
96	29
96	30
96	31
96	32
96	33
96	34
96	35
96	38
96	39
96	40
96	41
96	43
96	44
96	45
96	46
96	47
96	48
96	49
96	50
96	51
96	53
96	54
96	55
96	58
96	59
96	60
96	62
96	63
96	64
96	65
96	66
96	68
96	69
96	70
96	74
96	75
96	76
96	77
96	80
96	82
96	83
96	85
96	87
96	89
96	90
96	91
96	92
96	94
96	96
96	99
96	100
96	101
96	102
96	103
96	106
96	108
96	110
96	111
96	112
96	113
96	114
96	115
96	117
96	118
96	119
96	121
96	122
96	124
96	125
96	127
96	128
96	129
96	130
96	133
96	134
96	136
96	137
96	138
96	139
96	140
96	141
96	142
96	146
96	147
96	148
96	150
97	1
97	2
97	6
97	7
97	9
97	16
97	18
97	20
97	21
97	22
97	23
97	25
97	26
97	27
97	29
97	30
97	31
97	34
97	35
97	37
97	39
97	40
97	41
97	43
97	44
97	45
97	46
97	48
97	49
97	50
97	51
97	52
97	54
97	55
97	56
97	57
97	58
97	60
97	61
97	62
97	63
97	64
97	67
97	69
97	70
97	71
97	72
97	73
97	74
97	76
97	77
97	79
97	82
97	83
97	84
97	85
97	86
97	87
97	88
97	90
97	91
97	92
97	93
97	95
97	97
97	98
97	101
97	102
97	103
97	105
97	108
97	109
97	111
97	113
97	114
97	115
97	117
97	119
97	120
97	122
97	124
97	126
97	127
97	129
97	130
97	132
97	135
97	136
97	137
97	138
97	141
97	142
97	143
97	144
97	146
97	148
97	149
98	1
98	2
98	3
98	4
98	5
98	6
98	8
98	13
98	15
98	16
98	17
98	18
98	19
98	20
98	23
98	24
98	25
98	26
98	27
98	28
98	29
98	31
98	34
98	35
98	36
98	37
98	38
98	39
98	43
98	45
98	47
98	48
98	50
98	53
98	54
98	57
98	58
98	61
98	62
98	63
98	64
98	66
98	69
98	72
98	73
98	74
98	76
98	77
98	79
98	82
98	83
98	84
98	86
98	90
98	91
98	92
98	94
98	97
98	98
98	99
98	100
98	101
98	103
98	106
98	107
98	108
98	109
98	111
98	112
98	113
98	115
98	116
98	117
98	118
98	119
98	122
98	123
98	124
98	127
98	128
98	129
98	130
98	131
98	132
98	133
98	134
98	135
98	136
98	137
98	139
98	140
98	141
98	143
98	144
98	145
98	146
98	147
98	149
99	2
99	4
99	7
99	8
99	10
99	11
99	12
99	13
99	14
99	15
99	17
99	20
99	24
99	25
99	28
99	29
99	31
99	32
99	34
99	35
99	38
99	39
99	41
99	42
99	43
99	44
99	46
99	48
99	49
99	50
99	51
99	53
99	54
99	55
99	56
99	57
99	58
99	59
99	61
99	62
99	64
99	66
99	67
99	69
99	73
99	76
99	77
99	78
99	80
99	81
99	82
99	84
99	86
99	87
99	90
99	91
99	92
99	94
99	95
99	97
99	99
99	100
99	101
99	102
99	106
99	107
99	109
99	111
99	114
99	120
99	121
99	122
99	123
99	124
99	125
99	126
99	127
99	128
99	133
99	134
99	136
99	139
99	140
99	143
99	144
99	145
99	146
99	148
99	149
99	150
100	1
100	2
100	4
100	6
100	7
100	8
100	9
100	11
100	12
100	14
100	16
100	17
100	19
100	20
100	21
100	24
100	30
100	34
100	35
100	36
100	38
100	41
100	42
100	43
100	44
100	45
100	50
100	51
100	52
100	53
100	54
100	57
100	59
100	60
100	62
100	66
100	68
100	71
100	72
100	73
100	74
100	75
100	76
100	77
100	80
100	83
100	84
100	85
100	87
100	88
100	91
100	92
100	93
100	95
100	96
100	97
100	98
100	102
100	103
100	104
100	105
100	106
100	107
100	108
100	109
100	111
100	112
100	113
100	114
100	115
100	117
100	118
100	119
100	120
100	121
100	122
100	124
100	125
100	129
100	130
100	132
100	133
100	134
100	135
100	137
100	138
100	141
100	142
100	145
100	147
100	149
100	150
101	3
101	7
101	11
101	12
101	13
101	14
101	15
101	16
101	17
101	18
101	20
101	21
101	22
101	24
101	26
101	27
101	28
101	30
101	31
101	33
101	34
101	35
101	36
101	37
101	39
101	41
101	46
101	48
101	50
101	52
101	53
101	54
101	55
101	56
101	58
101	60
101	61
101	62
101	65
101	66
101	67
101	68
101	69
101	70
101	72
101	77
101	78
101	79
101	82
101	84
101	86
101	88
101	89
101	90
101	91
101	92
101	93
101	95
101	96
101	97
101	98
101	99
101	100
101	101
101	102
101	103
101	105
101	110
101	111
101	113
101	116
101	117
101	118
101	121
101	124
101	125
101	126
101	127
101	129
101	130
101	131
101	132
101	133
101	138
101	139
101	140
101	141
101	143
101	144
101	145
101	146
101	147
101	148
101	149
102	3
102	4
102	6
102	8
102	11
102	12
102	16
102	17
102	18
102	19
102	20
102	22
102	23
102	24
102	25
102	26
102	27
102	34
102	37
102	38
102	40
102	41
102	42
102	43
102	45
102	46
102	47
102	48
102	49
102	50
102	51
102	52
102	55
102	56
102	60
102	62
102	63
102	67
102	68
102	69
102	71
102	72
102	75
102	78
102	79
102	80
102	84
102	85
102	87
102	88
102	91
102	92
102	94
102	95
102	97
102	98
102	99
102	100
102	102
102	104
102	105
102	106
102	107
102	108
102	109
102	110
102	113
102	114
102	117
102	118
102	119
102	121
102	124
102	125
102	126
102	127
102	130
102	131
102	132
102	133
102	134
102	135
102	137
102	138
102	139
102	140
102	141
102	144
102	147
102	148
102	149
103	2
103	3
103	4
103	6
103	7
103	9
103	10
103	12
103	13
103	14
103	15
103	17
103	19
103	20
103	21
103	22
103	23
103	24
103	26
103	31
103	32
103	33
103	34
103	36
103	37
103	38
103	40
103	41
103	43
103	44
103	46
103	50
103	51
103	54
103	56
103	58
103	59
103	60
103	65
103	66
103	67
103	68
103	69
103	71
103	75
103	76
103	77
103	79
103	80
103	81
103	82
103	85
103	86
103	87
103	89
103	91
103	92
103	94
103	95
103	96
103	98
103	99
103	101
103	102
103	103
103	104
103	106
103	109
103	111
103	114
103	115
103	116
103	117
103	118
103	119
103	122
103	124
103	125
103	126
103	128
103	129
103	130
103	133
103	134
103	135
103	136
103	137
103	139
103	140
103	141
103	143
103	144
103	145
103	146
103	147
103	149
103	150
104	2
104	4
104	6
104	8
104	9
104	10
104	14
104	15
104	17
104	19
104	21
104	22
104	23
104	24
104	26
104	28
104	30
104	31
104	32
104	33
104	37
104	40
104	41
104	42
104	44
104	46
104	47
104	50
104	51
104	53
104	56
104	57
104	58
104	59
104	60
104	61
104	63
104	66
104	69
104	70
104	71
104	74
104	75
104	76
104	77
104	78
104	79
104	80
104	81
104	82
104	83
104	84
104	85
104	86
104	89
104	90
104	93
104	94
104	95
104	99
104	102
104	104
104	105
104	107
104	108
104	109
104	111
104	112
104	113
104	114
104	115
104	116
104	117
104	118
104	119
104	120
104	121
104	122
104	123
104	125
104	126
104	127
104	128
104	129
104	130
104	131
104	132
104	134
104	136
104	137
104	138
104	139
104	140
104	141
104	142
104	143
104	144
104	145
104	146
104	147
104	149
104	150
105	1
105	2
105	5
105	8
105	10
105	11
105	14
105	15
105	16
105	18
105	20
105	21
105	23
105	25
105	26
105	27
105	29
105	31
105	32
105	34
105	35
105	36
105	38
105	39
105	43
105	46
105	47
105	52
105	54
105	55
105	56
105	58
105	59
105	60
105	61
105	63
105	67
105	68
105	69
105	70
105	71
105	72
105	74
105	75
105	76
105	78
105	79
105	80
105	81
105	82
105	83
105	86
105	88
105	89
105	90
105	94
105	96
105	99
105	101
105	102
105	103
105	104
105	105
105	106
105	107
105	108
105	109
105	110
105	114
105	115
105	116
105	117
105	119
105	120
105	122
105	123
105	124
105	128
105	129
105	130
105	132
105	134
105	136
105	138
105	139
105	145
105	146
105	148
105	149
106	2
106	3
106	4
106	5
106	6
106	8
106	9
106	10
106	12
106	13
106	14
106	15
106	16
106	17
106	18
106	20
106	21
106	22
106	26
106	31
106	32
106	33
106	34
106	37
106	39
106	42
106	44
106	46
106	48
106	51
106	52
106	53
106	54
106	55
106	57
106	58
106	60
106	61
106	62
106	63
106	64
106	66
106	68
106	69
106	70
106	71
106	72
106	74
106	75
106	76
106	79
106	80
106	81
106	82
106	84
106	86
106	87
106	88
106	89
106	90
106	91
106	93
106	96
106	98
106	99
106	101
106	103
106	104
106	110
106	112
106	113
106	114
106	115
106	118
106	119
106	120
106	121
106	122
106	123
106	124
106	126
106	127
106	128
106	130
106	131
106	133
106	134
106	135
106	136
106	139
106	140
106	141
106	142
106	145
106	150
107	1
107	2
107	4
107	5
107	6
107	7
107	8
107	9
107	10
107	11
107	12
107	13
107	14
107	17
107	18
107	19
107	21
107	22
107	24
107	25
107	26
107	27
107	28
107	31
107	33
107	35
107	36
107	37
107	40
107	41
107	43
107	46
107	47
107	48
107	50
107	53
107	54
107	55
107	56
107	57
107	59
107	60
107	61
107	62
107	63
107	65
107	66
107	67
107	68
107	71
107	75
107	76
107	77
107	78
107	79
107	82
107	83
107	84
107	85
107	86
107	88
107	89
107	90
107	93
107	94
107	95
107	96
107	97
107	98
107	99
107	102
107	103
107	104
107	105
107	106
107	108
107	110
107	111
107	112
107	113
107	114
107	115
107	116
107	119
107	120
107	124
107	125
107	132
107	136
107	138
107	140
107	141
107	143
107	144
107	145
107	146
107	147
107	148
107	149
107	150
108	1
108	2
108	4
108	5
108	7
108	8
108	10
108	12
108	13
108	15
108	17
108	18
108	19
108	20
108	22
108	25
108	26
108	27
108	28
108	31
108	35
108	37
108	40
108	41
108	42
108	43
108	45
108	48
108	49
108	51
108	52
108	53
108	54
108	55
108	56
108	57
108	58
108	61
108	62
108	63
108	64
108	65
108	66
108	67
108	69
108	71
108	72
108	73
108	74
108	75
108	77
108	78
108	80
108	81
108	82
108	83
108	84
108	85
108	86
108	88
108	89
108	92
108	93
108	94
108	96
108	97
108	98
108	100
108	101
108	103
108	104
108	106
108	107
108	109
108	110
108	115
108	116
108	117
108	118
108	119
108	120
108	121
108	122
108	125
108	127
108	128
108	130
108	132
108	133
108	134
108	137
108	139
108	140
108	147
108	148
109	1
109	2
109	3
109	6
109	7
109	8
109	9
109	10
109	11
109	15
109	17
109	18
109	19
109	21
109	22
109	24
109	25
109	27
109	30
109	32
109	33
109	34
109	35
109	36
109	37
109	38
109	39
109	40
109	42
109	45
109	50
109	51
109	53
109	55
109	56
109	57
109	58
109	60
109	62
109	63
109	64
109	66
109	67
109	68
109	69
109	71
109	72
109	73
109	75
109	76
109	77
109	80
109	82
109	84
109	85
109	90
109	91
109	92
109	93
109	94
109	96
109	99
109	100
109	101
109	103
109	104
109	107
109	111
109	112
109	113
109	114
109	119
109	121
109	122
109	123
109	126
109	127
109	128
109	129
109	130
109	133
109	134
109	135
109	136
109	137
109	138
109	139
109	140
109	141
109	142
109	143
109	145
109	146
109	147
109	148
109	149
109	150
110	2
110	3
110	4
110	5
110	7
110	8
110	9
110	10
110	12
110	14
110	15
110	16
110	17
110	20
110	21
110	22
110	24
110	25
110	27
110	28
110	29
110	31
110	33
110	34
110	35
110	36
110	37
110	40
110	42
110	43
110	44
110	46
110	47
110	49
110	50
110	51
110	52
110	53
110	54
110	56
110	58
110	61
110	62
110	63
110	64
110	65
110	68
110	69
110	70
110	71
110	72
110	74
110	76
110	77
110	78
110	79
110	82
110	83
110	85
110	88
110	90
110	91
110	92
110	93
110	95
110	96
110	97
110	99
110	100
110	101
110	105
110	106
110	108
110	109
110	110
110	111
110	112
110	113
110	114
110	117
110	118
110	120
110	122
110	124
110	125
110	126
110	128
110	129
110	130
110	132
110	133
110	134
110	135
110	137
110	139
110	140
110	141
110	142
110	143
110	144
110	146
110	148
110	149
110	150
111	1
111	3
111	7
111	8
111	10
111	14
111	21
111	22
111	23
111	24
111	25
111	26
111	28
111	32
111	33
111	37
111	38
111	45
111	46
111	48
111	49
111	52
111	53
111	55
111	57
111	59
111	61
111	63
111	64
111	65
111	66
111	68
111	70
111	71
111	72
111	73
111	74
111	75
111	76
111	78
111	79
111	80
111	81
111	83
111	84
111	86
111	87
111	89
111	92
111	93
111	94
111	95
111	96
111	97
111	98
111	99
111	100
111	101
111	103
111	105
111	106
111	110
111	111
111	113
111	114
111	115
111	116
111	121
111	122
111	123
111	124
111	125
111	126
111	128
111	129
111	130
111	132
111	133
111	134
111	135
111	136
111	138
111	140
111	141
111	144
111	145
111	147
111	148
111	150
112	1
112	3
112	5
112	9
112	10
112	13
112	15
112	17
112	18
112	19
112	20
112	22
112	23
112	26
112	27
112	28
112	30
112	31
112	33
112	35
112	36
112	37
112	38
112	39
112	40
112	42
112	44
112	45
112	46
112	47
112	50
112	52
112	60
112	61
112	62
112	64
112	65
112	67
112	68
112	70
112	72
112	73
112	74
112	76
112	78
112	79
112	80
112	82
112	83
112	84
112	85
112	87
112	88
112	90
112	91
112	93
112	95
112	96
112	97
112	98
112	100
112	102
112	104
112	105
112	106
112	107
112	108
112	113
112	117
112	120
112	122
112	125
112	127
112	128
112	129
112	131
112	132
112	133
112	135
112	136
112	137
112	138
112	140
112	142
112	144
112	145
112	147
112	148
112	149
112	150
113	1
113	3
113	4
113	8
113	12
113	14
113	15
113	16
113	18
113	21
113	23
113	24
113	26
113	27
113	30
113	31
113	33
113	34
113	35
113	36
113	37
113	38
113	39
113	40
113	43
113	44
113	45
113	48
113	49
113	50
113	52
113	53
113	55
113	56
113	57
113	59
113	60
113	61
113	62
113	63
113	64
113	65
113	66
113	67
113	68
113	69
113	70
113	71
113	72
113	73
113	79
113	80
113	81
113	82
113	83
113	85
113	87
113	88
113	89
113	92
113	93
113	94
113	96
113	99
113	101
113	102
113	103
113	105
113	108
113	114
113	115
113	116
113	117
113	118
113	123
113	124
113	125
113	127
113	128
113	129
113	130
113	131
113	133
113	134
113	138
113	139
113	142
113	143
113	145
113	146
113	148
113	149
113	150
114	1
114	2
114	4
114	6
114	8
114	9
114	10
114	13
114	15
114	16
114	17
114	18
114	21
114	24
114	26
114	27
114	28
114	33
114	34
114	35
114	38
114	39
114	42
114	43
114	44
114	45
114	46
114	48
114	52
114	53
114	54
114	55
114	56
114	57
114	59
114	60
114	61
114	62
114	63
114	64
114	65
114	66
114	69
114	71
114	72
114	73
114	80
114	82
114	83
114	84
114	85
114	86
114	87
114	88
114	90
114	93
114	94
114	96
114	98
114	100
114	102
114	103
114	104
114	105
114	107
114	109
114	111
114	113
114	114
114	115
114	116
114	117
114	119
114	120
114	122
114	123
114	126
114	128
114	129
114	131
114	133
114	134
114	135
114	136
114	137
114	138
114	140
114	141
114	142
114	143
114	144
114	146
114	147
114	150
115	2
115	4
115	5
115	8
115	9
115	11
115	13
115	14
115	16
115	17
115	18
115	19
115	26
115	27
115	29
115	30
115	34
115	36
115	37
115	38
115	39
115	43
115	44
115	45
115	47
115	48
115	50
115	52
115	54
115	55
115	56
115	58
115	60
115	61
115	63
115	65
115	67
115	69
115	70
115	73
115	77
115	78
115	81
115	82
115	83
115	84
115	85
115	86
115	87
115	89
115	91
115	92
115	94
115	96
115	98
115	99
115	100
115	101
115	103
115	105
115	106
115	107
115	108
115	109
115	110
115	115
115	116
115	117
115	121
115	122
115	123
115	124
115	126
115	129
115	130
115	132
115	133
115	134
115	135
115	137
115	138
115	139
115	142
115	143
115	144
115	145
115	146
115	147
115	150
116	1
116	2
116	3
116	6
116	7
116	8
116	9
116	10
116	11
116	12
116	14
116	15
116	16
116	17
116	19
116	20
116	22
116	23
116	24
116	25
116	26
116	28
116	29
116	30
116	31
116	32
116	33
116	34
116	35
116	42
116	44
116	46
116	47
116	49
116	51
116	55
116	59
116	60
116	63
116	66
116	67
116	68
116	69
116	71
116	74
116	75
116	76
116	78
116	80
116	82
116	83
116	84
116	85
116	87
116	88
116	90
116	91
116	93
116	95
116	96
116	98
116	100
116	101
116	105
116	108
116	109
116	112
116	115
116	116
116	117
116	118
116	119
116	121
116	122
116	124
116	125
116	127
116	130
116	131
116	133
116	134
116	135
116	136
116	137
116	138
116	139
116	140
116	141
116	142
116	143
116	144
116	147
116	149
117	1
117	2
117	3
117	5
117	6
117	9
117	10
117	11
117	12
117	15
117	17
117	18
117	19
117	20
117	21
117	22
117	23
117	24
117	25
117	27
117	31
117	32
117	33
117	34
117	35
117	36
117	37
117	38
117	39
117	40
117	41
117	42
117	44
117	48
117	50
117	54
117	55
117	56
117	57
117	59
117	60
117	61
117	62
117	63
117	64
117	65
117	66
117	67
117	68
117	69
117	70
117	72
117	75
117	77
117	78
117	79
117	80
117	81
117	82
117	83
117	84
117	86
117	88
117	94
117	95
117	98
117	100
117	101
117	102
117	104
117	108
117	109
117	112
117	113
117	114
117	115
117	116
117	117
117	119
117	120
117	122
117	124
117	126
117	127
117	129
117	130
117	131
117	132
117	134
117	135
117	137
117	138
117	139
117	140
117	141
117	142
117	145
117	147
117	150
118	1
118	2
118	3
118	4
118	5
118	6
118	7
118	9
118	10
118	12
118	13
118	14
118	15
118	16
118	17
118	19
118	20
118	22
118	25
118	27
118	28
118	29
118	30
118	31
118	32
118	33
118	34
118	35
118	37
118	38
118	40
118	42
118	43
118	44
118	48
118	49
118	50
118	51
118	52
118	54
118	55
118	56
118	57
118	58
118	59
118	60
118	62
118	63
118	67
118	68
118	69
118	70
118	73
118	74
118	75
118	76
118	77
118	78
118	80
118	82
118	83
118	84
118	86
118	88
118	89
118	91
118	92
118	93
118	94
118	97
118	99
118	100
118	101
118	103
118	108
118	109
118	111
118	112
118	113
118	114
118	116
118	117
118	118
118	119
118	120
118	121
118	123
118	124
118	126
118	130
118	131
118	132
118	137
118	138
118	139
118	141
118	145
118	146
118	147
118	149
119	5
119	6
119	7
119	8
119	9
119	11
119	12
119	13
119	14
119	15
119	16
119	17
119	18
119	19
119	21
119	23
119	24
119	26
119	27
119	30
119	31
119	34
119	35
119	37
119	38
119	40
119	41
119	42
119	43
119	44
119	45
119	47
119	48
119	49
119	50
119	52
119	55
119	56
119	57
119	59
119	61
119	62
119	64
119	65
119	66
119	67
119	68
119	69
119	70
119	71
119	74
119	76
119	77
119	81
119	82
119	83
119	85
119	86
119	89
119	91
119	92
119	95
119	96
119	97
119	98
119	100
119	103
119	104
119	105
119	107
119	108
119	109
119	110
119	112
119	114
119	116
119	117
119	118
119	119
119	120
119	121
119	122
119	123
119	126
119	127
119	128
119	133
119	135
119	136
119	137
119	140
119	141
119	143
119	145
119	146
119	147
120	2
120	3
120	4
120	5
120	6
120	8
120	9
120	10
120	11
120	13
120	14
120	15
120	16
120	18
120	19
120	23
120	24
120	25
120	26
120	30
120	33
120	36
120	37
120	38
120	39
120	40
120	42
120	45
120	46
120	47
120	48
120	51
120	53
120	54
120	56
120	57
120	62
120	64
120	66
120	68
120	69
120	70
120	72
120	73
120	76
120	79
120	83
120	85
120	86
120	88
120	90
120	91
120	95
120	96
120	97
120	100
120	102
120	103
120	105
120	106
120	108
120	110
120	111
120	112
120	113
120	114
120	118
120	119
120	120
120	121
120	122
120	123
120	126
120	127
120	128
120	129
120	130
120	131
120	132
120	135
120	136
120	137
120	139
120	140
120	143
120	144
120	145
120	147
121	1
121	4
121	5
121	7
121	8
121	9
121	11
121	12
121	19
121	21
121	23
121	24
121	25
121	26
121	27
121	28
121	31
121	32
121	33
121	35
121	37
121	39
121	40
121	41
121	43
121	44
121	45
121	46
121	47
121	48
121	50
121	51
121	52
121	55
121	56
121	57
121	58
121	59
121	61
121	64
121	65
121	66
121	67
121	69
121	70
121	71
121	75
121	81
121	82
121	83
121	84
121	86
121	87
121	89
121	90
121	92
121	93
121	95
121	96
121	97
121	98
121	99
121	101
121	102
121	103
121	104
121	106
121	109
121	111
121	112
121	114
121	116
121	117
121	118
121	119
121	120
121	121
121	122
121	123
121	124
121	127
121	128
121	129
121	131
121	132
121	133
121	135
121	136
121	137
121	140
121	141
121	143
121	144
121	145
121	147
121	148
121	149
122	1
122	2
122	3
122	4
122	5
122	7
122	8
122	9
122	11
122	12
122	14
122	15
122	16
122	17
122	20
122	21
122	22
122	23
122	24
122	25
122	27
122	30
122	31
122	32
122	33
122	34
122	35
122	37
122	38
122	41
122	42
122	43
122	44
122	45
122	46
122	47
122	48
122	49
122	52
122	53
122	54
122	55
122	56
122	58
122	59
122	61
122	64
122	65
122	66
122	69
122	70
122	71
122	73
122	74
122	75
122	76
122	77
122	78
122	79
122	80
122	81
122	83
122	84
122	85
122	86
122	87
122	88
122	89
122	92
122	93
122	94
122	96
122	97
122	98
122	100
122	103
122	104
122	107
122	108
122	115
122	116
122	118
122	121
122	122
122	127
122	128
122	130
122	132
122	134
122	136
122	137
122	140
122	141
122	142
122	143
123	1
123	4
123	7
123	8
123	10
123	11
123	12
123	14
123	15
123	16
123	17
123	18
123	19
123	20
123	21
123	22
123	23
123	24
123	27
123	30
123	31
123	32
123	34
123	35
123	38
123	39
123	40
123	41
123	43
123	45
123	49
123	50
123	52
123	53
123	54
123	55
123	57
123	61
123	63
123	67
123	69
123	70
123	71
123	72
123	73
123	75
123	78
123	79
123	82
123	83
123	84
123	85
123	86
123	87
123	88
123	89
123	92
123	93
123	95
123	96
123	99
123	101
123	102
123	103
123	105
123	107
123	110
123	112
123	113
123	114
123	115
123	116
123	117
123	119
123	120
123	121
123	124
123	125
123	126
123	129
123	130
123	131
123	133
123	134
123	135
123	136
123	137
123	138
123	139
123	141
123	142
123	143
123	144
123	147
123	148
124	1
124	2
124	6
124	7
124	8
124	9
124	10
124	11
124	13
124	15
124	17
124	18
124	19
124	20
124	22
124	23
124	24
124	25
124	27
124	29
124	31
124	33
124	35
124	36
124	39
124	41
124	42
124	43
124	44
124	45
124	46
124	48
124	50
124	51
124	52
124	54
124	59
124	60
124	62
124	63
124	64
124	65
124	67
124	69
124	73
124	74
124	76
124	77
124	78
124	80
124	82
124	83
124	84
124	85
124	86
124	87
124	88
124	91
124	92
124	93
124	95
124	97
124	98
124	99
124	103
124	105
124	106
124	108
124	110
124	112
124	113
124	114
124	115
124	116
124	119
124	120
124	121
124	124
124	125
124	126
124	128
124	130
124	132
124	134
124	136
124	137
124	138
124	139
124	140
124	141
124	143
124	144
124	145
124	147
124	148
124	150
125	1
125	2
125	3
125	6
125	7
125	8
125	9
125	12
125	13
125	14
125	15
125	16
125	18
125	20
125	21
125	22
125	23
125	25
125	26
125	27
125	28
125	29
125	30
125	31
125	32
125	34
125	35
125	36
125	37
125	42
125	43
125	47
125	49
125	51
125	53
125	54
125	56
125	57
125	62
125	63
125	64
125	66
125	67
125	68
125	71
125	75
125	76
125	78
125	79
125	80
125	81
125	82
125	84
125	85
125	87
125	88
125	90
125	92
125	93
125	94
125	96
125	99
125	101
125	103
125	106
125	107
125	108
125	109
125	110
125	111
125	112
125	115
125	119
125	120
125	122
125	123
125	124
125	126
125	127
125	128
125	129
125	130
125	132
125	133
125	134
125	135
125	139
125	140
125	141
125	142
125	145
125	147
125	149
125	150
126	2
126	4
126	6
126	7
126	9
126	10
126	11
126	12
126	13
126	14
126	15
126	16
126	20
126	27
126	28
126	32
126	33
126	35
126	38
126	39
126	41
126	44
126	45
126	46
126	48
126	50
126	54
126	57
126	58
126	59
126	62
126	63
126	66
126	67
126	68
126	69
126	70
126	71
126	75
126	79
126	80
126	81
126	83
126	84
126	85
126	88
126	89
126	90
126	91
126	95
126	99
126	102
126	104
126	105
126	109
126	111
126	112
126	113
126	116
126	118
126	120
126	121
126	122
126	123
126	126
126	127
126	129
126	130
126	131
126	132
126	133
126	135
126	137
126	138
126	139
126	140
126	141
126	142
126	144
126	146
126	149
126	150
127	1
127	2
127	3
127	5
127	7
127	11
127	12
127	13
127	14
127	15
127	17
127	18
127	19
127	20
127	22
127	23
127	25
127	30
127	31
127	33
127	35
127	36
127	37
127	38
127	39
127	42
127	43
127	44
127	45
127	46
127	49
127	51
127	52
127	54
127	56
127	57
127	59
127	61
127	62
127	63
127	64
127	65
127	67
127	68
127	69
127	71
127	74
127	75
127	76
127	77
127	79
127	81
127	83
127	85
127	87
127	88
127	89
127	91
127	92
127	93
127	97
127	105
127	106
127	108
127	109
127	110
127	111
127	112
127	113
127	114
127	117
127	118
127	119
127	120
127	121
127	122
127	123
127	125
127	127
127	128
127	130
127	131
127	132
127	133
127	134
127	135
127	136
127	137
127	138
127	139
127	140
127	142
127	143
127	144
127	145
127	146
127	148
127	149
127	150
128	1
128	2
128	3
128	4
128	7
128	8
128	9
128	10
128	12
128	13
128	16
128	17
128	18
128	19
128	20
128	21
128	23
128	25
128	27
128	28
128	31
128	32
128	36
128	37
128	38
128	40
128	44
128	45
128	46
128	50
128	51
128	52
128	53
128	54
128	55
128	56
128	57
128	58
128	60
128	61
128	62
128	63
128	64
128	65
128	66
128	67
128	68
128	70
128	71
128	72
128	74
128	75
128	76
128	77
128	80
128	82
128	84
128	85
128	87
128	89
128	91
128	93
128	94
128	95
128	96
128	99
128	102
128	103
128	104
128	105
128	107
128	109
128	110
128	111
128	113
128	115
128	116
128	117
128	118
128	119
128	121
128	122
128	123
128	124
128	125
128	126
128	127
128	129
128	130
128	132
128	133
128	134
128	136
128	137
128	138
128	140
128	141
128	143
128	144
128	145
128	146
128	147
128	148
129	2
129	3
129	4
129	5
129	6
129	7
129	10
129	14
129	15
129	16
129	18
129	19
129	20
129	21
129	23
129	24
129	25
129	26
129	28
129	29
129	31
129	33
129	39
129	40
129	41
129	42
129	43
129	45
129	47
129	48
129	50
129	53
129	54
129	55
129	56
129	58
129	59
129	61
129	62
129	64
129	65
129	66
129	67
129	68
129	69
129	72
129	74
129	75
129	79
129	81
129	84
129	86
129	90
129	92
129	93
129	94
129	97
129	99
129	102
129	103
129	104
129	106
129	107
129	108
129	111
129	112
129	113
129	115
129	116
129	118
129	120
129	121
129	122
129	123
129	124
129	125
129	126
129	127
129	128
129	129
129	130
129	131
129	132
129	133
129	135
129	136
129	138
129	139
129	140
129	142
129	143
129	144
129	145
129	146
129	148
129	150
130	1
130	3
130	6
130	7
130	8
130	9
130	10
130	11
130	12
130	13
130	17
130	18
130	20
130	21
130	23
130	24
130	25
130	26
130	31
130	32
130	34
130	35
130	36
130	37
130	38
130	39
130	40
130	44
130	47
130	50
130	51
130	52
130	57
130	58
130	59
130	60
130	66
130	68
130	70
130	72
130	74
130	75
130	76
130	77
130	78
130	79
130	80
130	82
130	83
130	84
130	85
130	87
130	88
130	90
130	91
130	92
130	93
130	94
130	95
130	96
130	97
130	98
130	101
130	102
130	103
130	104
130	105
130	106
130	107
130	108
130	109
130	110
130	111
130	112
130	116
130	118
130	119
130	120
130	122
130	123
130	124
130	125
130	128
130	130
130	131
130	132
130	133
130	134
130	135
130	137
130	139
130	140
130	141
130	142
130	145
130	147
130	148
130	150
131	1
131	5
131	6
131	7
131	8
131	9
131	10
131	11
131	13
131	15
131	20
131	21
131	22
131	23
131	25
131	27
131	28
131	29
131	30
131	32
131	33
131	37
131	39
131	40
131	41
131	42
131	43
131	44
131	46
131	49
131	50
131	51
131	53
131	55
131	56
131	58
131	60
131	62
131	63
131	64
131	66
131	67
131	68
131	69
131	70
131	71
131	72
131	73
131	74
131	81
131	82
131	84
131	85
131	86
131	87
131	88
131	89
131	90
131	92
131	93
131	94
131	95
131	97
131	98
131	102
131	104
131	105
131	108
131	109
131	110
131	112
131	113
131	114
131	115
131	116
131	119
131	120
131	121
131	123
131	124
131	125
131	127
131	129
131	130
131	131
131	133
131	134
131	135
131	136
131	137
131	139
131	140
131	143
131	145
131	147
131	148
131	149
131	150
132	1
132	3
132	4
132	8
132	9
132	10
132	11
132	12
132	15
132	17
132	21
132	22
132	23
132	25
132	26
132	27
132	28
132	29
132	30
132	31
132	36
132	38
132	39
132	40
132	43
132	44
132	46
132	48
132	49
132	50
132	52
132	54
132	55
132	56
132	57
132	58
132	59
132	61
132	62
132	64
132	65
132	66
132	67
132	69
132	70
132	71
132	73
132	74
132	76
132	78
132	80
132	81
132	83
132	84
132	87
132	91
132	93
132	94
132	98
132	99
132	100
132	102
132	103
132	105
132	106
132	107
132	108
132	109
132	110
132	111
132	112
132	113
132	115
132	117
132	119
132	120
132	126
132	127
132	128
132	129
132	131
132	135
132	136
132	137
132	138
132	139
132	141
132	143
132	146
132	147
132	148
132	149
133	2
133	7
133	8
133	9
133	11
133	12
133	14
133	15
133	16
133	18
133	20
133	25
133	26
133	27
133	28
133	29
133	30
133	31
133	33
133	34
133	36
133	38
133	39
133	41
133	42
133	43
133	45
133	47
133	48
133	50
133	53
133	54
133	56
133	57
133	59
133	60
133	61
133	62
133	66
133	68
133	70
133	71
133	72
133	73
133	74
133	76
133	77
133	78
133	79
133	80
133	82
133	83
133	84
133	86
133	87
133	89
133	92
133	93
133	94
133	95
133	97
133	98
133	99
133	100
133	101
133	102
133	103
133	104
133	105
133	107
133	108
133	109
133	111
133	112
133	113
133	114
133	116
133	117
133	118
133	119
133	120
133	121
133	122
133	123
133	125
133	126
133	127
133	130
133	131
133	132
133	133
133	134
133	135
133	136
133	137
133	140
133	143
133	144
133	146
133	147
133	148
133	149
133	150
134	1
134	2
134	4
134	6
134	7
134	8
134	9
134	10
134	11
134	12
134	13
134	14
134	16
134	17
134	18
134	19
134	20
134	22
134	25
134	26
134	27
134	30
134	33
134	34
134	35
134	37
134	39
134	40
134	41
134	42
134	44
134	46
134	47
134	48
134	49
134	51
134	52
134	53
134	54
134	55
134	56
134	57
134	58
134	59
134	60
134	61
134	62
134	63
134	64
134	65
134	66
134	71
134	75
134	76
134	80
134	81
134	82
134	84
134	87
134	88
134	90
134	91
134	92
134	93
134	94
134	96
134	97
134	98
134	99
134	107
134	108
134	110
134	111
134	112
134	113
134	114
134	115
134	117
134	118
134	119
134	120
134	121
134	123
134	125
134	126
134	127
134	128
134	129
134	131
134	133
134	134
134	136
134	137
134	138
134	139
134	145
134	147
134	148
134	149
134	150
135	1
135	2
135	4
135	6
135	8
135	9
135	10
135	12
135	13
135	16
135	20
135	21
135	23
135	24
135	25
135	26
135	28
135	29
135	30
135	32
135	33
135	34
135	36
135	37
135	38
135	39
135	43
135	45
135	46
135	47
135	48
135	49
135	50
135	51
135	52
135	54
135	55
135	58
135	60
135	62
135	63
135	64
135	65
135	66
135	67
135	68
135	69
135	71
135	72
135	73
135	76
135	78
135	82
135	84
135	85
135	86
135	87
135	88
135	91
135	94
135	96
135	97
135	98
135	99
135	100
135	102
135	105
135	106
135	108
135	109
135	110
135	112
135	113
135	114
135	117
135	118
135	119
135	124
135	125
135	126
135	128
135	129
135	130
135	131
135	132
135	133
135	134
135	135
135	136
135	137
135	138
135	139
135	140
135	142
135	143
135	144
135	145
135	146
135	147
135	148
135	149
135	150
136	1
136	2
136	3
136	4
136	7
136	8
136	9
136	10
136	11
136	12
136	14
136	17
136	18
136	26
136	27
136	28
136	30
136	31
136	33
136	34
136	35
136	38
136	39
136	41
136	43
136	44
136	47
136	49
136	50
136	51
136	52
136	55
136	56
136	58
136	60
136	61
136	62
136	64
136	65
136	67
136	68
136	69
136	71
136	72
136	73
136	75
136	76
136	78
136	79
136	80
136	83
136	84
136	86
136	87
136	89
136	91
136	92
136	94
136	95
136	96
136	97
136	101
136	102
136	104
136	105
136	108
136	110
136	112
136	113
136	114
136	115
136	116
136	117
136	118
136	119
136	123
136	125
136	126
136	129
136	131
136	132
136	133
136	134
136	136
136	137
136	138
136	139
136	140
136	141
136	142
136	143
136	144
136	146
136	147
136	148
136	149
137	1
137	4
137	6
137	9
137	11
137	12
137	14
137	15
137	16
137	18
137	20
137	21
137	22
137	24
137	26
137	27
137	29
137	30
137	32
137	35
137	36
137	42
137	43
137	44
137	45
137	46
137	47
137	48
137	49
137	50
137	51
137	55
137	56
137	57
137	59
137	61
137	62
137	64
137	65
137	66
137	67
137	68
137	71
137	72
137	74
137	78
137	80
137	82
137	83
137	84
137	85
137	86
137	88
137	89
137	90
137	92
137	94
137	97
137	99
137	100
137	101
137	103
137	105
137	106
137	107
137	111
137	112
137	113
137	115
137	116
137	118
137	119
137	121
137	122
137	123
137	124
137	125
137	126
137	127
137	129
137	131
137	132
137	133
137	135
137	136
137	140
137	141
137	143
137	144
137	145
137	146
137	147
137	148
137	150
138	2
138	3
138	4
138	5
138	6
138	7
138	8
138	11
138	12
138	13
138	15
138	16
138	17
138	18
138	19
138	20
138	23
138	24
138	25
138	28
138	29
138	30
138	31
138	33
138	34
138	37
138	38
138	39
138	41
138	42
138	47
138	49
138	50
138	52
138	53
138	54
138	56
138	59
138	60
138	61
138	63
138	64
138	65
138	67
138	68
138	69
138	70
138	71
138	72
138	73
138	76
138	77
138	79
138	81
138	82
138	83
138	84
138	86
138	87
138	88
138	90
138	91
138	92
138	93
138	95
138	96
138	99
138	100
138	101
138	102
138	104
138	105
138	106
138	107
138	108
138	109
138	110
138	111
138	112
138	114
138	115
138	116
138	117
138	119
138	121
138	122
138	123
138	124
138	125
138	126
138	129
138	130
138	131
138	133
138	134
138	135
138	138
138	139
138	141
138	142
138	143
138	145
139	1
139	5
139	6
139	9
139	10
139	11
139	13
139	15
139	16
139	17
139	18
139	19
139	20
139	21
139	26
139	29
139	30
139	33
139	35
139	36
139	38
139	39
139	41
139	43
139	47
139	48
139	49
139	50
139	53
139	54
139	55
139	56
139	58
139	59
139	61
139	62
139	64
139	66
139	67
139	68
139	69
139	70
139	72
139	73
139	74
139	75
139	76
139	77
139	79
139	80
139	81
139	82
139	83
139	84
139	86
139	87
139	90
139	91
139	92
139	93
139	94
139	97
139	100
139	101
139	103
139	105
139	106
139	107
139	108
139	109
139	110
139	113
139	114
139	115
139	116
139	117
139	118
139	119
139	120
139	124
139	128
139	130
139	131
139	132
139	134
139	135
139	136
139	137
139	139
139	140
139	142
139	143
139	144
139	145
139	147
139	148
139	149
140	1
140	2
140	3
140	5
140	6
140	8
140	12
140	13
140	14
140	17
140	18
140	19
140	21
140	24
140	26
140	29
140	30
140	35
140	36
140	37
140	38
140	39
140	40
140	43
140	44
140	45
140	46
140	47
140	48
140	49
140	50
140	52
140	53
140	54
140	55
140	56
140	58
140	59
140	60
140	62
140	64
140	65
140	68
140	72
140	77
140	79
140	81
140	83
140	85
140	87
140	88
140	89
140	91
140	92
140	95
140	96
140	99
140	100
140	101
140	104
140	109
140	110
140	111
140	113
140	114
140	116
140	117
140	118
140	119
140	120
140	121
140	122
140	123
140	124
140	125
140	126
140	128
140	131
140	132
140	133
140	134
140	136
140	137
140	139
140	140
140	141
140	142
140	143
140	144
140	145
140	148
140	149
140	150
141	1
141	4
141	6
141	7
141	8
141	9
141	11
141	13
141	14
141	15
141	18
141	19
141	20
141	21
141	22
141	23
141	24
141	26
141	27
141	29
141	30
141	33
141	34
141	35
141	36
141	38
141	39
141	40
141	41
141	42
141	43
141	44
141	45
141	47
141	48
141	51
141	52
141	53
141	54
141	55
141	56
141	58
141	59
141	60
141	62
141	63
141	65
141	69
141	71
141	73
141	74
141	75
141	77
141	78
141	79
141	80
141	81
141	84
141	85
141	92
141	94
141	95
141	96
141	101
141	102
141	103
141	105
141	108
141	111
141	112
141	114
141	116
141	117
141	118
141	122
141	125
141	126
141	127
141	128
141	129
141	131
141	132
141	133
141	134
141	135
141	139
141	141
141	142
141	143
141	145
141	146
141	148
141	150
142	1
142	2
142	4
142	6
142	7
142	9
142	10
142	11
142	12
142	13
142	15
142	16
142	18
142	19
142	20
142	23
142	30
142	31
142	32
142	34
142	35
142	36
142	37
142	38
142	40
142	41
142	43
142	44
142	45
142	49
142	50
142	51
142	53
142	54
142	55
142	57
142	58
142	59
142	61
142	62
142	63
142	64
142	65
142	68
142	69
142	70
142	71
142	72
142	75
142	76
142	77
142	78
142	79
142	82
142	83
142	84
142	86
142	88
142	90
142	91
142	93
142	94
142	95
142	96
142	97
142	100
142	101
142	103
142	104
142	105
142	106
142	111
142	112
142	115
142	116
142	117
142	118
142	120
142	122
142	124
142	126
142	127
142	128
142	129
142	130
142	131
142	132
142	133
142	135
142	136
142	137
142	138
142	140
142	142
142	143
142	145
142	146
142	147
142	148
142	149
142	150
143	1
143	3
143	4
143	5
143	6
143	7
143	9
143	10
143	12
143	14
143	17
143	18
143	20
143	22
143	25
143	26
143	28
143	29
143	31
143	32
143	35
143	36
143	39
143	40
143	41
143	42
143	43
143	44
143	45
143	46
143	49
143	51
143	54
143	56
143	57
143	59
143	60
143	61
143	62
143	64
143	65
143	66
143	68
143	69
143	72
143	76
143	77
143	80
143	82
143	83
143	84
143	85
143	86
143	87
143	88
143	89
143	90
143	91
143	93
143	94
143	97
143	100
143	101
143	103
143	105
143	106
143	108
143	110
143	111
143	113
143	115
143	117
143	118
143	119
143	121
143	122
143	123
143	125
143	126
143	128
143	129
143	130
143	132
143	136
143	137
143	138
143	139
143	141
143	142
143	144
143	146
143	147
143	148
144	1
144	2
144	3
144	6
144	7
144	8
144	11
144	12
144	16
144	18
144	19
144	20
144	21
144	22
144	24
144	25
144	26
144	30
144	32
144	34
144	36
144	37
144	39
144	43
144	44
144	46
144	47
144	48
144	49
144	50
144	51
144	52
144	53
144	55
144	56
144	58
144	60
144	61
144	63
144	67
144	68
144	69
144	70
144	71
144	74
144	76
144	77
144	78
144	79
144	80
144	82
144	83
144	84
144	85
144	86
144	87
144	88
144	89
144	90
144	92
144	94
144	95
144	97
144	104
144	105
144	106
144	107
144	108
144	109
144	110
144	112
144	114
144	115
144	117
144	118
144	120
144	121
144	122
144	123
144	126
144	127
144	128
144	129
144	130
144	131
144	132
144	134
144	137
144	139
144	140
144	141
144	143
144	144
144	149
144	150
145	1
145	2
145	3
145	4
145	5
145	6
145	10
145	11
145	12
145	15
145	16
145	17
145	18
145	22
145	23
145	24
145	25
145	26
145	28
145	29
145	30
145	31
145	33
145	34
145	35
145	37
145	38
145	41
145	42
145	45
145	46
145	47
145	48
145	51
145	54
145	55
145	57
145	58
145	61
145	62
145	64
145	66
145	68
145	69
145	71
145	72
145	75
145	78
145	80
145	81
145	82
145	84
145	85
145	88
145	89
145	90
145	92
145	93
145	94
145	96
145	97
145	98
145	100
145	102
145	103
145	104
145	106
145	108
145	109
145	113
145	114
145	115
145	116
145	120
145	121
145	122
145	123
145	124
145	125
145	126
145	129
145	134
145	135
145	136
145	138
145	140
145	141
145	142
145	143
145	144
145	146
145	149
145	150
146	1
146	2
146	3
146	4
146	5
146	7
146	8
146	10
146	14
146	15
146	16
146	17
146	18
146	19
146	20
146	21
146	22
146	23
146	24
146	25
146	26
146	29
146	30
146	32
146	33
146	34
146	35
146	37
146	38
146	40
146	41
146	43
146	44
146	45
146	46
146	47
146	48
146	49
146	50
146	51
146	52
146	53
146	54
146	56
146	57
146	58
146	59
146	60
146	62
146	63
146	64
146	65
146	67
146	68
146	69
146	70
146	71
146	72
146	74
146	75
146	76
146	79
146	80
146	82
146	84
146	85
146	86
146	87
146	88
146	89
146	91
146	92
146	93
146	94
146	96
146	98
146	99
146	100
146	101
146	102
146	104
146	105
146	106
146	107
146	108
146	109
146	110
146	114
146	115
146	118
146	119
146	120
146	123
146	124
146	125
146	128
146	131
146	132
146	133
146	136
146	137
146	138
146	141
146	142
146	143
146	145
146	147
146	150
147	1
147	2
147	4
147	5
147	6
147	7
147	8
147	9
147	12
147	13
147	15
147	16
147	18
147	20
147	21
147	22
147	23
147	24
147	25
147	26
147	28
147	30
147	31
147	34
147	35
147	36
147	37
147	38
147	40
147	41
147	42
147	43
147	44
147	47
147	50
147	51
147	52
147	53
147	54
147	55
147	58
147	59
147	61
147	62
147	63
147	66
147	67
147	69
147	71
147	72
147	75
147	78
147	79
147	83
147	88
147	90
147	93
147	95
147	96
147	97
147	98
147	99
147	103
147	104
147	110
147	111
147	113
147	114
147	115
147	116
147	118
147	119
147	120
147	122
147	123
147	124
147	125
147	132
147	133
147	134
147	135
147	137
147	138
147	139
147	140
147	141
147	144
147	146
147	147
147	148
147	150
148	1
148	3
148	4
148	5
148	6
148	7
148	8
148	10
148	11
148	12
148	13
148	15
148	16
148	19
148	20
148	24
148	25
148	26
148	29
148	30
148	32
148	33
148	34
148	35
148	36
148	37
148	39
148	41
148	43
148	44
148	45
148	46
148	47
148	49
148	50
148	51
148	52
148	53
148	54
148	56
148	57
148	59
148	60
148	61
148	62
148	64
148	65
148	66
148	68
148	69
148	71
148	72
148	73
148	74
148	75
148	77
148	79
148	80
148	81
148	83
148	85
148	87
148	89
148	90
148	92
148	93
148	94
148	96
148	97
148	98
148	99
148	100
148	101
148	102
148	103
148	105
148	109
148	110
148	113
148	114
148	115
148	116
148	117
148	118
148	119
148	122
148	124
148	126
148	129
148	132
148	133
148	135
148	136
148	137
148	138
148	139
148	142
148	143
148	145
148	146
148	148
148	149
148	150
149	2
149	4
149	6
149	8
149	9
149	10
149	11
149	12
149	13
149	14
149	19
149	20
149	23
149	24
149	27
149	29
149	30
149	32
149	35
149	36
149	37
149	38
149	39
149	40
149	42
149	44
149	46
149	48
149	49
149	52
149	53
149	54
149	55
149	57
149	59
149	60
149	61
149	64
149	66
149	67
149	70
149	71
149	72
149	77
149	78
149	79
149	80
149	82
149	85
149	86
149	87
149	88
149	89
149	91
149	93
149	94
149	95
149	96
149	97
149	100
149	101
149	103
149	104
149	105
149	107
149	110
149	111
149	112
149	115
149	117
149	119
149	120
149	122
149	125
149	126
149	127
149	128
149	129
149	130
149	133
149	135
149	139
149	140
149	141
149	142
149	143
149	144
149	147
149	148
149	149
150	2
150	3
150	7
150	8
150	9
150	10
150	12
150	13
150	14
150	15
150	18
150	19
150	20
150	21
150	22
150	23
150	28
150	29
150	30
150	31
150	32
150	33
150	36
150	39
150	40
150	43
150	44
150	46
150	48
150	49
150	51
150	52
150	54
150	56
150	58
150	59
150	60
150	61
150	62
150	65
150	66
150	67
150	71
150	72
150	74
150	79
150	80
150	82
150	83
150	84
150	86
150	87
150	88
150	89
150	90
150	91
150	93
150	94
150	97
150	101
150	102
150	103
150	105
150	106
150	107
150	108
150	109
150	110
150	112
150	113
150	114
150	116
150	118
150	120
150	122
150	123
150	124
150	127
150	130
150	131
150	135
150	138
150	140
150	141
150	142
150	143
150	144
150	146
150	147
150	148
150	149
150	150
1	151
2	151
3	151
4	151
5	151
6	151
7	151
8	151
9	151
10	151
11	151
12	151
13	151
14	151
15	151
16	151
17	151
18	151
19	151
20	151
21	151
22	151
23	151
24	151
25	151
26	151
27	151
28	151
29	151
30	151
31	151
32	151
33	151
34	151
35	151
36	151
37	151
38	151
39	151
40	151
41	151
42	151
43	151
44	151
45	151
46	151
47	151
48	151
49	151
50	151
51	151
52	151
53	151
54	151
55	151
56	151
57	151
58	151
59	151
60	151
61	151
62	151
63	151
64	151
65	151
66	151
67	151
68	151
69	151
70	151
71	151
72	151
73	151
74	151
75	151
76	151
77	151
78	151
79	151
80	151
81	151
82	151
83	151
84	151
85	151
86	151
87	151
88	151
89	151
90	151
91	151
92	151
93	151
94	151
95	151
96	151
97	151
98	151
99	151
100	151
101	151
102	151
103	151
104	151
105	151
106	151
107	151
108	151
109	151
110	151
111	151
112	151
113	151
114	151
115	151
116	151
117	151
118	151
119	151
120	151
121	151
122	151
123	151
124	151
125	151
126	151
127	151
128	151
129	151
130	151
131	151
132	151
133	151
134	151
135	151
136	151
137	151
138	151
139	151
140	151
141	151
142	151
143	151
144	151
145	151
146	151
147	151
148	151
149	151
150	151
151	151
