1	2
1	3
1	4
1	5
1	6
1	7
1	8
1	9
1	10
1	11
1	12
1	13
1	14
1	15
1	16
1	17
1	18
1	19
1	20
1	21
1	22
1	23
1	24
1	25
1	26
1	27
1	28
1	29
1	30
1	31
1	32
1	33
1	34
1	35
1	36
1	37
1	38
1	39
1	40
1	41
1	42
1	43
1	44
1	45
1	46
1	47
1	48
1	49
1	50
1	51
1	52
1	53
1	54
1	55
1	56
1	57
1	58
1	59
1	60
1	61
1	62
1	63
1	64
1	65
1	66
1	67
1	68
1	69
1	70
1	71
1	72
1	73
1	74
1	75
1	76
1	77
1	78
1	79
1	80
1	81
1	82
1	83
1	84
1	85
1	86
1	87
1	88
1	89
1	90
1	91
1	92
1	93
1	94
1	95
1	96
1	97
1	98
1	99
1	100
1	101
1	102
1	103
1	104
1	105
1	106
1	107
1	108
1	109
1	110
1	111
1	112
1	113
1	114
1	115
1	116
1	117
1	118
1	119
1	120
1	121
1	122
1	123
1	124
1	125
1	126
1	127
1	128
1	129
1	130
1	131
1	132
1	133
1	134
1	135
1	136
1	137
1	138
1	139
1	140
1	141
1	142
1	143
1	144
1	145
1	146
1	147
1	148
1	149
1	150
1	151
1	152
1	153
1	154
1	155
1	156
1	157
1	158
1	159
1	160
1	161
1	162
1	163
1	164
1	165
1	166
1	167
1	168
1	169
1	170
1	171
1	172
1	173
1	174
1	175
1	176
1	177
1	178
1	179
1	180
1	181
1	182
1	183
1	184
1	185
1	186
1	187
1	188
1	189
1	190
1	191
1	192
1	193
1	194
1	195
1	196
1	197
1	198
1	199
1	200
1	201
1	202
1	203
1	204
1	205
1	206
1	207
1	208
1	209
1	210
1	211
1	212
1	213
1	214
1	215
1	216
1	217
1	218
1	219
1	220
1	221
1	222
1	223
1	224
1	225
1	226
1	227
1	228
1	229
1	230
1	231
1	232
1	233
1	234
1	235
1	236
1	237
1	238
1	239
1	240
1	241
1	242
1	243
1	244
1	245
1	246
1	247
1	248
1	249
1	250
1	251
1	252
1	253
1	254
1	255
1	256
1	257
1	258
1	259
1	260
1	261
1	262
1	263
1	264
1	265
1	266
1	267
1	268
1	269
1	270
1	271
1	272
1	273
1	274
1	275
2	3
2	24
3	6
3	24
3	36
3	175
3	188
3	270
4	4
4	6
4	8
4	10
4	12
4	15
4	17
4	19
4	22
4	26
4	32
4	37
4	51
4	53
4	189
4	196
4	223
4	230
4	269
4	270
5	1
5	4
5	50
5	101
5	119
5	275
6	37
6	40
6	60
6	78
6	128
6	160
6	161
6	175
6	203
7	1
7	34
7	37
7	102
7	275
8	4
8	6
8	8
8	10
8	12
8	15
8	17
8	19
8	22
8	26
8	32
8	37
8	48
8	53
8	76
8	173
8	269
9	6
9	8
9	24
9	48
9	103
9	275
10	4
10	6
10	8
10	10
10	12
10	15
10	17
10	19
10	22
10	26
10	32
10	36
10	37
10	51
10	53
10	69
10	72
10	173
10	177
10	269
10	274
11	1
11	10
11	16
11	21
11	24
11	32
11	37
11	48
11	57
11	84
11	85
11	275
12	17
12	22
12	26
12	37
12	51
12	173
12	176
12	269
13	3
13	27
13	29
13	49
13	55
13	79
13	84
13	85
13	123
13	134
13	221
14	1
14	4
14	6
14	43
14	44
14	45
14	106
14	275
15	4
15	6
15	8
15	10
15	12
15	15
15	17
15	19
15	22
15	26
15	32
15	173
15	269
16	1
16	11
16	15
16	19
16	21
16	36
16	37
16	48
16	51
16	84
16	85
16	117
16	118
16	120
17	4
17	12
17	22
17	26
17	32
17	37
17	51
17	52
17	64
17	169
17	173
17	176
17	181
17	269
18	1
18	17
18	36
18	37
18	49
18	56
18	275
19	4
19	6
19	8
19	10
19	12
19	15
19	17
19	19
19	22
19	26
19	32
19	37
19	38
19	39
19	51
19	60
19	72
19	146
19	169
19	173
19	175
19	176
19	239
19	269
20	1
20	9
20	11
20	16
20	18
20	19
20	25
20	27
20	29
20	37
20	43
20	44
20	45
20	51
20	86
20	87
20	88
20	90
20	107
20	113
20	169
20	272
21	1
21	3
21	11
21	15
21	16
21	36
21	48
21	55
21	79
21	84
21	85
21	123
21	134
21	221
21	269
22	4
22	6
22	8
22	10
22	12
22	15
22	17
22	19
22	22
22	26
22	28
22	32
22	37
22	45
22	173
22	269
23	6
23	22
23	24
23	36
23	108
23	109
23	275
24	3
24	6
24	10
24	24
24	36
24	37
24	98
24	147
24	148
24	173
24	270
25	6
25	24
25	49
25	54
25	275
26	6
26	8
26	12
26	17
26	22
26	28
26	37
26	76
26	173
27	1
27	13
27	26
27	29
27	30
27	36
27	37
27	49
27	51
27	84
27	85
27	95
27	96
27	97
27	111
27	117
27	118
27	120
27	151
27	172
27	180
27	186
27	244
28	6
28	8
28	12
28	17
28	22
28	24
28	26
28	29
28	36
28	37
28	45
28	49
29	1
29	5
29	7
29	9
29	11
29	13
29	14
29	16
29	18
29	25
29	27
29	28
29	36
29	43
29	44
29	45
29	49
29	54
29	82
29	84
29	85
29	95
29	96
29	176
30	1
30	27
30	36
30	37
30	40
30	41
30	43
30	44
30	45
30	49
30	55
30	69
30	76
30	117
30	130
30	153
30	173
30	275
31	1
31	19
31	43
31	44
31	45
31	50
31	104
31	275
32	4
32	6
32	8
32	10
32	12
32	15
32	17
32	19
32	22
32	26
32	32
32	53
32	173
32	269
33	1
33	43
33	48
33	53
33	169
33	275
34	1
34	7
34	49
34	52
34	104
35	40
35	46
35	66
35	172
36	1
36	3
36	24
36	27
36	30
36	31
36	34
36	37
36	38
36	39
36	43
36	44
36	45
36	48
36	49
36	51
36	52
36	53
36	55
36	58
36	62
36	69
36	72
36	79
36	80
36	81
36	82
36	83
36	85
36	86
36	88
36	89
36	90
36	91
36	94
36	95
36	96
36	97
36	98
36	104
36	117
36	118
36	120
36	123
36	132
36	133
36	134
36	137
36	151
36	152
36	153
36	160
36	162
36	163
36	166
36	169
36	171
36	172
36	173
36	182
36	183
36	184
36	185
36	186
36	187
36	188
36	189
36	190
36	191
36	192
36	193
36	194
36	195
36	196
36	197
36	198
36	199
36	200
36	201
36	202
36	203
36	204
36	205
36	206
36	207
36	208
36	209
36	210
36	211
36	212
36	213
36	214
36	215
36	216
36	217
36	218
36	219
36	220
36	221
36	222
36	223
36	224
36	225
36	226
36	227
36	228
36	229
36	230
36	231
36	232
36	233
36	234
36	235
36	236
36	237
36	238
36	239
36	240
36	241
36	242
36	243
36	244
36	245
36	246
36	247
36	248
36	249
36	250
36	251
36	252
36	253
36	254
36	255
36	256
36	257
37	3
37	12
37	36
37	38
37	39
37	48
37	49
37	51
37	52
37	53
37	83
37	98
37	130
37	151
37	153
37	169
37	178
37	189
37	190
37	191
37	192
37	194
37	195
37	196
37	197
37	198
37	199
37	203
37	223
37	230
37	238
37	239
37	246
37	256
38	4
38	8
38	10
38	15
38	17
38	19
38	36
38	37
38	39
38	48
38	49
38	86
38	98
38	142
38	153
38	192
38	193
38	194
38	195
38	200
38	269
39	4
39	6
39	19
39	36
39	37
39	38
39	48
39	49
39	98
39	138
39	153
39	160
39	192
39	194
39	195
39	201
40	6
40	35
40	42
40	44
40	45
40	46
40	60
40	172
40	178
40	269
41	42
41	73
41	175
42	1
42	6
42	30
42	40
42	41
42	45
42	172
43	63
44	6
44	46
44	63
45	119
46	35
46	40
46	172
47	6
48	1
48	4
48	6
48	8
48	10
48	11
48	15
48	16
48	19
48	21
48	24
48	32
48	36
48	37
48	38
48	39
48	49
48	51
48	52
48	53
48	55
48	57
48	58
48	65
48	69
48	72
48	79
48	82
48	84
48	85
48	86
48	87
48	89
48	95
48	96
48	97
48	98
48	103
48	110
48	120
48	130
48	133
48	134
48	153
48	169
48	171
48	182
48	183
48	184
48	185
48	186
48	187
48	188
48	189
48	190
48	191
48	192
48	193
48	194
48	195
48	196
48	197
48	198
48	199
48	200
48	201
48	202
48	203
48	204
48	205
48	206
48	207
48	208
48	209
48	210
48	211
48	212
48	213
48	214
48	215
48	216
48	217
48	218
48	219
48	220
48	221
48	222
48	223
48	224
48	225
48	226
48	227
48	228
48	229
48	230
48	231
48	232
48	233
48	234
48	235
48	236
48	237
48	238
48	239
48	240
48	241
48	242
48	243
48	244
48	245
48	246
48	247
48	248
48	249
48	250
48	251
48	252
48	253
48	254
48	255
48	256
49	1
49	4
49	6
49	10
49	12
49	13
49	17
49	18
49	19
49	22
49	24
49	25
49	26
49	27
49	28
49	29
49	30
49	32
49	36
49	37
49	38
49	39
49	41
49	48
49	51
49	52
49	53
49	54
49	55
49	56
49	58
49	65
49	69
49	72
49	79
49	82
49	84
49	85
49	86
49	89
49	95
49	96
49	97
49	98
49	108
49	109
49	111
49	118
49	120
49	130
49	133
49	134
49	153
49	169
49	171
49	172
49	182
49	183
49	184
49	185
49	186
49	187
49	188
49	189
49	190
49	191
49	192
49	193
49	194
49	195
49	196
49	197
49	198
49	199
49	200
49	201
49	202
49	203
49	204
49	205
49	206
49	207
49	208
49	209
49	210
49	211
49	212
49	213
49	214
49	215
49	216
49	217
49	218
49	219
49	220
49	221
49	222
49	223
49	224
49	225
49	226
49	227
49	228
49	229
49	230
49	231
49	232
49	233
49	234
49	235
49	236
49	237
49	238
49	239
49	240
49	241
49	242
49	243
49	244
49	245
49	246
49	247
49	248
49	249
49	250
49	251
49	252
49	253
49	254
49	255
49	256
49	275
50	51
50	269
51	1
51	4
51	6
51	10
51	19
51	24
51	30
51	32
51	36
51	37
51	38
51	39
51	48
51	49
51	52
51	53
51	55
51	58
51	69
51	72
51	79
51	82
51	85
51	86
51	89
51	94
51	95
51	96
51	97
51	98
51	99
51	119
51	120
51	130
51	133
51	134
51	135
51	151
51	153
51	160
51	161
51	169
51	171
51	180
51	182
51	183
51	184
51	185
51	186
51	187
51	188
51	189
51	190
51	191
51	192
51	193
51	194
51	195
51	196
51	197
51	198
51	199
51	200
51	201
51	202
51	203
51	204
51	205
51	206
51	207
51	208
51	209
51	210
51	211
51	212
51	213
51	214
51	215
51	216
51	217
51	218
51	219
51	220
51	221
51	222
51	223
51	224
51	225
51	226
51	227
51	228
51	229
51	230
51	231
51	232
51	233
51	234
51	235
51	236
51	237
51	238
51	239
51	240
51	241
51	242
51	243
51	244
51	245
51	246
51	247
51	248
51	249
51	250
51	251
51	252
51	253
51	254
51	255
51	256
52	6
52	36
52	37
52	48
52	49
52	51
52	53
52	65
52	72
52	98
52	109
52	153
52	154
52	189
52	190
52	194
52	195
52	196
52	197
52	198
52	223
52	230
52	238
52	239
52	246
52	256
53	4
53	6
53	8
53	10
53	15
53	19
53	32
53	36
53	37
53	48
53	49
53	51
53	52
53	57
53	65
53	72
53	87
53	88
53	98
53	103
53	110
53	153
53	169
53	189
53	190
53	194
53	195
53	196
53	197
53	198
53	223
53	230
53	238
53	239
53	246
53	256
54	28
54	29
54	36
54	37
54	48
54	49
54	51
54	52
54	53
54	56
54	98
54	108
54	109
54	151
54	153
54	189
54	190
54	194
54	195
54	196
54	197
54	198
54	223
54	230
54	238
54	239
54	246
54	256
55	1
55	27
55	36
55	37
55	38
55	48
55	49
55	51
55	58
55	79
55	81
55	82
55	83
55	85
55	86
55	89
55	95
55	96
55	97
55	98
55	120
55	123
55	133
55	134
55	153
55	171
55	182
55	183
55	184
55	185
55	186
55	187
55	188
55	189
55	190
55	191
55	192
55	193
55	194
55	195
55	196
55	197
55	198
55	199
55	200
55	201
55	202
55	203
55	204
55	205
55	206
55	207
55	208
55	209
55	210
55	211
55	212
55	213
55	214
55	215
55	216
55	217
55	218
55	219
55	220
55	221
55	222
55	223
55	224
55	225
55	226
55	227
55	228
55	229
55	230
55	231
55	232
55	233
55	234
55	235
55	236
55	237
55	238
55	239
55	240
55	241
55	242
55	243
55	244
55	245
55	246
55	247
55	248
55	249
55	250
55	251
55	252
55	253
55	254
55	255
55	256
56	17
56	36
56	37
56	48
56	49
56	51
56	52
56	53
56	54
56	98
56	108
56	109
56	153
56	189
56	190
56	194
56	195
56	196
56	197
56	198
56	223
56	230
56	238
56	239
56	246
56	256
57	4
57	8
57	10
57	11
57	15
57	19
57	32
57	36
57	37
57	48
57	49
57	51
57	52
57	53
57	65
57	69
57	72
57	87
57	95
57	96
57	98
57	103
57	110
57	130
57	153
57	169
57	189
57	190
57	194
57	195
57	196
57	197
57	198
57	223
57	230
57	238
57	239
57	246
57	256
57	269
58	1
58	3
58	24
58	36
58	37
58	38
58	48
58	49
58	51
58	55
58	79
58	82
58	85
58	86
58	89
58	97
58	98
58	118
58	120
58	122
58	123
58	133
58	151
58	153
58	171
58	182
58	183
58	184
58	185
58	186
58	187
58	188
58	189
58	190
58	191
58	192
58	193
58	194
58	195
58	196
58	197
58	198
58	199
58	200
58	201
58	202
58	203
58	204
58	205
58	206
58	207
58	208
58	209
58	210
58	211
58	212
58	213
58	214
58	215
58	216
58	217
58	218
58	219
58	220
58	221
58	222
58	223
58	224
58	225
58	226
58	227
58	228
58	229
58	230
58	231
58	232
58	233
58	234
58	235
58	236
58	237
58	238
58	239
58	240
58	241
58	242
58	243
58	244
58	245
58	246
58	247
58	248
58	249
58	250
58	251
58	252
58	253
58	254
58	255
58	256
58	258
59	1
59	3
59	19
59	24
59	36
59	37
59	38
59	48
59	49
59	51
59	55
59	58
59	79
59	82
59	84
59	86
59	89
59	97
59	98
59	120
59	133
59	134
59	153
59	171
59	180
59	182
59	183
59	184
59	185
59	186
59	187
59	188
59	189
59	190
59	191
59	192
59	193
59	194
59	195
59	196
59	197
59	198
59	199
59	200
59	201
59	202
59	203
59	204
59	205
59	206
59	207
59	208
59	209
59	210
59	211
59	212
59	213
59	214
59	215
59	216
59	217
59	218
59	219
59	220
59	221
59	222
59	223
59	224
59	225
59	226
59	227
59	228
59	229
59	230
59	231
59	232
59	233
59	234
59	235
59	236
59	237
59	238
59	239
59	240
59	241
59	242
59	243
59	244
59	245
59	246
59	247
59	248
59	249
59	250
59	251
59	252
59	253
59	254
59	255
59	256
60	6
60	8
60	10
60	22
60	26
60	28
60	40
60	272
62	177
63	40
63	41
63	45
63	62
63	92
64	4
64	6
64	8
64	10
64	12
64	15
64	17
64	19
64	22
64	26
64	28
64	32
64	269
64	272
65	1
65	4
65	6
65	8
65	10
65	13
65	15
65	16
65	19
65	29
65	31
65	32
65	36
65	37
65	48
65	49
65	51
65	52
65	53
65	57
65	72
65	87
65	98
65	103
65	109
65	110
65	119
65	153
65	154
65	172
65	189
65	190
65	194
65	195
65	196
65	197
65	198
65	223
65	230
65	238
65	239
65	246
65	251
65	256
65	269
66	67
66	275
67	6
67	175
68	1
68	4
68	6
68	10
68	19
68	24
68	27
68	30
68	32
68	36
68	48
68	49
68	51
68	55
68	69
68	72
68	94
68	95
68	96
68	97
68	98
68	105
68	119
68	130
68	135
68	141
68	153
68	169
68	176
68	186
68	195
68	237
68	255
69	1
69	3
69	10
69	19
69	27
69	30
69	36
69	37
69	48
69	49
69	51
69	52
69	53
69	57
69	68
69	72
69	89
69	90
69	94
69	95
69	96
69	97
69	98
69	118
69	119
69	130
69	135
69	151
69	153
69	156
69	160
69	169
69	189
69	190
69	191
69	194
69	195
69	196
69	197
69	198
69	223
69	230
69	237
69	238
69	239
69	246
69	248
69	255
69	256
70	1
70	24
70	27
70	30
70	36
70	37
70	38
70	48
70	49
70	51
70	55
70	58
70	79
70	82
70	85
70	86
70	88
70	89
70	97
70	98
70	99
70	120
70	133
70	151
70	153
70	160
70	162
70	171
70	176
70	178
70	182
70	183
70	184
70	185
70	186
70	187
70	188
70	189
70	190
70	191
70	192
70	193
70	194
70	195
70	196
70	197
70	198
70	199
70	200
70	201
70	202
70	203
70	204
70	205
70	206
70	207
70	208
70	209
70	210
70	211
70	212
70	213
70	214
70	215
70	216
70	217
70	218
70	219
70	220
70	221
70	222
70	223
70	224
70	225
70	226
70	227
70	228
70	229
70	230
70	231
70	232
70	233
70	234
70	235
70	236
70	237
70	238
70	239
70	240
70	241
70	242
70	243
70	245
70	246
70	247
70	248
70	249
70	250
70	251
70	252
70	253
70	254
70	255
70	256
71	60
71	118
71	161
71	162
71	176
72	4
72	6
72	8
72	10
72	15
72	19
72	24
72	32
72	36
72	37
72	48
72	51
72	52
72	53
72	65
72	69
72	87
72	95
72	96
72	99
72	130
72	138
72	169
72	176
72	180
72	189
72	196
72	239
72	246
73	6
73	41
73	74
73	75
73	172
73	175
74	41
74	73
75	12
75	15
75	17
75	19
75	22
75	24
75	26
75	28
75	32
75	41
75	60
75	73
75	173
75	175
75	270
76	6
76	118
76	160
76	161
76	162
76	176
76	270
77	6
77	62
77	78
77	128
78	128
79	1
79	36
79	37
79	38
79	48
79	49
79	51
79	55
79	58
79	59
79	80
79	82
79	83
79	84
79	85
79	86
79	89
79	97
79	98
79	117
79	118
79	120
79	123
79	133
79	134
79	153
79	171
79	176
79	182
79	183
79	184
79	185
79	186
79	187
79	188
79	189
79	190
79	191
79	192
79	193
79	194
79	195
79	196
79	197
79	198
79	199
79	200
79	201
79	202
79	203
79	204
79	205
79	206
79	207
79	208
79	209
79	210
79	211
79	212
79	213
79	214
79	215
79	216
79	217
79	218
79	219
79	220
79	221
79	222
79	223
79	224
79	225
79	226
79	227
79	228
79	229
79	230
79	231
79	232
79	233
79	234
79	235
79	236
79	237
79	238
79	239
79	240
79	241
79	242
79	243
79	244
79	245
79	246
79	247
79	248
79	249
79	250
79	251
79	252
79	253
79	254
79	255
79	256
80	55
80	275
81	36
81	62
81	95
81	117
81	176
81	194
82	1
82	27
82	29
82	36
82	37
82	38
82	40
82	48
82	49
82	51
82	55
82	58
82	59
82	79
82	80
82	83
82	85
82	86
82	88
82	89
82	93
82	97
82	98
82	115
82	120
82	129
82	133
82	153
82	171
82	176
82	180
82	182
82	183
82	184
82	185
82	186
82	187
82	188
82	189
82	190
82	191
82	192
82	193
82	194
82	195
82	196
82	197
82	198
82	199
82	200
82	201
82	202
82	203
82	204
82	205
82	206
82	207
82	208
82	209
82	210
82	211
82	212
82	213
82	214
82	215
82	216
82	217
82	218
82	219
82	220
82	221
82	222
82	223
82	224
82	225
82	226
82	227
82	228
82	229
82	230
82	231
82	232
82	233
82	234
82	235
82	236
82	237
82	238
82	239
82	240
82	241
82	242
82	243
82	244
82	245
82	246
82	247
82	248
82	249
82	250
82	251
82	252
82	253
82	254
82	255
82	256
82	257
82	261
82	262
82	264
83	40
83	118
83	150
83	176
84	37
84	79
84	85
84	194
85	1
85	3
85	19
85	24
85	36
85	37
85	38
85	48
85	49
85	51
85	55
85	58
85	79
85	82
85	84
85	86
85	89
85	97
85	98
85	120
85	133
85	134
85	153
85	171
85	180
85	182
85	183
85	184
85	185
85	186
85	187
85	188
85	189
85	190
85	191
85	192
85	193
85	194
85	195
85	196
85	197
85	198
85	199
85	200
85	201
85	202
85	203
85	204
85	205
85	206
85	207
85	208
85	209
85	210
85	211
85	212
85	213
85	214
85	215
85	216
85	217
85	218
85	219
85	220
85	221
85	222
85	223
85	224
85	225
85	226
85	227
85	228
85	229
85	230
85	231
85	232
85	233
85	234
85	235
85	236
85	237
85	238
85	239
85	240
85	241
85	242
85	243
85	244
85	245
85	246
85	247
85	248
85	249
85	250
85	251
85	252
85	253
85	254
85	255
85	256
86	1
86	19
86	20
86	36
86	37
86	38
86	48
86	49
86	51
86	55
86	58
86	59
86	62
86	79
86	82
86	85
86	87
86	88
86	89
86	97
86	98
86	113
86	117
86	120
86	133
86	134
86	151
86	153
86	160
86	166
86	171
86	182
86	183
86	184
86	185
86	186
86	187
86	188
86	189
86	190
86	191
86	192
86	193
86	194
86	195
86	196
86	197
86	198
86	199
86	200
86	201
86	202
86	203
86	204
86	205
86	206
86	207
86	208
86	209
86	210
86	211
86	212
86	213
86	214
86	215
86	216
86	217
86	218
86	219
86	220
86	221
86	222
86	223
86	224
86	225
86	226
86	227
86	228
86	229
86	230
86	231
86	232
86	233
86	234
86	235
86	236
86	237
86	238
86	239
86	240
86	241
86	242
86	243
86	244
86	245
86	246
86	247
86	248
86	249
86	250
86	251
86	252
86	253
86	254
86	255
86	256
87	4
87	8
87	10
87	15
87	19
87	32
87	36
87	37
87	48
87	49
87	51
87	52
87	53
87	57
87	65
87	69
87	72
87	95
87	96
87	97
87	98
87	103
87	110
87	130
87	153
87	169
87	189
87	190
87	194
87	195
87	196
87	197
87	198
87	223
87	230
87	238
87	239
87	246
87	256
87	272
88	19
88	20
88	36
88	45
88	51
88	55
88	86
88	87
88	90
88	113
88	117
88	118
88	120
88	151
88	166
88	169
88	244
89	1
89	24
89	27
89	36
89	37
89	38
89	48
89	49
89	51
89	55
89	58
89	60
89	79
89	82
89	85
89	86
89	91
89	97
89	98
89	118
89	120
89	132
89	133
89	134
89	153
89	162
89	171
89	180
89	182
89	183
89	184
89	185
89	186
89	187
89	188
89	189
89	190
89	191
89	192
89	193
89	194
89	195
89	196
89	197
89	198
89	199
89	200
89	201
89	202
89	203
89	204
89	205
89	206
89	207
89	208
89	209
89	210
89	211
89	212
89	213
89	214
89	215
89	216
89	217
89	218
89	219
89	220
89	221
89	222
89	223
89	224
89	225
89	226
89	227
89	228
89	229
89	230
89	231
89	232
89	233
89	234
89	235
89	236
89	237
89	238
89	239
89	240
89	241
89	242
89	243
89	244
89	245
89	246
89	247
89	248
89	249
89	250
89	251
89	252
89	253
89	254
89	255
89	256
90	1
90	20
90	27
90	36
90	51
90	69
90	91
90	113
91	36
91	37
91	48
91	49
91	51
91	52
91	53
91	69
91	90
91	98
91	153
91	155
91	189
91	190
91	194
91	195
91	196
91	197
91	198
91	212
91	223
91	230
91	238
91	239
91	246
91	256
92	63
93	36
93	37
93	40
93	46
93	51
93	55
93	82
93	97
93	172
93	176
94	1
94	4
94	6
94	15
94	19
94	26
94	27
94	30
94	36
94	48
94	49
94	51
94	55
94	69
94	79
94	80
94	81
94	82
94	88
94	89
94	95
94	96
94	97
94	98
94	99
94	114
94	120
94	130
94	135
94	137
94	146
94	149
94	150
94	151
94	153
94	169
94	170
94	173
94	176
94	180
94	187
94	194
94	195
94	237
94	255
94	269
95	3
95	36
95	37
95	51
95	55
95	69
95	82
95	89
95	93
95	94
95	96
95	97
95	98
95	99
95	118
95	119
95	130
95	135
95	151
95	169
95	170
95	180
95	237
95	255
95	261
96	1
96	3
96	6
96	19
96	27
96	36
96	37
96	49
96	51
96	55
96	69
96	82
96	83
96	93
96	94
96	95
96	97
96	98
96	118
96	119
96	130
96	135
96	137
96	160
96	162
96	169
96	173
96	176
96	180
96	237
96	255
96	262
97	1
97	3
97	27
97	36
97	37
97	38
97	48
97	49
97	51
97	55
97	58
97	59
97	79
97	82
97	85
97	86
97	88
97	89
97	94
97	96
97	98
97	99
97	115
97	118
97	120
97	122
97	133
97	134
97	151
97	153
97	161
97	162
97	163
97	165
97	166
97	169
97	171
97	176
97	180
97	182
97	183
97	184
97	185
97	186
97	187
97	188
97	189
97	190
97	191
97	192
97	193
97	194
97	195
97	196
97	197
97	198
97	199
97	200
97	201
97	202
97	203
97	204
97	205
97	206
97	207
97	208
97	209
97	210
97	211
97	212
97	213
97	214
97	215
97	216
97	217
97	218
97	219
97	220
97	221
97	222
97	223
97	224
97	225
97	226
97	227
97	228
97	229
97	230
97	231
97	232
97	233
97	234
97	235
97	236
97	237
97	238
97	239
97	240
97	241
97	242
97	243
97	244
97	245
97	246
97	247
97	248
97	249
97	250
97	251
97	252
97	253
97	254
97	255
97	256
98	1
98	6
98	24
98	36
98	37
98	38
98	39
98	48
98	49
98	51
98	52
98	53
98	55
98	58
98	69
98	79
98	82
98	84
98	85
98	86
98	89
98	95
98	97
98	99
98	120
98	123
98	130
98	133
98	134
98	151
98	153
98	156
98	169
98	171
98	182
98	183
98	184
98	185
98	186
98	187
98	188
98	189
98	190
98	191
98	192
98	193
98	194
98	195
98	196
98	197
98	198
98	199
98	200
98	201
98	202
98	203
98	204
98	205
98	206
98	207
98	208
98	209
98	210
98	211
98	212
98	213
98	214
98	215
98	216
98	217
98	218
98	219
98	220
98	221
98	222
98	223
98	224
98	225
98	226
98	227
98	228
98	229
98	230
98	231
98	232
98	233
98	234
98	235
98	236
98	237
98	238
98	239
98	240
98	241
98	242
98	243
98	244
98	245
98	246
98	247
98	248
98	249
98	250
98	251
98	252
98	253
98	254
98	255
98	256
98	269
99	1
99	4
99	36
99	37
99	48
99	49
99	51
99	72
99	84
99	85
99	97
99	98
99	130
99	133
99	138
99	153
99	164
99	187
99	194
99	222
99	223
99	235
99	236
99	238
100	24
101	4
101	6
101	37
101	269
102	6
102	8
102	19
102	37
102	49
102	71
102	109
102	159
102	169
102	273
103	4
103	8
103	9
103	10
103	15
103	19
103	32
103	36
103	37
103	48
103	49
103	51
103	52
103	53
103	57
103	65
103	72
103	87
103	98
103	110
103	153
103	189
103	190
103	194
103	195
103	196
103	197
103	198
103	223
103	230
103	238
103	239
103	246
103	256
104	19
104	31
104	34
104	37
104	48
104	49
104	51
104	53
104	72
104	102
104	109
104	189
105	4
105	8
105	10
105	15
105	19
105	32
105	36
105	37
105	48
105	49
105	51
105	52
105	53
105	57
105	65
105	72
105	87
105	98
105	103
105	110
105	153
105	189
105	190
105	194
105	195
105	196
105	197
105	198
105	204
105	223
105	230
105	238
105	239
105	246
105	256
106	1
106	14
106	49
107	19
107	20
108	22
108	36
108	37
108	48
108	49
108	51
108	52
108	53
108	54
108	56
108	98
108	109
108	153
108	189
108	190
108	194
108	195
108	196
108	197
108	198
108	223
108	230
108	238
108	239
108	246
108	256
109	12
109	17
109	22
109	49
109	51
109	52
109	203
110	4
110	8
110	10
110	15
110	19
110	32
110	36
110	37
110	48
110	49
110	51
110	52
110	53
110	57
110	65
110	72
110	87
110	98
110	103
110	153
110	189
110	190
110	194
110	195
110	196
110	197
110	198
110	223
110	230
110	238
110	239
110	246
110	256
111	26
111	111
112	1
112	12
112	51
113	1
113	19
113	20
113	48
113	55
113	86
113	87
113	88
113	272
114	55
114	275
115	1
115	36
115	48
115	50
115	86
115	88
115	97
115	180
115	187
115	257
116	6
116	45
116	47
116	62
116	63
116	172
116	176
117	36
117	49
117	79
117	88
117	95
117	97
117	120
117	166
117	178
117	187
117	194
117	257
117	275
118	83
118	149
118	150
118	173
118	176
118	180
119	6
119	35
119	42
119	44
119	45
119	46
119	60
119	172
119	178
119	269
120	1
120	36
120	37
120	38
120	48
120	49
120	51
120	55
120	58
120	79
120	82
120	85
120	86
120	88
120	89
120	94
120	95
120	96
120	97
120	98
120	115
120	117
120	118
120	133
120	153
120	171
120	173
120	180
120	182
120	183
120	184
120	185
120	186
120	187
120	188
120	189
120	190
120	191
120	192
120	193
120	194
120	195
120	196
120	197
120	198
120	199
120	200
120	201
120	202
120	203
120	204
120	205
120	206
120	207
120	208
120	209
120	210
120	211
120	212
120	213
120	214
120	215
120	216
120	217
120	218
120	219
120	220
120	221
120	222
120	223
120	224
120	225
120	226
120	227
120	228
120	229
120	230
120	231
120	232
120	233
120	234
120	235
120	236
120	237
120	238
120	239
120	240
120	241
120	242
120	243
120	244
120	245
120	246
120	247
120	248
120	249
120	250
120	251
120	252
120	253
120	254
120	255
120	256
120	257
120	264
121	146
121	176
122	1
122	36
122	58
122	82
122	97
122	133
122	176
123	1
123	6
123	19
123	36
123	37
123	55
123	58
123	79
123	83
123	85
123	94
123	97
123	98
123	134
123	151
123	221
123	275
124	27
124	36
124	172
124	175
124	178
127	128
128	63
128	77
128	78
128	175
129	118
130	3
130	4
130	6
130	15
130	19
130	24
130	26
130	30
130	32
130	36
130	37
130	48
130	49
130	51
130	52
130	53
130	69
130	72
130	86
130	94
130	95
130	96
130	98
130	118
130	119
130	135
130	153
130	160
130	169
130	189
130	190
130	194
130	195
130	196
130	197
130	198
130	223
130	230
130	237
130	238
130	239
130	246
130	255
130	256
132	1
132	13
132	21
132	36
132	37
132	38
132	48
132	49
132	51
132	55
132	58
132	79
132	82
132	85
132	86
132	89
132	97
132	98
132	120
132	133
132	134
132	153
132	171
132	182
132	183
132	184
132	185
132	186
132	187
132	188
132	189
132	190
132	191
132	192
132	193
132	194
132	195
132	196
132	197
132	198
132	199
132	200
132	201
132	202
132	203
132	204
132	205
132	206
132	207
132	208
132	209
132	210
132	211
132	212
132	213
132	214
132	215
132	216
132	217
132	218
132	219
132	220
132	221
132	222
132	223
132	224
132	225
132	226
132	227
132	228
132	229
132	230
132	231
132	232
132	233
132	234
132	235
132	236
132	237
132	238
132	239
132	240
132	241
132	242
132	243
132	244
132	245
132	246
132	247
132	248
132	249
132	250
132	251
132	252
132	253
132	254
132	255
132	256
133	1
133	3
133	4
133	19
133	24
133	26
133	36
133	37
133	38
133	48
133	49
133	51
133	55
133	58
133	79
133	82
133	85
133	86
133	89
133	97
133	98
133	99
133	120
133	122
133	123
133	134
133	151
133	153
133	171
133	176
133	182
133	183
133	184
133	185
133	186
133	187
133	188
133	189
133	190
133	191
133	192
133	193
133	194
133	195
133	196
133	197
133	198
133	199
133	200
133	201
133	202
133	203
133	204
133	205
133	206
133	207
133	208
133	209
133	210
133	211
133	212
133	213
133	214
133	215
133	216
133	217
133	218
133	219
133	220
133	221
133	222
133	223
133	224
133	225
133	226
133	227
133	228
133	229
133	230
133	231
133	232
133	233
133	234
133	235
133	236
133	237
133	238
133	239
133	240
133	241
133	242
133	243
133	244
133	245
133	246
133	247
133	248
133	249
133	250
133	251
133	252
133	253
133	254
133	255
133	256
134	1
134	36
134	37
134	38
134	48
134	49
134	51
134	55
134	58
134	59
134	79
134	82
134	85
134	86
134	89
134	97
134	98
134	120
134	123
134	133
134	153
134	164
134	171
134	182
134	183
134	184
134	185
134	186
134	187
134	188
134	189
134	190
134	191
134	192
134	193
134	194
134	195
134	196
134	197
134	198
134	199
134	200
134	201
134	202
134	203
134	204
134	205
134	206
134	207
134	208
134	209
134	210
134	211
134	212
134	213
134	214
134	215
134	216
134	217
134	218
134	219
134	220
134	221
134	222
134	223
134	224
134	225
134	226
134	227
134	228
134	229
134	230
134	231
134	232
134	233
134	234
134	235
134	236
134	237
134	238
134	239
134	240
134	241
134	242
134	243
134	244
134	245
134	246
134	247
134	248
134	249
134	250
134	251
134	252
134	253
134	254
134	255
134	256
135	1
135	6
135	36
135	37
135	48
135	49
135	51
135	55
135	69
135	85
135	89
135	94
135	95
135	96
135	97
135	98
135	130
135	141
135	142
135	153
135	169
135	175
135	194
135	195
135	203
135	237
135	255
135	269
136	40
136	45
136	63
137	36
137	37
137	38
137	39
137	48
137	49
137	51
137	52
137	53
137	95
137	96
137	98
137	153
137	189
137	190
137	194
137	195
137	196
137	197
137	198
137	223
137	230
137	238
137	239
137	246
137	256
138	4
138	10
138	19
138	32
138	36
138	37
138	39
138	48
138	49
138	51
138	52
138	53
138	69
138	71
138	72
138	87
138	88
138	89
138	95
138	97
138	98
138	99
138	118
138	130
138	153
138	169
138	173
138	189
138	194
138	196
138	199
138	201
138	222
138	223
138	236
138	237
138	238
139	269
141	4
141	8
141	10
141	17
141	19
141	27
141	36
141	48
141	49
141	57
141	87
141	98
141	135
141	151
141	153
141	169
141	194
141	195
141	197
142	15
142	17
142	36
142	38
142	48
142	49
142	55
142	98
142	153
142	194
142	195
142	200
142	269
143	6
143	270
144	4
144	6
144	8
144	19
144	24
144	77
144	128
145	15
146	4
146	6
146	8
146	19
146	32
146	37
146	95
146	118
146	152
146	173
146	175
146	176
146	178
146	270
147	24
147	148
147	270
148	24
148	147
148	270
149	118
149	150
149	152
150	40
150	83
150	118
150	149
150	152
150	176
151	36
151	37
151	38
151	48
151	49
151	51
151	52
151	53
151	54
151	69
151	72
151	95
151	96
151	98
151	123
151	130
151	153
151	156
151	169
151	189
151	190
151	191
151	194
151	195
151	196
151	197
151	198
151	211
151	212
151	223
151	230
151	238
151	239
151	246
151	256
152	4
152	6
152	19
152	76
152	83
152	146
152	149
152	150
152	173
152	175
152	176
152	270
153	1
153	4
153	6
153	10
153	19
153	24
153	26
153	32
153	36
153	37
153	38
153	39
153	48
153	49
153	51
153	52
153	53
153	55
153	58
153	69
153	71
153	79
153	82
153	84
153	85
153	86
153	89
153	95
153	97
153	98
153	120
153	130
153	133
153	134
153	137
153	141
153	142
153	169
153	171
153	182
153	183
153	184
153	185
153	186
153	187
153	188
153	189
153	190
153	191
153	192
153	193
153	194
153	195
153	196
153	197
153	198
153	199
153	200
153	201
153	202
153	203
153	204
153	205
153	206
153	207
153	208
153	209
153	210
153	211
153	212
153	213
153	214
153	215
153	216
153	217
153	218
153	219
153	220
153	221
153	222
153	223
153	224
153	225
153	226
153	227
153	228
153	229
153	230
153	231
153	232
153	233
153	234
153	235
153	236
153	237
153	238
153	239
153	240
153	241
153	242
153	243
153	244
153	245
153	246
153	247
153	248
153	249
153	250
153	251
153	252
153	253
153	254
153	255
153	256
154	1
154	6
154	12
154	17
154	26
154	49
154	52
154	56
154	60
154	65
154	109
154	169
154	239
154	269
155	36
155	37
155	48
155	49
155	51
155	52
155	53
155	91
155	98
155	153
155	189
155	190
155	194
155	195
155	196
155	197
155	198
155	223
155	230
155	238
155	239
155	246
155	256
156	36
156	37
156	48
156	49
156	51
156	52
156	53
156	98
156	151
156	153
156	157
156	189
156	190
156	191
156	194
156	195
156	196
156	197
156	198
156	223
156	230
156	238
156	239
156	246
156	256
157	36
157	97
157	156
157	158
157	275
158	3
158	6
158	24
158	36
158	37
158	51
158	69
158	90
158	97
158	98
158	99
158	118
158	130
158	151
158	156
158	157
158	169
158	173
158	175
158	180
158	191
158	196
158	267
159	6
159	26
159	34
159	36
159	37
159	102
159	275
160	4
160	19
160	36
160	37
160	51
160	175
160	197
160	270
161	4
161	6
161	51
161	60
161	71
161	162
161	176
161	270
162	6
162	63
162	69
162	71
162	76
162	161
162	272
162	273
163	6
164	1
164	36
164	98
164	99
164	134
164	260
164	264
165	1
165	36
165	55
165	59
165	97
166	1
166	36
166	48
166	50
166	86
166	88
166	97
166	180
166	187
166	257
167	1
167	26
167	27
167	91
167	173
168	19
168	72
168	169
168	196
169	3
169	4
169	6
169	10
169	12
169	17
169	19
169	24
169	32
169	36
169	37
169	48
169	49
169	51
169	56
169	60
169	69
169	72
169	87
169	94
169	95
169	96
169	97
169	98
169	130
169	135
169	137
169	151
169	153
169	168
169	173
169	194
169	195
169	237
169	239
169	248
169	255
169	270
170	1
170	36
170	82
170	94
170	95
170	97
170	98
170	146
170	151
170	152
170	173
170	176
170	180
170	261
170	267
171	1
171	19
171	24
171	36
171	37
171	38
171	48
171	49
171	51
171	55
171	58
171	60
171	79
171	82
171	85
171	86
171	89
171	97
171	98
171	120
171	133
171	134
171	153
171	169
171	173
171	175
171	176
171	182
171	183
171	184
171	185
171	186
171	187
171	188
171	189
171	190
171	191
171	192
171	193
171	194
171	195
171	196
171	197
171	198
171	199
171	200
171	201
171	202
171	203
171	204
171	205
171	206
171	207
171	208
171	209
171	210
171	211
171	212
171	213
171	214
171	215
171	216
171	217
171	218
171	219
171	220
171	221
171	222
171	223
171	224
171	225
171	226
171	227
171	228
171	229
171	230
171	231
171	232
171	233
171	234
171	235
171	236
171	237
171	238
171	239
171	240
171	241
171	242
171	243
171	244
171	245
171	246
171	247
171	248
171	249
171	250
171	251
171	252
171	253
171	254
171	255
171	256
171	257
172	6
172	35
172	40
172	46
172	60
172	178
173	118
173	175
173	176
173	178
173	180
174	83
174	118
174	176
175	46
175	173
175	176
175	178
176	83
176	116
176	118
176	173
176	175
176	178
178	60
178	173
178	175
178	176
179	51
180	37
180	51
180	76
180	118
180	173
180	203
181	17
182	1
182	36
182	37
182	38
182	48
182	49
182	51
182	55
182	58
182	79
182	82
182	85
182	86
182	89
182	97
182	98
182	120
182	133
182	134
182	153
182	171
182	183
182	184
182	185
182	186
182	187
182	188
182	189
182	190
182	191
182	192
182	193
182	194
182	195
182	196
182	197
182	198
182	199
182	200
182	201
182	202
182	203
182	204
182	205
182	206
182	207
182	208
182	209
182	210
182	211
182	212
182	213
182	214
182	215
182	216
182	217
182	218
182	219
182	220
182	221
182	222
182	223
182	224
182	225
182	226
182	227
182	228
182	229
182	230
182	231
182	232
182	233
182	234
182	235
182	236
182	237
182	238
182	239
182	240
182	241
182	242
182	243
182	244
182	245
182	246
182	247
182	248
182	249
182	250
182	251
182	252
182	253
182	254
182	255
182	256
183	37
184	1
184	19
184	24
184	27
184	30
184	36
184	37
184	38
184	48
184	49
184	51
184	55
184	58
184	79
184	82
184	85
184	86
184	89
184	91
184	97
184	98
184	120
184	130
184	133
184	134
184	151
184	153
184	171
184	182
184	183
184	185
184	186
184	187
184	188
184	189
184	190
184	191
184	192
184	193
184	194
184	195
184	196
184	197
184	198
184	199
184	200
184	201
184	202
184	203
184	204
184	205
184	206
184	207
184	208
184	209
184	210
184	211
184	212
184	213
184	214
184	215
184	216
184	217
184	218
184	219
184	220
184	221
184	222
184	223
184	224
184	225
184	226
184	227
184	228
184	229
184	230
184	231
184	232
184	233
184	234
184	235
184	236
184	237
184	238
184	239
184	240
184	241
184	242
184	243
184	244
184	245
184	246
184	247
184	248
184	249
184	250
184	251
184	252
184	253
184	254
184	255
184	256
184	257
185	1
185	36
185	37
185	38
185	48
185	49
185	51
185	55
185	58
185	79
185	82
185	85
185	86
185	89
185	97
185	98
185	120
185	133
185	134
185	153
185	171
185	182
185	183
185	184
185	186
185	187
185	188
185	189
185	190
185	191
185	192
185	193
185	194
185	195
185	196
185	197
185	198
185	199
185	200
185	201
185	202
185	203
185	204
185	205
185	206
185	207
185	208
185	209
185	210
185	211
185	212
185	213
185	214
185	215
185	216
185	217
185	218
185	219
185	220
185	221
185	222
185	223
185	224
185	225
185	226
185	227
185	228
185	229
185	230
185	231
185	232
185	233
185	234
185	235
185	236
185	237
185	238
185	239
185	240
185	241
185	242
185	243
185	244
185	245
185	246
185	247
185	248
185	249
185	250
185	251
185	252
185	253
185	254
185	255
185	256
185	257
186	1
186	3
186	4
186	6
186	19
186	24
186	32
186	36
186	37
186	38
186	48
186	49
186	51
186	55
186	58
186	79
186	82
186	85
186	86
186	89
186	97
186	98
186	120
186	133
186	134
186	153
186	171
186	182
186	183
186	184
186	185
186	187
186	188
186	189
186	190
186	191
186	192
186	193
186	194
186	195
186	196
186	197
186	198
186	199
186	200
186	201
186	202
186	203
186	204
186	205
186	206
186	207
186	208
186	209
186	210
186	211
186	212
186	213
186	214
186	215
186	216
186	217
186	218
186	219
186	220
186	221
186	222
186	223
186	224
186	225
186	226
186	227
186	228
186	229
186	230
186	231
186	232
186	233
186	234
186	235
186	236
186	237
186	238
186	239
186	240
186	241
186	242
186	243
186	244
186	245
186	246
186	247
186	248
186	249
186	250
186	251
186	252
186	253
186	254
186	255
186	256
186	257
187	1
187	36
187	37
187	38
187	48
187	49
187	51
187	55
187	58
187	61
187	79
187	82
187	85
187	86
187	89
187	97
187	98
187	120
187	133
187	134
187	153
187	171
187	182
187	183
187	184
187	185
187	186
187	188
187	189
187	190
187	191
187	192
187	193
187	194
187	195
187	196
187	197
187	198
187	199
187	200
187	201
187	202
187	203
187	204
187	205
187	206
187	207
187	208
187	209
187	210
187	211
187	212
187	213
187	214
187	215
187	216
187	217
187	218
187	219
187	220
187	221
187	222
187	223
187	224
187	225
187	226
187	227
187	228
187	229
187	230
187	231
187	232
187	233
187	234
187	235
187	236
187	237
187	238
187	239
187	240
187	241
187	242
187	243
187	244
187	245
187	246
187	247
187	248
187	249
187	250
187	251
187	252
187	253
187	254
187	255
187	256
187	270
188	1
188	3
188	24
188	36
188	37
188	38
188	48
188	49
188	51
188	55
188	58
188	79
188	82
188	85
188	86
188	89
188	97
188	98
188	120
188	133
188	134
188	153
188	171
188	182
188	183
188	184
188	185
188	186
188	187
188	189
188	190
188	191
188	192
188	193
188	194
188	195
188	196
188	197
188	198
188	199
188	200
188	201
188	202
188	203
188	204
188	205
188	206
188	207
188	208
188	209
188	210
188	211
188	212
188	213
188	214
188	215
188	216
188	217
188	218
188	219
188	220
188	221
188	222
188	223
188	224
188	225
188	226
188	227
188	228
188	229
188	230
188	231
188	232
188	233
188	234
188	235
188	236
188	237
188	238
188	239
188	240
188	241
188	242
188	243
188	244
188	245
188	246
188	247
188	248
188	249
188	250
188	251
188	252
188	253
188	254
188	255
188	256
188	257
189	1
189	4
189	6
189	10
189	19
189	32
189	36
189	37
189	38
189	48
189	49
189	51
189	52
189	53
189	55
189	58
189	72
189	76
189	79
189	82
189	85
189	86
189	89
189	97
189	98
189	120
189	133
189	134
189	138
189	151
189	153
189	171
189	180
189	182
189	183
189	184
189	185
189	186
189	187
189	188
189	190
189	191
189	192
189	193
189	194
189	195
189	196
189	197
189	198
189	199
189	200
189	201
189	202
189	203
189	204
189	205
189	206
189	207
189	208
189	209
189	210
189	211
189	212
189	213
189	214
189	215
189	216
189	217
189	218
189	219
189	220
189	221
189	222
189	223
189	224
189	225
189	226
189	227
189	228
189	229
189	230
189	231
189	232
189	233
189	234
189	235
189	236
189	237
189	238
189	239
189	240
189	241
189	242
189	243
189	244
189	245
189	246
189	247
189	248
189	249
189	250
189	251
189	252
189	253
189	254
189	255
189	256
189	269
190	1
190	36
190	37
190	38
190	48
190	49
190	51
190	52
190	53
190	55
190	58
190	79
190	82
190	85
190	86
190	89
190	97
190	98
190	120
190	133
190	153
190	171
190	182
190	183
190	184
190	185
190	186
190	187
190	188
190	189
190	191
190	192
190	193
190	194
190	195
190	196
190	197
190	198
190	199
190	200
190	201
190	202
190	203
190	204
190	205
190	206
190	207
190	208
190	209
190	210
190	211
190	212
190	213
190	214
190	215
190	216
190	217
190	218
190	219
190	220
190	221
190	222
190	223
190	224
190	225
190	226
190	227
190	228
190	229
190	230
190	231
190	232
190	233
190	234
190	235
190	236
190	237
190	238
190	239
190	240
190	241
190	242
190	243
190	244
190	245
190	246
190	247
190	248
190	249
190	250
190	251
190	252
190	253
190	254
190	255
190	256
191	1
191	36
191	37
191	38
191	48
191	49
191	51
191	55
191	58
191	79
191	82
191	85
191	86
191	89
191	97
191	98
191	120
191	133
191	134
191	151
191	153
191	156
191	171
191	182
191	183
191	184
191	185
191	186
191	187
191	188
191	189
191	190
191	192
191	193
191	194
191	195
191	196
191	197
191	198
191	199
191	200
191	201
191	202
191	203
191	204
191	205
191	206
191	207
191	208
191	209
191	210
191	211
191	212
191	213
191	214
191	215
191	216
191	217
191	218
191	219
191	220
191	221
191	222
191	223
191	224
191	225
191	226
191	227
191	228
191	229
191	230
191	231
191	232
191	233
191	234
191	235
191	236
191	237
191	238
191	239
191	240
191	241
191	242
191	243
191	244
191	245
191	246
191	247
191	248
191	249
191	250
191	251
191	252
191	253
191	254
191	255
191	256
191	257
192	36
192	37
192	38
192	39
192	137
192	151
192	176
192	184
192	207
193	4
193	6
193	19
193	36
193	37
193	38
193	48
193	49
193	98
193	138
193	153
193	160
193	192
193	194
193	195
193	201
194	1
194	4
194	6
194	10
194	19
194	24
194	32
194	36
194	37
194	38
194	39
194	48
194	49
194	51
194	52
194	53
194	55
194	58
194	69
194	79
194	82
194	84
194	85
194	86
194	89
194	91
194	95
194	97
194	98
194	120
194	130
194	133
194	134
194	142
194	153
194	155
194	169
194	171
194	182
194	183
194	184
194	185
194	186
194	187
194	188
194	189
194	190
194	191
194	192
194	193
194	195
194	196
194	197
194	198
194	199
194	200
194	201
194	202
194	203
194	204
194	205
194	206
194	207
194	208
194	209
194	210
194	211
194	212
194	213
194	214
194	215
194	216
194	217
194	218
194	219
194	220
194	221
194	222
194	223
194	224
194	225
194	226
194	227
194	228
194	229
194	230
194	231
194	232
194	233
194	234
194	235
194	236
194	237
194	238
194	239
194	240
194	241
194	242
194	243
194	244
194	245
194	246
194	247
194	248
194	249
194	250
194	251
194	252
194	253
194	254
194	255
194	256
195	1
195	4
195	6
195	10
195	19
195	24
195	32
195	36
195	37
195	38
195	39
195	48
195	49
195	51
195	52
195	53
195	55
195	58
195	69
195	79
195	82
195	85
195	86
195	89
195	95
195	96
195	97
195	98
195	120
195	130
195	133
195	134
195	137
195	153
195	169
195	171
195	182
195	183
195	184
195	185
195	186
195	187
195	188
195	189
195	190
195	191
195	192
195	193
195	194
195	196
195	197
195	198
195	199
195	200
195	201
195	202
195	203
195	204
195	205
195	206
195	207
195	208
195	209
195	210
195	211
195	212
195	213
195	214
195	215
195	216
195	217
195	218
195	219
195	220
195	221
195	222
195	223
195	224
195	225
195	226
195	227
195	228
195	229
195	230
195	231
195	232
195	233
195	234
195	235
195	236
195	237
195	238
195	239
195	240
195	241
195	242
195	243
195	244
195	245
195	246
195	247
195	248
195	249
195	250
195	251
195	252
195	253
195	254
195	255
195	256
196	1
196	19
196	36
196	37
196	38
196	48
196	49
196	51
196	52
196	53
196	55
196	58
196	72
196	79
196	82
196	85
196	86
196	89
196	97
196	98
196	120
196	130
196	133
196	153
196	171
196	182
196	183
196	184
196	185
196	186
196	187
196	188
196	189
196	190
196	191
196	192
196	193
196	194
196	195
196	197
196	198
196	199
196	200
196	201
196	202
196	203
196	204
196	205
196	206
196	207
196	208
196	209
196	210
196	211
196	212
196	213
196	214
196	215
196	216
196	217
196	218
196	219
196	220
196	221
196	222
196	223
196	224
196	225
196	226
196	227
196	228
196	229
196	230
196	231
196	232
196	233
196	234
196	235
196	236
196	237
196	238
196	239
196	240
196	241
196	242
196	243
196	244
196	245
196	246
196	247
196	248
196	249
196	250
196	251
196	252
196	253
196	254
196	255
196	256
197	1
197	4
197	6
197	10
197	15
197	17
197	19
197	32
197	36
197	37
197	38
197	48
197	49
197	51
197	52
197	53
197	55
197	58
197	79
197	82
197	85
197	86
197	89
197	97
197	98
197	120
197	133
197	134
197	141
197	153
197	171
197	182
197	183
197	184
197	185
197	186
197	187
197	188
197	189
197	190
197	191
197	192
197	193
197	194
197	195
197	196
197	198
197	199
197	200
197	201
197	202
197	203
197	204
197	205
197	206
197	207
197	208
197	209
197	210
197	211
197	212
197	213
197	214
197	215
197	216
197	217
197	218
197	219
197	220
197	221
197	222
197	223
197	224
197	225
197	226
197	227
197	228
197	229
197	230
197	231
197	232
197	233
197	234
197	235
197	236
197	237
197	238
197	239
197	240
197	241
197	242
197	243
197	244
197	245
197	246
197	247
197	248
197	249
197	250
197	251
197	252
197	253
197	254
197	255
197	256
198	1
198	6
198	10
198	19
198	24
198	26
198	32
198	36
198	37
198	38
198	48
198	49
198	51
198	52
198	53
198	55
198	58
198	79
198	82
198	85
198	86
198	89
198	97
198	98
198	120
198	133
198	134
198	153
198	171
198	182
198	183
198	184
198	185
198	186
198	187
198	188
198	189
198	190
198	191
198	192
198	193
198	194
198	195
198	196
198	197
198	199
198	200
198	201
198	202
198	203
198	204
198	205
198	206
198	207
198	208
198	209
198	210
198	211
198	212
198	213
198	214
198	215
198	216
198	217
198	218
198	219
198	220
198	221
198	222
198	223
198	224
198	225
198	226
198	227
198	228
198	229
198	230
198	231
198	232
198	233
198	234
198	235
198	236
198	237
198	238
198	239
198	240
198	241
198	242
198	243
198	244
198	245
198	246
198	247
198	248
198	249
198	250
198	251
198	252
198	253
198	254
198	255
198	256
199	1
199	4
199	17
199	19
199	36
199	37
199	38
199	48
199	49
199	51
199	55
199	58
199	79
199	82
199	85
199	86
199	87
199	89
199	97
199	98
199	103
199	118
199	120
199	130
199	133
199	134
199	151
199	153
199	160
199	161
199	162
199	163
199	166
199	171
199	182
199	183
199	184
199	185
199	186
199	187
199	188
199	189
199	190
199	191
199	192
199	193
199	194
199	195
199	196
199	197
199	198
199	200
199	201
199	202
199	203
199	204
199	205
199	206
199	207
199	208
199	209
199	210
199	211
199	212
199	213
199	214
199	215
199	216
199	217
199	218
199	219
199	220
199	221
199	222
199	223
199	224
199	225
199	226
199	227
199	228
199	229
199	230
199	231
199	232
199	233
199	234
199	235
199	236
199	237
199	238
199	239
199	240
199	241
199	242
199	243
199	244
199	245
199	246
199	247
199	248
199	249
199	250
199	251
199	252
199	253
199	254
199	255
199	256
199	269
200	1
200	19
200	36
200	37
200	38
200	48
200	49
200	51
200	55
200	58
200	79
200	82
200	85
200	86
200	89
200	97
200	98
200	120
200	133
200	134
200	142
200	153
200	171
200	182
200	183
200	184
200	185
200	186
200	187
200	188
200	189
200	190
200	191
200	192
200	193
200	194
200	195
200	196
200	197
200	198
200	199
200	201
200	202
200	203
200	204
200	205
200	206
200	207
200	208
200	209
200	210
200	211
200	212
200	213
200	214
200	215
200	216
200	217
200	218
200	219
200	220
200	221
200	222
200	223
200	224
200	225
200	226
200	227
200	228
200	229
200	230
200	231
200	232
200	233
200	234
200	235
200	236
200	237
200	238
200	239
200	240
200	241
200	242
200	243
200	244
200	245
200	246
200	247
200	248
200	249
200	250
200	251
200	252
200	253
200	254
200	255
200	256
201	1
201	12
201	15
201	19
201	24
201	36
201	37
201	38
201	39
201	48
201	49
201	51
201	55
201	58
201	72
201	79
201	82
201	85
201	86
201	89
201	97
201	98
201	120
201	133
201	134
201	153
201	171
201	182
201	183
201	184
201	185
201	186
201	187
201	188
201	189
201	190
201	191
201	192
201	193
201	194
201	195
201	196
201	197
201	198
201	199
201	200
201	202
201	203
201	204
201	205
201	206
201	207
201	208
201	209
201	210
201	211
201	212
201	213
201	214
201	215
201	216
201	217
201	218
201	219
201	220
201	221
201	222
201	223
201	224
201	225
201	226
201	227
201	228
201	229
201	230
201	231
201	232
201	233
201	234
201	235
201	236
201	237
201	238
201	239
201	240
201	241
201	242
201	243
201	244
201	245
201	246
201	247
201	248
201	249
201	250
201	251
201	252
201	253
201	254
201	255
201	256
202	1
202	36
202	37
202	38
202	48
202	49
202	51
202	55
202	58
202	79
202	82
202	85
202	86
202	89
202	97
202	98
202	120
202	133
202	153
202	171
202	182
202	183
202	184
202	185
202	186
202	187
202	188
202	189
202	190
202	191
202	192
202	193
202	194
202	195
202	196
202	197
202	198
202	199
202	200
202	201
202	203
202	204
202	205
202	206
202	207
202	208
202	209
202	210
202	211
202	212
202	213
202	214
202	215
202	216
202	217
202	218
202	219
202	220
202	221
202	222
202	223
202	224
202	225
202	226
202	227
202	228
202	229
202	230
202	231
202	232
202	233
202	234
202	235
202	236
202	237
202	238
202	239
202	240
202	241
202	242
202	243
202	244
202	245
202	246
202	247
202	248
202	249
202	250
202	251
202	252
202	253
202	254
202	255
202	256
203	1
203	6
203	19
203	36
203	37
203	38
203	48
203	49
203	51
203	55
203	58
203	79
203	82
203	85
203	86
203	89
203	97
203	98
203	120
203	133
203	153
203	171
203	182
203	183
203	184
203	185
203	186
203	187
203	188
203	189
203	190
203	191
203	192
203	193
203	194
203	195
203	196
203	197
203	198
203	199
203	200
203	201
203	202
203	204
203	205
203	206
203	207
203	208
203	209
203	210
203	211
203	212
203	213
203	214
203	215
203	216
203	217
203	218
203	219
203	220
203	221
203	222
203	223
203	224
203	225
203	226
203	227
203	228
203	229
203	230
203	231
203	232
203	233
203	234
203	235
203	236
203	237
203	238
203	239
203	240
203	241
203	242
203	243
203	244
203	245
203	246
203	247
203	248
203	249
203	250
203	251
203	252
203	253
203	254
203	255
203	256
204	1
204	6
204	19
204	32
204	36
204	37
204	38
204	48
204	49
204	51
204	55
204	58
204	79
204	82
204	85
204	86
204	89
204	97
204	98
204	120
204	133
204	153
204	171
204	182
204	183
204	184
204	185
204	186
204	187
204	188
204	189
204	190
204	191
204	192
204	193
204	194
204	195
204	196
204	197
204	198
204	199
204	200
204	201
204	202
204	203
204	205
204	206
204	207
204	208
204	209
204	210
204	211
204	212
204	213
204	214
204	215
204	216
204	217
204	218
204	219
204	220
204	221
204	222
204	223
204	224
204	225
204	226
204	227
204	228
204	229
204	230
204	231
204	232
204	233
204	234
204	235
204	236
204	237
204	238
204	239
204	240
204	241
204	242
204	243
204	244
204	245
204	246
204	247
204	248
204	249
204	250
204	251
204	252
204	253
204	254
204	255
204	256
205	1
205	6
205	8
205	17
205	26
205	32
205	36
205	37
205	38
205	48
205	49
205	51
205	55
205	58
205	79
205	82
205	85
205	86
205	89
205	97
205	98
205	120
205	133
205	134
205	153
205	171
205	182
205	183
205	184
205	185
205	186
205	187
205	188
205	189
205	190
205	191
205	192
205	193
205	194
205	195
205	196
205	197
205	198
205	199
205	200
205	201
205	202
205	203
205	204
205	206
205	207
205	208
205	209
205	210
205	211
205	212
205	213
205	214
205	215
205	216
205	217
205	218
205	219
205	220
205	221
205	222
205	223
205	224
205	225
205	226
205	227
205	228
205	229
205	230
205	231
205	232
205	233
205	234
205	235
205	236
205	237
205	238
205	239
205	240
205	241
205	242
205	243
205	244
205	245
205	246
205	247
205	248
205	249
205	250
205	251
205	252
205	253
205	254
205	255
205	256
206	1
206	36
206	37
206	38
206	48
206	49
206	51
206	55
206	58
206	79
206	82
206	85
206	86
206	89
206	97
206	98
206	120
206	133
206	134
206	153
206	171
206	176
206	182
206	183
206	184
206	185
206	186
206	187
206	188
206	189
206	190
206	191
206	192
206	193
206	194
206	195
206	196
206	197
206	198
206	199
206	200
206	201
206	202
206	203
206	204
206	205
206	207
206	208
206	209
206	210
206	211
206	212
206	213
206	214
206	215
206	216
206	217
206	218
206	219
206	220
206	221
206	222
206	223
206	224
206	225
206	226
206	227
206	228
206	229
206	230
206	231
206	232
206	233
206	234
206	235
206	236
206	237
206	238
206	239
206	240
206	241
206	242
206	243
206	244
206	245
206	246
206	247
206	248
206	249
206	250
206	251
206	252
206	253
206	254
206	255
206	256
207	1
207	36
207	37
207	38
207	48
207	49
207	51
207	55
207	58
207	59
207	79
207	82
207	85
207	86
207	89
207	97
207	98
207	120
207	133
207	134
207	151
207	153
207	171
207	182
207	183
207	184
207	185
207	186
207	187
207	188
207	189
207	190
207	191
207	192
207	193
207	194
207	195
207	196
207	197
207	198
207	199
207	200
207	201
207	202
207	203
207	204
207	205
207	206
207	208
207	209
207	210
207	211
207	212
207	213
207	214
207	215
207	216
207	217
207	218
207	219
207	220
207	221
207	222
207	223
207	224
207	225
207	226
207	227
207	228
207	229
207	230
207	231
207	232
207	233
207	234
207	235
207	236
207	237
207	238
207	239
207	240
207	241
207	242
207	243
207	244
207	245
207	246
207	247
207	248
207	249
207	250
207	251
207	252
207	253
207	254
207	255
207	256
208	1
208	4
208	6
208	32
208	36
208	37
208	38
208	48
208	49
208	51
208	55
208	58
208	59
208	79
208	82
208	85
208	86
208	89
208	97
208	98
208	120
208	133
208	134
208	151
208	153
208	171
208	182
208	183
208	184
208	185
208	186
208	187
208	188
208	189
208	190
208	191
208	192
208	193
208	194
208	195
208	196
208	197
208	198
208	199
208	200
208	201
208	202
208	203
208	204
208	205
208	206
208	207
208	209
208	210
208	211
208	212
208	213
208	214
208	215
208	216
208	217
208	218
208	219
208	220
208	221
208	222
208	223
208	224
208	225
208	226
208	227
208	228
208	229
208	230
208	231
208	232
208	233
208	234
208	235
208	236
208	237
208	238
208	239
208	240
208	241
208	242
208	243
208	244
208	245
208	246
208	247
208	248
208	249
208	250
208	251
208	252
208	253
208	254
208	255
208	256
209	1
209	10
209	36
209	37
209	38
209	48
209	49
209	51
209	55
209	57
209	58
209	59
209	72
209	79
209	82
209	85
209	86
209	87
209	89
209	97
209	98
209	120
209	133
209	134
209	153
209	171
209	182
209	183
209	184
209	185
209	186
209	187
209	188
209	189
209	190
209	191
209	192
209	193
209	194
209	195
209	196
209	197
209	198
209	199
209	200
209	201
209	202
209	203
209	204
209	205
209	206
209	207
209	208
209	210
209	211
209	212
209	213
209	214
209	215
209	216
209	217
209	218
209	219
209	220
209	221
209	222
209	223
209	224
209	225
209	226
209	227
209	228
209	229
209	230
209	231
209	232
209	233
209	234
209	235
209	236
209	237
209	238
209	239
209	240
209	241
209	242
209	243
209	244
209	245
209	246
209	247
209	248
209	249
209	250
209	251
209	252
209	253
209	254
209	255
209	256
210	1
210	36
210	37
210	38
210	48
210	49
210	51
210	55
210	58
210	59
210	79
210	82
210	85
210	86
210	89
210	97
210	98
210	120
210	133
210	134
210	153
210	171
210	182
210	183
210	184
210	185
210	186
210	187
210	188
210	189
210	190
210	191
210	192
210	193
210	194
210	195
210	196
210	197
210	198
210	199
210	200
210	201
210	202
210	203
210	204
210	205
210	206
210	207
210	208
210	209
210	211
210	212
210	213
210	214
210	215
210	216
210	217
210	218
210	219
210	220
210	221
210	222
210	223
210	224
210	225
210	226
210	227
210	228
210	229
210	230
210	231
210	232
210	233
210	234
210	235
210	236
210	237
210	238
210	239
210	240
210	241
210	242
210	243
210	244
210	245
210	246
210	247
210	248
210	249
210	250
210	251
210	252
210	253
210	254
210	255
210	256
211	1
211	36
211	37
211	38
211	48
211	49
211	51
211	55
211	58
211	59
211	79
211	82
211	85
211	86
211	89
211	97
211	98
211	120
211	133
211	134
211	151
211	153
211	171
211	176
211	182
211	183
211	184
211	185
211	186
211	187
211	188
211	189
211	190
211	191
211	192
211	193
211	194
211	195
211	196
211	197
211	198
211	199
211	200
211	201
211	202
211	203
211	204
211	205
211	206
211	207
211	208
211	209
211	210
211	212
211	213
211	214
211	215
211	216
211	217
211	218
211	219
211	220
211	221
211	222
211	223
211	224
211	225
211	226
211	227
211	228
211	229
211	230
211	231
211	232
211	233
211	234
211	235
211	236
211	237
211	238
211	239
211	240
211	241
211	242
211	243
211	244
211	245
211	246
211	247
211	248
211	249
211	250
211	251
211	252
211	253
211	254
211	255
211	256
212	1
212	36
212	37
212	38
212	48
212	49
212	51
212	55
212	58
212	59
212	79
212	82
212	85
212	86
212	89
212	97
212	98
212	120
212	133
212	134
212	151
212	153
212	171
212	182
212	183
212	184
212	185
212	186
212	187
212	188
212	189
212	190
212	191
212	192
212	193
212	194
212	195
212	196
212	197
212	198
212	199
212	200
212	201
212	202
212	203
212	204
212	205
212	206
212	207
212	208
212	209
212	210
212	211
212	213
212	214
212	215
212	216
212	217
212	218
212	219
212	220
212	221
212	222
212	223
212	224
212	225
212	226
212	227
212	228
212	229
212	230
212	231
212	232
212	233
212	234
212	235
212	236
212	237
212	238
212	239
212	240
212	241
212	242
212	243
212	244
212	245
212	246
212	247
212	248
212	249
212	250
212	251
212	252
212	253
212	254
212	255
212	256
213	1
213	19
213	24
213	27
213	30
213	36
213	37
213	38
213	48
213	49
213	51
213	55
213	58
213	79
213	82
213	85
213	86
213	89
213	91
213	97
213	98
213	120
213	130
213	133
213	134
213	151
213	153
213	171
213	182
213	183
213	185
213	186
213	187
213	188
213	189
213	190
213	191
213	192
213	193
213	194
213	195
213	196
213	197
213	198
213	199
213	200
213	201
213	202
213	203
213	204
213	205
213	206
213	207
213	208
213	209
213	210
213	211
213	212
213	213
213	214
213	215
213	216
213	217
213	218
213	219
213	220
213	221
213	222
213	223
213	224
213	225
213	226
213	227
213	228
213	229
213	230
213	231
213	232
213	233
213	234
213	235
213	236
213	237
213	238
213	239
213	240
213	241
213	242
213	243
213	244
213	245
213	246
213	247
213	248
213	249
213	250
213	251
213	252
213	253
213	254
213	255
213	256
213	257
214	1
214	36
214	37
214	38
214	48
214	49
214	51
214	55
214	58
214	79
214	82
214	85
214	86
214	89
214	97
214	98
214	120
214	133
214	134
214	153
214	171
214	182
214	183
214	184
214	185
214	186
214	187
214	188
214	189
214	190
214	191
214	192
214	193
214	194
214	195
214	196
214	197
214	198
214	199
214	200
214	201
214	202
214	203
214	204
214	205
214	206
214	207
214	208
214	209
214	210
214	211
214	212
214	213
214	215
214	216
214	217
214	218
214	219
214	220
214	221
214	222
214	223
214	224
214	225
214	226
214	227
214	228
214	229
214	230
214	231
214	232
214	233
214	234
214	235
214	236
214	237
214	238
214	239
214	240
214	241
214	242
214	243
214	244
214	245
214	246
214	247
214	248
214	249
214	250
214	251
214	252
214	253
214	254
214	255
214	256
215	1
215	36
215	37
215	38
215	48
215	49
215	51
215	55
215	58
215	79
215	82
215	85
215	86
215	89
215	97
215	98
215	120
215	133
215	134
215	153
215	171
215	182
215	183
215	184
215	185
215	186
215	187
215	188
215	189
215	190
215	191
215	192
215	193
215	194
215	195
215	196
215	197
215	198
215	199
215	200
215	201
215	202
215	203
215	204
215	205
215	206
215	207
215	208
215	209
215	210
215	211
215	212
215	213
215	214
215	216
215	217
215	218
215	219
215	220
215	221
215	222
215	223
215	224
215	225
215	226
215	227
215	228
215	229
215	230
215	231
215	232
215	233
215	234
215	235
215	236
215	237
215	238
215	239
215	240
215	241
215	242
215	243
215	244
215	245
215	246
215	247
215	248
215	249
215	250
215	251
215	252
215	253
215	254
215	255
215	256
216	1
216	3
216	24
216	36
216	37
216	38
216	48
216	49
216	51
216	55
216	58
216	79
216	82
216	85
216	86
216	89
216	97
216	98
216	120
216	133
216	134
216	153
216	171
216	182
216	183
216	184
216	185
216	186
216	187
216	188
216	189
216	190
216	191
216	192
216	193
216	194
216	195
216	196
216	197
216	198
216	199
216	200
216	201
216	202
216	203
216	204
216	205
216	206
216	207
216	208
216	209
216	210
216	211
216	212
216	213
216	214
216	215
216	217
216	218
216	219
216	220
216	221
216	222
216	223
216	224
216	225
216	226
216	227
216	228
216	229
216	230
216	231
216	232
216	233
216	234
216	235
216	236
216	237
216	238
216	239
216	240
216	241
216	242
216	243
216	244
216	245
216	246
216	247
216	248
216	249
216	250
216	251
216	252
216	253
216	254
216	255
216	256
217	1
217	19
217	24
217	27
217	30
217	36
217	37
217	38
217	48
217	49
217	51
217	55
217	58
217	79
217	82
217	85
217	86
217	89
217	91
217	97
217	98
217	120
217	130
217	133
217	134
217	151
217	153
217	171
217	182
217	183
217	185
217	186
217	187
217	188
217	189
217	190
217	191
217	192
217	193
217	194
217	195
217	196
217	197
217	198
217	199
217	200
217	201
217	202
217	203
217	204
217	205
217	206
217	207
217	208
217	209
217	210
217	211
217	212
217	213
217	214
217	215
217	216
217	217
217	218
217	219
217	220
217	221
217	222
217	223
217	224
217	225
217	226
217	227
217	228
217	229
217	230
217	231
217	232
217	233
217	234
217	235
217	236
217	237
217	238
217	239
217	240
217	241
217	242
217	243
217	244
217	245
217	246
217	247
217	248
217	249
217	250
217	251
217	252
217	253
217	254
217	255
217	256
217	257
218	1
218	36
218	37
218	38
218	48
218	49
218	51
218	55
218	58
218	79
218	82
218	85
218	86
218	89
218	97
218	98
218	120
218	133
218	153
218	171
218	182
218	183
218	184
218	185
218	186
218	187
218	188
218	189
218	190
218	191
218	192
218	193
218	194
218	195
218	196
218	197
218	198
218	199
218	200
218	201
218	202
218	203
218	204
218	205
218	206
218	207
218	208
218	209
218	210
218	211
218	212
218	213
218	214
218	215
218	216
218	217
218	219
218	220
218	221
218	222
218	223
218	224
218	225
218	226
218	227
218	228
218	229
218	230
218	231
218	232
218	233
218	234
218	235
218	236
218	237
218	238
218	239
218	240
218	241
218	242
218	243
218	244
218	245
218	246
218	247
218	248
218	249
218	250
218	251
218	252
218	253
218	254
218	255
218	256
219	213
220	1
220	19
220	24
220	27
220	30
220	36
220	37
220	38
220	48
220	49
220	51
220	55
220	58
220	79
220	82
220	85
220	86
220	89
220	91
220	97
220	98
220	120
220	130
220	133
220	134
220	151
220	153
220	171
220	182
220	183
220	185
220	186
220	187
220	188
220	189
220	190
220	191
220	192
220	193
220	194
220	195
220	196
220	197
220	198
220	199
220	200
220	201
220	202
220	203
220	204
220	205
220	206
220	207
220	208
220	209
220	210
220	211
220	212
220	213
220	214
220	215
220	216
220	217
220	218
220	219
220	220
220	221
220	222
220	223
220	224
220	225
220	226
220	227
220	228
220	229
220	230
220	231
220	232
220	233
220	234
220	235
220	236
220	237
220	238
220	239
220	240
220	241
220	242
220	243
220	244
220	245
220	246
220	247
220	248
220	249
220	250
220	251
220	252
220	253
220	254
220	255
220	256
220	257
221	1
221	24
221	36
221	37
221	38
221	48
221	49
221	51
221	55
221	58
221	79
221	82
221	85
221	86
221	89
221	97
221	98
221	120
221	123
221	133
221	134
221	153
221	171
221	182
221	183
221	184
221	185
221	186
221	187
221	188
221	189
221	190
221	191
221	192
221	193
221	194
221	195
221	196
221	197
221	198
221	199
221	200
221	201
221	202
221	203
221	204
221	205
221	206
221	207
221	208
221	209
221	210
221	211
221	212
221	213
221	214
221	215
221	216
221	217
221	218
221	219
221	220
221	222
221	223
221	224
221	225
221	226
221	227
221	228
221	229
221	230
221	231
221	232
221	233
221	234
221	235
221	236
221	237
221	238
221	239
221	240
221	241
221	242
221	243
221	244
221	245
221	246
221	247
221	248
221	249
221	250
221	251
221	252
221	253
221	254
221	255
221	256
222	1
222	36
222	37
222	38
222	48
222	49
222	51
222	55
222	58
222	72
222	79
222	82
222	85
222	86
222	89
222	97
222	98
222	99
222	118
222	120
222	133
222	134
222	138
222	153
222	171
222	182
222	183
222	184
222	185
222	186
222	187
222	188
222	189
222	190
222	191
222	192
222	193
222	194
222	195
222	196
222	197
222	198
222	199
222	200
222	201
222	202
222	203
222	204
222	205
222	206
222	207
222	208
222	209
222	210
222	211
222	212
222	213
222	214
222	215
222	216
222	217
222	218
222	219
222	220
222	221
222	223
222	224
222	225
222	226
222	227
222	228
222	229
222	230
222	231
222	232
222	233
222	234
222	235
222	236
222	237
222	238
222	239
222	240
222	241
222	242
222	243
222	244
222	245
222	246
222	247
222	248
222	249
222	250
222	251
222	252
222	253
222	254
222	255
222	256
222	257
223	1
223	4
223	19
223	36
223	37
223	38
223	48
223	49
223	51
223	52
223	53
223	55
223	58
223	69
223	79
223	82
223	85
223	86
223	89
223	97
223	98
223	120
223	133
223	134
223	153
223	171
223	182
223	183
223	184
223	185
223	186
223	187
223	188
223	189
223	190
223	191
223	192
223	193
223	194
223	195
223	196
223	197
223	198
223	199
223	200
223	201
223	202
223	203
223	204
223	205
223	206
223	207
223	208
223	209
223	210
223	211
223	212
223	213
223	214
223	215
223	216
223	217
223	218
223	219
223	220
223	221
223	222
223	224
223	225
223	226
223	227
223	228
223	229
223	230
223	231
223	232
223	233
223	234
223	235
223	236
223	237
223	238
223	239
223	240
223	241
223	242
223	243
223	244
223	245
223	246
223	247
223	248
223	249
223	250
223	251
223	252
223	253
223	254
223	255
223	256
223	257
224	1
224	4
224	10
224	19
224	36
224	37
224	38
224	48
224	49
224	51
224	55
224	58
224	79
224	82
224	85
224	86
224	89
224	97
224	98
224	120
224	133
224	134
224	153
224	171
224	182
224	183
224	184
224	185
224	186
224	187
224	188
224	189
224	190
224	191
224	192
224	193
224	194
224	195
224	196
224	197
224	198
224	199
224	200
224	201
224	202
224	203
224	204
224	205
224	206
224	207
224	208
224	209
224	210
224	211
224	212
224	213
224	214
224	215
224	216
224	217
224	218
224	219
224	220
224	221
224	222
224	223
224	225
224	226
224	227
224	228
224	229
224	230
224	231
224	232
224	233
224	234
224	235
224	236
224	237
224	238
224	239
224	240
224	241
224	242
224	243
224	244
224	245
224	246
224	247
224	248
224	249
224	250
224	251
224	252
224	253
224	254
224	255
224	256
224	257
225	1
225	36
225	37
225	38
225	48
225	49
225	51
225	55
225	58
225	79
225	82
225	85
225	86
225	89
225	97
225	98
225	120
225	133
225	153
225	171
225	182
225	183
225	184
225	185
225	186
225	187
225	188
225	189
225	190
225	191
225	192
225	193
225	194
225	195
225	196
225	197
225	198
225	199
225	200
225	201
225	202
225	203
225	204
225	205
225	206
225	207
225	208
225	209
225	210
225	211
225	212
225	213
225	214
225	215
225	216
225	217
225	218
225	219
225	220
225	221
225	222
225	223
225	224
225	226
225	227
225	228
225	229
225	230
225	231
225	232
225	233
225	234
225	235
225	236
225	237
225	238
225	239
225	240
225	241
225	242
225	243
225	244
225	245
225	246
225	247
225	248
225	249
225	250
225	251
225	252
225	253
225	254
225	255
225	256
225	257
226	1
226	6
226	19
226	26
226	36
226	37
226	38
226	48
226	49
226	51
226	55
226	58
226	72
226	79
226	82
226	85
226	86
226	87
226	89
226	97
226	98
226	120
226	130
226	133
226	134
226	153
226	169
226	171
226	182
226	183
226	184
226	185
226	186
226	187
226	188
226	189
226	190
226	191
226	192
226	193
226	194
226	195
226	196
226	197
226	198
226	199
226	200
226	201
226	202
226	203
226	204
226	205
226	206
226	207
226	208
226	209
226	210
226	211
226	212
226	213
226	214
226	215
226	216
226	217
226	218
226	219
226	220
226	221
226	222
226	223
226	224
226	225
226	227
226	228
226	229
226	230
226	231
226	232
226	233
226	234
226	235
226	236
226	237
226	238
226	239
226	240
226	241
226	242
226	243
226	244
226	245
226	246
226	247
226	248
226	249
226	250
226	251
226	252
226	253
226	254
226	255
226	256
226	257
227	1
227	36
227	37
227	38
227	48
227	49
227	51
227	55
227	58
227	79
227	82
227	85
227	86
227	89
227	97
227	98
227	120
227	133
227	153
227	171
227	182
227	183
227	184
227	185
227	186
227	187
227	188
227	189
227	190
227	191
227	192
227	193
227	194
227	195
227	196
227	197
227	198
227	199
227	200
227	201
227	202
227	203
227	204
227	205
227	206
227	207
227	208
227	209
227	210
227	211
227	212
227	213
227	214
227	215
227	216
227	217
227	218
227	219
227	220
227	221
227	222
227	223
227	224
227	225
227	226
227	228
227	229
227	230
227	231
227	232
227	233
227	234
227	235
227	236
227	237
227	238
227	239
227	240
227	241
227	242
227	243
227	244
227	245
227	246
227	247
227	248
227	249
227	250
227	251
227	252
227	253
227	254
227	255
227	256
227	257
228	1
228	3
228	4
228	6
228	8
228	10
228	15
228	17
228	19
228	24
228	32
228	36
228	37
228	38
228	48
228	49
228	51
228	55
228	58
228	72
228	79
228	82
228	85
228	86
228	89
228	97
228	98
228	118
228	120
228	133
228	134
228	153
228	171
228	182
228	183
228	184
228	185
228	186
228	187
228	188
228	189
228	190
228	191
228	192
228	193
228	194
228	195
228	196
228	197
228	198
228	199
228	200
228	201
228	202
228	203
228	204
228	205
228	206
228	207
228	208
228	209
228	210
228	211
228	212
228	213
228	214
228	215
228	216
228	217
228	218
228	219
228	220
228	221
228	222
228	223
228	224
228	225
228	226
228	227
228	228
228	229
228	230
228	231
228	232
228	233
228	234
228	235
228	236
228	237
228	238
228	239
228	240
228	241
228	242
228	243
228	244
228	245
228	246
228	247
228	248
228	249
228	250
228	251
228	252
228	253
228	254
228	255
228	256
229	1
229	4
229	6
229	19
229	28
229	36
229	37
229	38
229	48
229	49
229	51
229	55
229	58
229	79
229	82
229	85
229	86
229	89
229	97
229	98
229	120
229	133
229	153
229	171
229	182
229	183
229	184
229	185
229	186
229	187
229	188
229	189
229	190
229	191
229	192
229	193
229	194
229	195
229	196
229	197
229	198
229	199
229	200
229	201
229	202
229	203
229	204
229	205
229	206
229	207
229	208
229	209
229	210
229	211
229	212
229	213
229	214
229	215
229	216
229	217
229	218
229	219
229	220
229	221
229	222
229	223
229	224
229	225
229	226
229	227
229	228
229	230
229	231
229	232
229	233
229	234
229	235
229	236
229	237
229	238
229	239
229	240
229	241
229	242
229	243
229	244
229	245
229	246
229	247
229	248
229	249
229	250
229	251
229	252
229	253
229	254
229	255
229	256
229	257
230	1
230	36
230	37
230	38
230	48
230	49
230	51
230	55
230	58
230	72
230	79
230	82
230	85
230	86
230	89
230	97
230	98
230	99
230	120
230	133
230	134
230	138
230	153
230	171
230	182
230	183
230	184
230	185
230	186
230	187
230	188
230	189
230	190
230	191
230	192
230	193
230	194
230	195
230	196
230	197
230	198
230	199
230	200
230	201
230	202
230	203
230	204
230	205
230	206
230	207
230	208
230	209
230	210
230	211
230	212
230	213
230	214
230	215
230	216
230	217
230	218
230	219
230	220
230	221
230	222
230	223
230	224
230	225
230	226
230	227
230	228
230	229
230	231
230	232
230	233
230	234
230	235
230	236
230	237
230	238
230	239
230	240
230	241
230	242
230	243
230	244
230	245
230	246
230	247
230	248
230	249
230	250
230	251
230	252
230	253
230	254
230	255
230	256
230	257
231	1
231	19
231	26
231	36
231	37
231	38
231	48
231	49
231	51
231	55
231	58
231	79
231	82
231	85
231	86
231	89
231	97
231	98
231	120
231	133
231	134
231	153
231	171
231	182
231	183
231	184
231	185
231	186
231	187
231	188
231	189
231	190
231	191
231	192
231	193
231	194
231	195
231	196
231	197
231	198
231	199
231	200
231	201
231	202
231	203
231	204
231	205
231	206
231	207
231	208
231	209
231	210
231	211
231	212
231	213
231	214
231	215
231	216
231	217
231	218
231	219
231	220
231	221
231	222
231	223
231	224
231	225
231	226
231	227
231	228
231	229
231	230
231	232
231	233
231	234
231	235
231	236
231	237
231	238
231	239
231	240
231	241
231	242
231	243
231	244
231	245
231	246
231	247
231	248
231	249
231	250
231	251
231	252
231	253
231	254
231	255
231	256
231	257
232	1
232	4
232	6
232	10
232	17
232	19
232	24
232	36
232	37
232	38
232	48
232	49
232	51
232	52
232	53
232	55
232	58
232	72
232	79
232	82
232	85
232	86
232	89
232	97
232	98
232	120
232	133
232	134
232	153
232	169
232	171
232	182
232	183
232	184
232	185
232	186
232	187
232	188
232	189
232	190
232	191
232	192
232	193
232	194
232	195
232	196
232	197
232	198
232	199
232	200
232	201
232	202
232	203
232	204
232	205
232	206
232	207
232	208
232	209
232	210
232	211
232	212
232	213
232	214
232	215
232	216
232	217
232	218
232	219
232	220
232	221
232	222
232	223
232	224
232	225
232	226
232	227
232	228
232	229
232	230
232	231
232	233
232	234
232	235
232	236
232	237
232	238
232	239
232	240
232	241
232	242
232	243
232	244
232	245
232	246
232	247
232	248
232	249
232	250
232	251
232	252
232	253
232	254
232	255
232	256
232	257
233	1
233	6
233	19
233	24
233	36
233	37
233	38
233	48
233	49
233	51
233	55
233	58
233	79
233	82
233	85
233	86
233	89
233	97
233	98
233	120
233	133
233	134
233	153
233	171
233	182
233	183
233	184
233	185
233	186
233	187
233	188
233	189
233	190
233	191
233	192
233	193
233	194
233	195
233	196
233	197
233	198
233	199
233	200
233	201
233	202
233	203
233	204
233	205
233	206
233	207
233	208
233	209
233	210
233	211
233	212
233	213
233	214
233	215
233	216
233	217
233	218
233	219
233	220
233	221
233	222
233	223
233	224
233	225
233	226
233	227
233	228
233	229
233	230
233	231
233	232
233	234
233	235
233	236
233	237
233	238
233	239
233	240
233	241
233	242
233	243
233	244
233	245
233	246
233	247
233	248
233	249
233	250
233	251
233	252
233	253
233	254
233	255
233	256
234	1
234	4
234	6
234	32
234	36
234	37
234	38
234	48
234	49
234	51
234	55
234	58
234	79
234	82
234	85
234	86
234	89
234	97
234	98
234	120
234	133
234	134
234	153
234	171
234	182
234	183
234	184
234	185
234	186
234	187
234	188
234	189
234	190
234	191
234	192
234	193
234	194
234	195
234	196
234	197
234	198
234	199
234	200
234	201
234	202
234	203
234	204
234	205
234	206
234	207
234	208
234	209
234	210
234	211
234	212
234	213
234	214
234	215
234	216
234	217
234	218
234	219
234	220
234	221
234	222
234	223
234	224
234	225
234	226
234	227
234	228
234	229
234	230
234	231
234	232
234	233
234	235
234	236
234	237
234	238
234	239
234	240
234	241
234	242
234	243
234	244
234	245
234	246
234	247
234	248
234	249
234	250
234	251
234	252
234	253
234	254
234	255
234	256
234	257
235	1
235	36
235	37
235	38
235	48
235	49
235	51
235	55
235	58
235	72
235	79
235	82
235	85
235	86
235	89
235	97
235	98
235	99
235	120
235	133
235	153
235	171
235	182
235	183
235	184
235	185
235	186
235	187
235	188
235	189
235	190
235	191
235	192
235	193
235	194
235	195
235	196
235	197
235	198
235	199
235	200
235	201
235	202
235	203
235	204
235	205
235	206
235	207
235	208
235	209
235	210
235	211
235	212
235	213
235	214
235	215
235	216
235	217
235	218
235	219
235	220
235	221
235	222
235	223
235	224
235	225
235	226
235	227
235	228
235	229
235	230
235	231
235	232
235	233
235	234
235	236
235	237
235	238
235	239
235	240
235	241
235	242
235	243
235	244
235	245
235	246
235	247
235	248
235	249
235	250
235	251
235	252
235	253
235	254
235	255
235	256
236	1
236	4
236	19
236	36
236	37
236	38
236	48
236	49
236	51
236	55
236	58
236	72
236	79
236	82
236	85
236	86
236	89
236	97
236	98
236	99
236	120
236	130
236	133
236	138
236	153
236	171
236	182
236	183
236	184
236	185
236	186
236	187
236	188
236	189
236	190
236	191
236	192
236	193
236	194
236	195
236	196
236	197
236	198
236	199
236	200
236	201
236	202
236	203
236	204
236	205
236	206
236	207
236	208
236	209
236	210
236	211
236	212
236	213
236	214
236	215
236	216
236	217
236	218
236	219
236	220
236	221
236	222
236	223
236	224
236	225
236	226
236	227
236	228
236	229
236	230
236	231
236	232
236	233
236	234
236	235
236	237
236	238
236	239
236	240
236	241
236	242
236	243
236	244
236	245
236	246
236	247
236	248
236	249
236	250
236	251
236	252
236	253
236	254
236	255
236	256
237	1
237	4
237	6
237	10
237	15
237	17
237	19
237	24
237	32
237	36
237	37
237	38
237	48
237	49
237	51
237	52
237	53
237	55
237	58
237	69
237	72
237	79
237	82
237	85
237	86
237	89
237	94
237	95
237	96
237	97
237	98
237	99
237	120
237	130
237	133
237	134
237	135
237	138
237	153
237	162
237	169
237	171
237	182
237	183
237	184
237	185
237	186
237	187
237	188
237	189
237	190
237	191
237	192
237	193
237	194
237	195
237	196
237	197
237	198
237	199
237	200
237	201
237	202
237	203
237	204
237	205
237	206
237	207
237	208
237	209
237	210
237	211
237	212
237	213
237	214
237	215
237	216
237	217
237	218
237	219
237	220
237	221
237	222
237	223
237	224
237	225
237	226
237	227
237	228
237	229
237	230
237	231
237	232
237	233
237	234
237	235
237	236
237	238
237	239
237	240
237	241
237	242
237	243
237	244
237	245
237	246
237	247
237	248
237	249
237	250
237	251
237	252
237	253
237	254
237	255
237	256
238	1
238	4
238	6
238	19
238	36
238	37
238	38
238	48
238	49
238	51
238	52
238	53
238	55
238	58
238	72
238	79
238	82
238	85
238	86
238	89
238	97
238	98
238	120
238	133
238	138
238	153
238	171
238	182
238	183
238	184
238	185
238	186
238	187
238	188
238	189
238	190
238	191
238	192
238	193
238	194
238	195
238	196
238	197
238	198
238	199
238	200
238	201
238	202
238	203
238	204
238	205
238	206
238	207
238	208
238	209
238	210
238	211
238	212
238	213
238	214
238	215
238	216
238	217
238	218
238	219
238	220
238	221
238	222
238	223
238	224
238	225
238	226
238	227
238	228
238	229
238	230
238	231
238	232
238	233
238	234
238	235
238	236
238	237
238	239
238	240
238	241
238	242
238	243
238	244
238	245
238	246
238	247
238	248
238	249
238	250
238	251
238	252
238	253
238	254
238	255
238	256
238	257
238	275
239	1
239	36
239	37
239	38
239	48
239	49
239	51
239	52
239	53
239	55
239	58
239	69
239	72
239	79
239	82
239	85
239	86
239	89
239	97
239	98
239	120
239	130
239	133
239	134
239	153
239	169
239	171
239	182
239	183
239	184
239	185
239	186
239	187
239	188
239	189
239	190
239	191
239	192
239	193
239	194
239	195
239	196
239	197
239	198
239	199
239	200
239	201
239	202
239	203
239	204
239	205
239	206
239	207
239	208
239	209
239	210
239	211
239	212
239	213
239	214
239	215
239	216
239	217
239	218
239	219
239	220
239	221
239	222
239	223
239	224
239	225
239	226
239	227
239	228
239	229
239	230
239	231
239	232
239	233
239	234
239	235
239	236
239	237
239	238
239	240
239	241
239	242
239	243
239	244
239	245
239	246
239	247
239	248
239	249
239	250
239	251
239	252
239	253
239	254
239	255
239	256
239	257
240	1
240	36
240	37
240	38
240	48
240	49
240	51
240	55
240	58
240	79
240	82
240	85
240	86
240	89
240	97
240	98
240	120
240	133
240	134
240	153
240	171
240	182
240	183
240	184
240	185
240	186
240	187
240	188
240	189
240	190
240	191
240	192
240	193
240	194
240	195
240	196
240	197
240	198
240	199
240	200
240	201
240	202
240	203
240	204
240	205
240	206
240	207
240	208
240	209
240	210
240	211
240	212
240	213
240	214
240	215
240	216
240	217
240	218
240	219
240	220
240	221
240	222
240	223
240	224
240	225
240	226
240	227
240	228
240	229
240	230
240	231
240	232
240	233
240	234
240	235
240	236
240	237
240	238
240	239
240	241
240	242
240	243
240	244
240	245
240	246
240	247
240	248
240	249
240	250
240	251
240	252
240	253
240	254
240	255
240	256
240	257
241	1
241	36
241	37
241	38
241	48
241	49
241	51
241	55
241	58
241	79
241	82
241	85
241	86
241	89
241	97
241	98
241	120
241	133
241	134
241	153
241	171
241	182
241	183
241	184
241	185
241	186
241	187
241	188
241	189
241	190
241	191
241	192
241	193
241	194
241	195
241	196
241	197
241	198
241	199
241	200
241	201
241	202
241	203
241	204
241	205
241	206
241	207
241	208
241	209
241	210
241	211
241	212
241	213
241	214
241	215
241	216
241	217
241	218
241	219
241	220
241	221
241	222
241	223
241	224
241	225
241	226
241	227
241	228
241	229
241	230
241	231
241	232
241	233
241	234
241	235
241	236
241	237
241	238
241	239
241	240
241	242
241	243
241	244
241	245
241	246
241	247
241	248
241	249
241	250
241	251
241	252
241	253
241	254
241	255
241	256
241	257
242	1
242	24
242	36
242	37
242	38
242	48
242	49
242	51
242	55
242	58
242	79
242	82
242	85
242	86
242	89
242	97
242	98
242	120
242	130
242	133
242	153
242	171
242	182
242	183
242	184
242	185
242	186
242	187
242	188
242	189
242	190
242	191
242	192
242	193
242	194
242	195
242	196
242	197
242	198
242	199
242	200
242	201
242	202
242	203
242	204
242	205
242	206
242	207
242	208
242	209
242	210
242	211
242	212
242	213
242	214
242	215
242	216
242	217
242	218
242	219
242	220
242	221
242	222
242	223
242	224
242	225
242	226
242	227
242	228
242	229
242	230
242	231
242	232
242	233
242	234
242	235
242	236
242	237
242	238
242	239
242	240
242	241
242	243
242	244
242	245
242	246
242	247
242	248
242	249
242	250
242	251
242	252
242	253
242	254
242	255
242	256
243	1
243	24
243	36
243	37
243	38
243	48
243	49
243	51
243	55
243	58
243	79
243	82
243	85
243	86
243	89
243	97
243	98
243	120
243	133
243	153
243	171
243	182
243	183
243	184
243	185
243	186
243	187
243	188
243	189
243	190
243	191
243	192
243	193
243	194
243	195
243	196
243	197
243	198
243	199
243	200
243	201
243	202
243	203
243	204
243	205
243	206
243	207
243	208
243	209
243	210
243	211
243	212
243	213
243	214
243	215
243	216
243	217
243	218
243	219
243	220
243	221
243	222
243	223
243	224
243	225
243	226
243	227
243	228
243	229
243	230
243	231
243	232
243	233
243	234
243	235
243	236
243	237
243	238
243	239
243	240
243	241
243	242
243	244
243	245
243	246
243	247
243	248
243	249
243	250
243	251
243	252
243	253
243	254
243	255
243	256
244	1
244	24
244	27
244	30
244	36
244	37
244	38
244	48
244	49
244	51
244	55
244	58
244	79
244	82
244	85
244	86
244	88
244	89
244	97
244	98
244	99
244	120
244	133
244	151
244	153
244	160
244	162
244	171
244	176
244	178
244	182
244	183
244	184
244	185
244	186
244	187
244	188
244	189
244	190
244	191
244	192
244	193
244	194
244	195
244	196
244	197
244	198
244	199
244	200
244	201
244	202
244	203
244	204
244	205
244	206
244	207
244	208
244	209
244	210
244	211
244	212
244	213
244	214
244	215
244	216
244	217
244	218
244	219
244	220
244	221
244	222
244	223
244	224
244	225
244	226
244	227
244	228
244	229
244	230
244	231
244	232
244	233
244	234
244	235
244	236
244	237
244	238
244	239
244	240
244	241
244	242
244	243
244	245
244	246
244	247
244	248
244	249
244	250
244	251
244	252
244	253
244	254
244	255
244	256
245	1
245	19
245	36
245	37
245	38
245	48
245	49
245	51
245	55
245	58
245	69
245	79
245	82
245	85
245	86
245	89
245	97
245	98
245	120
245	133
245	134
245	153
245	171
245	182
245	183
245	184
245	185
245	186
245	187
245	188
245	189
245	190
245	191
245	192
245	193
245	194
245	195
245	196
245	197
245	198
245	199
245	200
245	201
245	202
245	203
245	204
245	205
245	206
245	207
245	208
245	209
245	210
245	211
245	212
245	213
245	214
245	215
245	216
245	217
245	218
245	219
245	220
245	221
245	222
245	223
245	224
245	225
245	226
245	227
245	228
245	229
245	230
245	231
245	232
245	233
245	234
245	235
245	236
245	237
245	238
245	239
245	240
245	241
245	242
245	243
245	244
245	246
245	247
245	248
245	249
245	250
245	251
245	252
245	253
245	254
245	255
245	256
245	257
245	269
246	1
246	36
246	37
246	38
246	39
246	48
246	49
246	51
246	52
246	53
246	55
246	58
246	72
246	79
246	82
246	85
246	86
246	89
246	97
246	98
246	120
246	133
246	134
246	153
246	171
246	182
246	183
246	184
246	185
246	186
246	187
246	188
246	189
246	190
246	191
246	192
246	193
246	194
246	195
246	196
246	197
246	198
246	199
246	200
246	201
246	202
246	203
246	204
246	205
246	206
246	207
246	208
246	209
246	210
246	211
246	212
246	213
246	214
246	215
246	216
246	217
246	218
246	219
246	220
246	221
246	222
246	223
246	224
246	225
246	226
246	227
246	228
246	229
246	230
246	231
246	232
246	233
246	234
246	235
246	236
246	237
246	238
246	239
246	240
246	241
246	242
246	243
246	244
246	245
246	247
246	248
246	249
246	250
246	251
246	252
246	253
246	254
246	255
246	256
246	257
247	1
247	36
247	37
247	38
247	39
247	48
247	49
247	51
247	52
247	53
247	55
247	58
247	79
247	82
247	85
247	86
247	89
247	97
247	98
247	120
247	133
247	134
247	153
247	171
247	182
247	183
247	184
247	185
247	186
247	187
247	188
247	189
247	190
247	191
247	192
247	193
247	194
247	195
247	196
247	197
247	198
247	199
247	200
247	201
247	202
247	203
247	204
247	205
247	206
247	207
247	208
247	209
247	210
247	211
247	212
247	213
247	214
247	215
247	216
247	217
247	218
247	219
247	220
247	221
247	222
247	223
247	224
247	225
247	226
247	227
247	228
247	229
247	230
247	231
247	232
247	233
247	234
247	235
247	236
247	237
247	238
247	239
247	240
247	241
247	242
247	243
247	244
247	245
247	246
247	248
247	249
247	250
247	251
247	252
247	253
247	254
247	255
247	256
247	257
248	1
248	36
248	37
248	38
248	48
248	49
248	51
248	55
248	58
248	69
248	79
248	82
248	85
248	86
248	89
248	97
248	98
248	120
248	133
248	153
248	169
248	171
248	182
248	183
248	184
248	185
248	186
248	187
248	188
248	189
248	190
248	191
248	192
248	193
248	194
248	195
248	196
248	197
248	198
248	199
248	200
248	201
248	202
248	203
248	204
248	205
248	206
248	207
248	208
248	209
248	210
248	211
248	212
248	213
248	214
248	215
248	216
248	217
248	218
248	219
248	220
248	221
248	222
248	223
248	224
248	225
248	226
248	227
248	228
248	229
248	230
248	231
248	232
248	233
248	234
248	235
248	236
248	237
248	238
248	239
248	240
248	241
248	242
248	243
248	244
248	245
248	246
248	247
248	249
248	250
248	251
248	252
248	253
248	254
248	255
248	256
248	257
249	1
249	4
249	8
249	10
249	15
249	19
249	32
249	36
249	37
249	38
249	48
249	49
249	51
249	55
249	58
249	79
249	82
249	85
249	86
249	89
249	97
249	98
249	120
249	133
249	134
249	153
249	171
249	182
249	183
249	184
249	185
249	186
249	187
249	188
249	189
249	190
249	191
249	192
249	193
249	194
249	195
249	196
249	197
249	198
249	199
249	200
249	201
249	202
249	203
249	204
249	205
249	206
249	207
249	208
249	209
249	210
249	211
249	212
249	213
249	214
249	215
249	216
249	217
249	218
249	219
249	220
249	221
249	222
249	223
249	224
249	225
249	226
249	227
249	228
249	229
249	230
249	231
249	232
249	233
249	234
249	235
249	236
249	237
249	238
249	239
249	240
249	241
249	242
249	243
249	244
249	245
249	246
249	247
249	248
249	250
249	251
249	252
249	253
249	254
249	255
249	256
249	257
250	36
250	37
250	72
250	97
250	99
250	151
250	156
250	176
250	180
250	195
250	257
251	1
251	36
251	37
251	38
251	48
251	49
251	51
251	52
251	53
251	55
251	58
251	79
251	82
251	85
251	86
251	89
251	97
251	98
251	120
251	133
251	153
251	171
251	182
251	183
251	184
251	185
251	186
251	187
251	188
251	189
251	190
251	191
251	192
251	193
251	194
251	195
251	196
251	197
251	198
251	199
251	200
251	201
251	202
251	203
251	204
251	205
251	206
251	207
251	208
251	209
251	210
251	211
251	212
251	213
251	214
251	215
251	216
251	217
251	218
251	219
251	220
251	221
251	222
251	223
251	224
251	225
251	226
251	227
251	228
251	229
251	230
251	231
251	232
251	233
251	234
251	235
251	236
251	237
251	238
251	239
251	240
251	241
251	242
251	243
251	244
251	245
251	246
251	247
251	248
251	249
251	250
251	252
251	253
251	254
251	255
251	256
251	257
252	1
252	36
252	37
252	38
252	39
252	48
252	49
252	51
252	55
252	58
252	79
252	82
252	85
252	86
252	89
252	97
252	98
252	120
252	133
252	134
252	153
252	171
252	182
252	183
252	184
252	185
252	186
252	187
252	188
252	189
252	190
252	191
252	192
252	193
252	194
252	195
252	196
252	197
252	198
252	199
252	200
252	201
252	202
252	203
252	204
252	205
252	206
252	207
252	208
252	209
252	210
252	211
252	212
252	213
252	214
252	215
252	216
252	217
252	218
252	219
252	220
252	221
252	222
252	223
252	224
252	225
252	226
252	227
252	228
252	229
252	230
252	231
252	232
252	233
252	234
252	235
252	236
252	237
252	238
252	239
252	240
252	241
252	242
252	243
252	244
252	245
252	246
252	247
252	248
252	249
252	250
252	251
252	253
252	254
252	255
252	256
252	257
253	1
253	36
253	37
253	38
253	48
253	49
253	51
253	55
253	58
253	79
253	82
253	85
253	86
253	89
253	97
253	98
253	99
253	120
253	133
253	153
253	171
253	182
253	183
253	184
253	185
253	186
253	187
253	188
253	189
253	190
253	191
253	192
253	193
253	194
253	195
253	196
253	197
253	198
253	199
253	200
253	201
253	202
253	203
253	204
253	205
253	206
253	207
253	208
253	209
253	210
253	211
253	212
253	213
253	214
253	215
253	216
253	217
253	218
253	219
253	220
253	221
253	222
253	223
253	224
253	225
253	226
253	227
253	228
253	229
253	230
253	231
253	232
253	233
253	234
253	235
253	236
253	237
253	238
253	239
253	240
253	241
253	242
253	243
253	244
253	245
253	246
253	247
253	248
253	249
253	250
253	251
253	252
253	254
253	255
253	256
253	257
254	1
254	36
254	37
254	38
254	48
254	49
254	51
254	55
254	58
254	79
254	82
254	85
254	86
254	89
254	97
254	98
254	120
254	133
254	134
254	153
254	171
254	182
254	183
254	184
254	185
254	186
254	187
254	188
254	189
254	190
254	191
254	192
254	193
254	194
254	195
254	196
254	197
254	198
254	199
254	200
254	201
254	202
254	203
254	204
254	205
254	206
254	207
254	208
254	209
254	210
254	211
254	212
254	213
254	214
254	215
254	216
254	217
254	218
254	219
254	220
254	221
254	222
254	223
254	224
254	225
254	226
254	227
254	228
254	229
254	230
254	231
254	232
254	233
254	234
254	235
254	236
254	237
254	238
254	239
254	240
254	241
254	242
254	243
254	244
254	245
254	246
254	247
254	248
254	249
254	250
254	251
254	252
254	253
254	255
254	256
254	257
255	1
255	36
255	37
255	38
255	48
255	49
255	51
255	55
255	58
255	69
255	72
255	79
255	82
255	85
255	86
255	87
255	89
255	94
255	95
255	96
255	97
255	98
255	120
255	130
255	133
255	135
255	151
255	153
255	169
255	171
255	182
255	183
255	184
255	185
255	186
255	187
255	188
255	189
255	190
255	191
255	192
255	193
255	194
255	195
255	196
255	197
255	198
255	199
255	200
255	201
255	202
255	203
255	204
255	205
255	206
255	207
255	208
255	209
255	210
255	211
255	212
255	213
255	214
255	215
255	216
255	217
255	218
255	219
255	220
255	221
255	222
255	223
255	224
255	225
255	226
255	227
255	228
255	229
255	230
255	231
255	232
255	233
255	234
255	235
255	236
255	237
255	238
255	239
255	240
255	241
255	242
255	243
255	244
255	245
255	246
255	247
255	248
255	249
255	250
255	251
255	252
255	253
255	254
255	256
256	1
256	6
256	24
256	32
256	36
256	37
256	38
256	48
256	49
256	51
256	52
256	53
256	55
256	58
256	79
256	82
256	85
256	86
256	89
256	97
256	98
256	120
256	133
256	134
256	151
256	153
256	171
256	182
256	183
256	184
256	185
256	186
256	187
256	188
256	189
256	190
256	191
256	192
256	193
256	194
256	195
256	196
256	197
256	198
256	199
256	200
256	201
256	202
256	203
256	204
256	205
256	206
256	207
256	208
256	209
256	210
256	211
256	212
256	213
256	214
256	215
256	216
256	217
256	218
256	219
256	220
256	221
256	222
256	223
256	224
256	225
256	226
256	227
256	228
256	229
256	230
256	231
256	232
256	233
256	234
256	235
256	236
256	237
256	238
256	239
256	240
256	241
256	242
256	243
256	244
256	245
256	246
256	247
256	248
256	249
256	250
256	251
256	252
256	253
256	254
256	255
257	1
257	36
257	82
257	117
257	120
257	166
257	171
257	184
257	185
257	186
257	188
257	191
257	222
257	223
257	224
257	225
257	226
257	227
257	229
257	230
257	231
257	232
257	234
257	238
257	239
257	240
257	241
257	245
257	246
257	247
257	248
257	249
257	250
257	251
257	252
257	253
257	254
258	1
258	58
259	1
260	1
260	164
261	1
261	82
261	95
261	170
261	262
262	1
262	82
262	96
262	261
263	1
264	1
264	82
264	120
264	164
264	267
265	1
266	1
267	1
267	158
267	170
267	264
268	1
271	1
273	1
274	1
