1	2
1	3
1	4
1	5
1	6
1	7
1	8
1	9
1	10
1	11
1	12
1	13
1	14
1	15
1	16
1	17
1	18
1	19
1	20
1	21
1	22
1	23
1	24
1	25
1	26
1	27
1	28
1	29
1	30
1	31
1	32
1	33
1	34
1	35
1	36
1	37
1	38
1	39
1	40
1	41
1	42
1	43
1	44
1	45
1	46
1	47
1	48
1	49
1	50
1	51
1	52
1	53
1	54
1	55
1	56
1	57
1	58
1	59
1	60
1	61
1	62
1	63
1	64
1	65
1	66
1	67
1	68
1	69
1	70
1	71
1	72
1	73
1	74
1	75
1	76
1	77
1	78
1	79
1	80
1	81
1	82
1	83
1	84
1	85
1	86
1	87
1	88
1	89
1	90
1	91
1	92
1	93
1	94
1	95
1	96
1	97
1	98
1	99
1	100
1	101
1	102
1	103
1	104
1	105
1	106
1	107
1	108
1	109
1	110
1	111
1	112
1	113
1	114
1	115
1	116
1	117
1	118
1	119
1	120
1	121
1	122
1	123
1	124
1	125
1	126
1	127
1	128
1	129
1	130
1	131
1	132
1	133
1	134
1	135
1	136
1	137
1	138
1	139
1	140
1	141
1	142
1	143
1	144
1	145
1	146
1	147
1	148
1	149
1	150
1	151
1	152
1	153
1	154
1	155
1	156
1	157
1	158
1	159
1	160
1	161
1	162
1	163
1	164
1	165
1	166
1	167
1	168
1	169
1	170
1	171
1	172
1	173
1	174
1	175
1	176
1	177
1	178
1	179
1	180
1	181
1	182
1	183
1	184
1	185
1	186
1	187
1	188
1	189
1	190
1	191
1	192
1	193
1	194
1	195
1	196
1	197
1	198
1	199
1	200
1	201
1	202
1	203
1	204
1	205
1	206
1	207
1	208
1	209
1	210
1	211
1	212
1	213
1	214
1	215
1	216
1	217
1	218
1	219
1	220
1	221
1	222
1	223
1	224
1	225
1	226
1	227
1	228
1	229
1	230
1	231
1	232
1	233
1	234
1	235
1	236
1	237
1	238
1	239
1	240
1	241
1	242
1	243
1	244
1	245
1	246
1	247
1	248
1	249
1	250
1	251
1	252
1	253
1	254
1	255
1	256
1	257
1	258
3	15
3	17
3	26
3	41
3	62
3	75
3	86
3	88
3	89
3	90
3	250
4	4
4	6
4	7
4	12
4	14
4	30
4	41
4	43
4	44
4	45
4	47
4	49
4	51
4	52
4	55
4	58
4	79
4	81
4	88
4	89
4	112
4	115
4	116
4	118
4	120
4	123
4	125
4	128
4	131
4	133
4	135
4	138
4	140
4	142
4	145
4	152
4	153
4	163
4	172
4	174
4	180
4	181
4	182
4	185
4	188
4	189
4	191
4	192
4	194
4	195
4	196
4	200
4	202
4	204
4	205
4	206
4	209
4	210
4	213
4	215
4	219
4	226
4	240
4	252
5	88
6	1
6	4
6	7
6	17
6	27
6	30
6	34
6	36
6	51
6	52
6	64
6	81
6	88
6	112
6	117
6	119
6	122
6	123
6	124
6	126
6	127
6	129
6	131
6	132
6	133
6	134
6	136
6	139
6	141
6	144
6	146
6	170
6	171
6	172
6	173
6	174
6	175
6	176
6	177
6	178
6	179
6	180
6	181
6	182
6	183
6	184
6	185
6	186
6	187
6	188
6	189
6	190
6	191
6	192
6	193
6	194
6	195
6	196
6	197
6	198
6	199
6	200
6	201
6	202
6	203
6	204
6	205
6	206
6	207
6	208
6	209
6	210
6	211
6	212
6	213
6	214
6	215
6	216
6	217
6	218
6	219
6	220
6	221
6	222
6	223
6	224
6	225
6	226
6	227
6	228
6	229
6	230
6	231
6	232
6	233
6	234
6	235
6	236
6	237
6	238
6	239
6	240
6	241
6	242
6	248
6	252
7	1
7	4
7	6
7	8
7	12
7	14
7	17
7	27
7	30
7	34
7	36
7	41
7	45
7	47
7	49
7	51
7	52
7	59
7	64
7	76
7	77
7	81
7	82
7	88
7	94
7	109
7	115
7	116
7	118
7	120
7	125
7	128
7	135
7	138
7	140
7	142
7	145
7	152
7	160
7	163
7	170
7	171
7	172
7	173
7	174
7	175
7	176
7	177
7	178
7	179
7	180
7	181
7	182
7	183
7	184
7	185
7	186
7	187
7	188
7	189
7	190
7	191
7	192
7	193
7	194
7	195
7	196
7	197
7	198
7	199
7	200
7	201
7	202
7	203
7	204
7	205
7	206
7	207
7	208
7	209
7	210
7	211
7	212
7	213
7	214
7	215
7	216
7	217
7	218
7	219
7	220
7	221
7	222
7	223
7	224
7	225
7	226
7	227
7	228
7	229
7	230
7	231
7	232
7	233
7	234
7	235
7	236
7	237
7	238
7	239
7	240
7	241
7	242
7	252
8	9
8	17
8	36
8	43
8	72
8	77
8	78
8	82
8	100
8	102
8	103
8	160
8	183
9	4
9	8
9	41
9	43
9	44
9	45
9	77
9	78
9	82
9	100
9	102
9	103
9	118
9	140
9	152
9	183
10	47
10	89
10	92
11	1
11	4
11	12
11	37
11	38
11	39
11	40
11	41
11	46
11	47
11	49
11	52
11	58
11	77
11	82
11	103
11	135
11	142
11	149
11	152
11	157
11	160
11	200
11	252
12	4
12	6
12	11
12	31
12	33
12	37
12	38
12	39
12	40
12	41
12	43
12	46
12	47
12	49
12	52
12	109
12	135
12	142
12	144
12	149
12	150
12	151
12	157
12	159
12	160
12	163
12	164
12	166
12	245
12	251
12	252
12	255
12	257
13	1
13	4
13	12
13	37
13	38
13	39
13	40
13	41
13	46
13	47
13	49
13	52
13	58
13	59
13	125
13	131
13	133
13	135
13	142
13	144
13	150
13	151
13	155
13	157
13	160
13	163
13	166
14	4
14	6
14	11
14	12
14	34
14	37
14	41
14	45
14	47
14	51
14	52
14	55
14	58
14	59
14	81
14	82
14	89
14	90
14	112
14	115
14	116
14	117
14	118
14	120
14	122
14	125
14	127
14	128
14	129
14	135
14	138
14	142
14	145
14	157
14	163
14	169
14	239
14	242
14	252
15	18
15	41
15	47
15	87
15	92
15	109
15	152
15	160
16	4
16	77
16	82
16	103
16	216
17	4
17	41
17	43
17	44
17	45
17	47
17	55
17	62
17	72
17	75
17	76
17	89
17	90
17	116
17	118
17	120
17	123
17	125
17	131
17	133
17	135
17	142
17	145
17	150
17	152
17	163
17	247
17	254
17	255
18	15
18	75
18	76
18	92
19	4
19	23
19	26
19	76
19	95
20	22
20	23
21	3
21	15
21	23
21	26
21	30
21	34
21	36
21	62
21	63
21	75
21	76
21	89
21	92
21	121
21	131
21	152
22	17
22	20
22	23
22	90
23	18
23	22
23	47
23	55
23	76
23	89
23	90
23	150
23	160
23	163
24	4
24	14
24	25
24	43
24	44
24	45
24	47
24	55
24	89
24	109
24	120
24	123
24	131
24	133
24	142
25	41
25	74
25	152
26	41
26	75
26	76
26	89
27	1
27	4
27	6
27	7
27	51
27	64
27	81
27	88
27	89
27	121
27	170
27	171
27	172
27	173
27	174
27	175
27	176
27	177
27	178
27	179
27	180
27	181
27	182
27	183
27	184
27	185
27	186
27	187
27	188
27	189
27	190
27	191
27	192
27	193
27	194
27	195
27	196
27	197
27	198
27	199
27	200
27	201
27	202
27	203
27	204
27	205
27	206
27	207
27	208
27	209
27	210
27	211
27	212
27	213
27	214
27	215
27	216
27	217
27	218
27	219
27	220
27	221
27	222
27	223
27	224
27	225
27	226
27	227
27	228
27	229
27	230
27	231
27	232
27	233
27	234
27	235
27	236
27	237
27	238
27	239
27	240
27	241
27	242
28	14
28	26
28	29
28	34
28	36
28	47
28	76
28	89
28	91
28	92
28	97
28	115
28	239
29	4
29	28
29	34
29	41
29	43
29	44
29	45
29	89
29	94
29	97
29	116
29	118
29	120
29	123
29	125
29	128
29	131
29	133
29	135
29	138
29	140
29	142
29	145
29	152
30	1
30	4
30	6
30	7
30	51
30	64
30	81
30	88
30	89
30	121
30	170
30	171
30	172
30	173
30	174
30	175
30	176
30	177
30	178
30	179
30	180
30	181
30	182
30	183
30	184
30	185
30	186
30	187
30	188
30	189
30	190
30	191
30	192
30	193
30	194
30	195
30	196
30	197
30	198
30	199
30	200
30	201
30	202
30	203
30	204
30	205
30	206
30	207
30	208
30	209
30	210
30	211
30	212
30	213
30	214
30	215
30	216
30	217
30	218
30	219
30	220
30	221
30	222
30	223
30	224
30	225
30	226
30	227
30	228
30	229
30	230
30	231
30	232
30	233
30	234
30	235
30	236
30	237
30	238
30	239
30	240
30	241
30	242
31	4
31	12
31	123
31	131
31	133
31	135
31	142
32	23
32	30
32	47
32	55
32	88
32	89
32	91
32	121
32	157
32	160
32	163
33	4
33	35
33	149
33	157
33	166
34	4
34	6
34	26
34	34
34	36
34	47
34	89
34	91
34	94
34	95
34	112
34	117
34	119
34	122
34	123
34	124
34	126
34	127
34	129
34	131
34	132
34	133
34	134
34	136
34	139
34	141
34	144
34	146
34	157
34	169
34	255
35	4
35	33
35	51
35	149
35	157
35	166
36	6
36	34
36	41
36	43
36	92
36	117
36	119
36	126
36	127
36	129
36	139
36	141
36	146
37	4
37	12
37	33
37	38
37	39
37	40
37	46
37	47
37	49
37	52
37	53
37	58
37	59
37	109
37	111
37	125
37	133
37	142
37	144
37	149
37	150
37	157
37	159
37	160
37	166
37	252
37	255
38	12
38	37
38	39
38	40
38	49
38	52
38	142
38	160
38	252
39	4
39	12
39	37
39	38
39	40
39	41
39	47
39	49
39	52
39	142
39	151
39	152
39	157
39	160
39	252
40	4
40	12
40	37
40	38
40	39
40	47
40	49
40	52
40	142
40	150
40	157
40	159
40	252
41	17
41	36
41	47
41	55
41	69
41	76
41	81
41	89
41	107
41	109
41	111
41	115
41	150
41	151
41	157
42	4
42	43
42	44
42	55
42	92
42	118
42	179
43	41
43	42
43	43
43	44
43	55
43	76
43	89
43	115
43	120
43	149
43	157
43	166
43	251
44	4
44	41
44	43
44	44
44	45
44	55
44	89
44	113
44	115
44	118
44	120
44	128
44	138
44	140
44	145
44	152
44	163
45	4
45	9
45	10
45	14
45	41
45	44
45	55
45	59
45	80
45	81
45	115
45	116
45	118
45	120
45	123
45	125
45	127
45	128
45	131
45	133
45	135
45	138
45	140
45	142
45	145
45	152
45	160
45	252
45	255
46	1
46	4
46	12
46	37
46	38
46	39
46	40
46	41
46	46
46	47
46	49
46	52
46	58
46	59
46	125
46	131
46	133
46	135
46	142
46	144
46	150
46	151
46	155
46	157
46	160
46	163
46	166
47	4
47	14
47	34
47	36
47	41
47	47
47	115
47	120
47	123
47	125
47	131
47	133
47	135
47	142
47	152
47	163
47	169
48	1
48	4
48	12
48	37
48	38
48	39
48	40
48	41
48	46
48	47
48	49
48	52
48	58
48	77
48	82
48	103
48	135
48	142
48	149
48	152
48	157
48	160
48	200
48	252
49	4
49	12
49	37
49	38
49	39
49	40
49	41
49	45
49	46
49	47
49	48
49	52
49	58
49	135
49	142
49	150
49	157
49	159
49	160
49	163
50	3
51	4
51	6
51	7
51	30
51	52
51	81
51	172
51	181
51	182
51	188
51	189
51	191
51	192
51	194
51	195
51	196
51	200
51	204
51	205
51	209
51	210
51	213
51	215
51	219
51	226
51	240
52	1
52	4
52	6
52	7
52	11
52	12
52	13
52	17
52	37
52	41
52	43
52	45
52	46
52	47
52	49
52	51
52	53
52	55
52	58
52	64
52	77
52	82
52	88
52	89
52	100
52	112
52	116
52	118
52	120
52	125
52	128
52	135
52	138
52	140
52	142
52	145
52	150
52	151
52	152
52	155
52	157
52	159
52	163
52	178
52	179
52	184
52	185
52	188
52	194
52	195
52	202
52	211
52	241
52	252
52	255
53	4
53	44
53	45
53	52
53	142
55	41
55	163
55	251
56	4
56	41
56	54
56	55
56	120
56	142
58	4
58	6
58	11
58	31
58	33
58	37
58	38
58	39
58	40
58	41
58	43
58	46
58	47
58	49
58	52
58	109
58	135
58	142
58	144
58	149
58	150
58	151
58	157
58	159
58	160
58	163
58	164
58	166
58	245
58	251
58	252
58	255
58	257
59	4
59	89
59	107
59	120
59	152
59	157
59	160
59	163
59	169
60	3
60	5
60	15
60	17
60	20
60	23
60	41
60	55
60	62
60	72
60	75
60	78
60	87
60	88
60	89
60	97
60	109
60	113
60	150
60	157
60	160
60	163
60	166
60	247
60	249
60	250
61	6
61	36
61	41
61	47
61	152
61	216
62	3
62	21
62	95
62	250
63	62
63	73
63	95
63	257
64	1
64	4
64	6
64	7
64	16
64	17
64	30
64	51
64	52
64	55
64	61
64	62
64	75
64	77
64	88
64	89
64	95
64	109
64	157
64	160
64	170
64	171
64	172
64	173
64	174
64	175
64	176
64	177
64	178
64	179
64	180
64	181
64	182
64	183
64	184
64	185
64	186
64	187
64	188
64	189
64	190
64	191
64	192
64	193
64	194
64	195
64	196
64	197
64	198
64	199
64	200
64	201
64	202
64	203
64	204
64	205
64	206
64	207
64	208
64	209
64	210
64	211
64	212
64	213
64	214
64	215
64	216
64	217
64	218
64	219
64	220
64	221
64	222
64	223
64	224
64	225
64	226
64	227
64	228
64	229
64	230
64	231
64	232
64	233
64	234
64	235
64	236
64	237
64	238
64	239
64	240
64	241
64	242
64	248
64	249
64	250
64	252
64	255
66	41
66	152
66	257
67	4
67	6
67	26
67	34
67	36
67	47
67	89
67	91
67	94
67	95
67	112
67	117
67	119
67	122
67	123
67	124
67	126
67	127
67	129
67	131
67	132
67	133
67	134
67	136
67	139
67	141
67	144
67	146
67	157
67	169
67	255
68	83
69	36
69	55
69	72
69	83
69	87
69	98
69	100
69	107
69	120
69	150
69	157
69	160
69	163
70	69
71	26
71	34
71	36
71	41
71	55
71	59
71	83
71	133
71	150
71	163
71	252
72	36
72	41
72	44
72	47
72	55
72	69
72	83
72	87
72	89
72	98
72	100
72	107
72	120
72	150
72	157
72	160
72	163
72	169
73	95
74	83
74	109
75	3
75	17
75	20
75	23
75	26
75	41
75	47
75	76
75	87
75	89
75	115
75	257
76	15
76	20
76	26
76	75
76	89
77	4
77	33
77	45
77	78
77	81
77	82
77	83
77	100
77	102
77	103
77	157
77	174
77	183
77	216
77	238
77	251
77	257
78	4
78	9
78	41
78	44
78	77
78	82
78	83
78	100
78	102
78	103
78	107
78	118
78	125
78	150
78	157
78	160
78	163
78	166
78	169
78	183
78	251
79	4
79	41
79	45
79	131
79	142
79	252
80	4
80	41
80	120
81	4
81	6
81	7
81	30
81	45
81	51
81	163
81	172
81	173
81	181
81	182
81	188
81	189
81	191
81	192
81	194
81	195
81	196
81	200
81	204
81	205
81	209
81	210
81	213
81	215
81	219
81	226
81	240
81	252
82	4
82	6
82	9
82	41
82	43
82	45
82	47
82	51
82	52
82	77
82	78
82	79
82	81
82	83
82	100
82	102
82	103
82	115
82	120
82	128
82	138
82	140
82	142
82	145
82	149
82	157
82	158
82	169
82	183
82	216
82	231
82	241
84	41
84	60
85	41
85	83
85	150
86	3
86	41
86	95
86	152
86	250
87	6
87	15
87	69
87	72
87	88
87	100
87	107
87	110
87	150
87	166
88	1
88	4
88	6
88	7
88	30
88	52
88	64
88	89
88	90
88	170
88	171
88	172
88	173
88	174
88	175
88	176
88	177
88	178
88	179
88	180
88	181
88	182
88	183
88	184
88	185
88	186
88	187
88	188
88	189
88	190
88	191
88	192
88	193
88	194
88	195
88	196
88	197
88	198
88	199
88	200
88	201
88	202
88	203
88	204
88	205
88	206
88	207
88	208
88	209
88	210
88	211
88	212
88	213
88	214
88	215
88	216
88	217
88	218
88	219
88	220
88	221
88	222
88	223
88	224
88	225
88	226
88	227
88	228
88	229
88	230
88	231
88	232
88	233
88	234
88	235
88	236
88	237
88	238
88	239
88	240
88	241
88	242
88	248
88	249
88	250
88	251
89	4
89	14
89	15
89	30
89	34
89	41
89	43
89	44
89	90
89	120
89	121
89	142
89	152
89	239
90	3
90	5
90	15
90	17
90	20
90	23
90	41
90	55
90	62
90	72
90	75
90	78
90	87
90	88
90	89
90	97
90	109
90	113
90	150
90	157
90	160
90	163
90	166
90	247
90	249
90	250
91	34
91	92
92	6
92	15
92	28
92	34
92	36
92	41
92	47
92	72
92	76
92	89
92	91
92	115
92	150
92	157
92	163
93	9
93	41
93	92
94	6
94	34
94	41
94	43
94	92
94	117
94	119
94	126
94	127
94	129
94	139
94	141
94	146
95	15
95	62
95	63
95	150
96	75
97	15
97	30
97	41
97	75
97	92
98	41
98	83
98	90
98	99
98	150
99	78
99	83
99	157
99	160
99	163
100	36
100	43
100	55
100	69
100	72
100	77
100	78
100	82
100	83
100	87
100	102
100	103
100	104
100	107
100	150
100	157
100	160
100	163
100	169
100	183
100	251
100	255
101	4
101	77
101	78
101	100
102	9
102	36
102	41
102	47
102	77
102	78
102	82
102	83
102	100
102	102
102	103
102	104
102	108
102	183
103	4
103	43
103	45
103	77
103	78
103	82
103	83
103	100
103	102
103	118
103	142
103	145
103	183
103	216
103	231
103	252
103	255
104	47
104	83
104	102
104	105
104	150
104	157
104	166
104	169
105	34
105	83
105	104
106	45
106	123
106	131
106	133
106	142
106	145
107	36
107	41
107	55
107	69
107	72
107	83
107	87
107	100
107	152
107	163
107	166
107	257
108	4
108	41
108	47
108	83
108	102
108	104
108	120
108	149
108	163
109	15
109	111
109	150
109	163
109	169
110	15
110	34
110	75
110	92
110	95
110	109
110	137
110	150
111	41
111	47
111	109
111	157
112	4
112	6
112	7
112	12
112	14
112	36
112	45
112	47
112	49
112	52
112	55
112	88
112	115
112	116
112	118
112	120
112	123
112	125
112	128
112	131
112	133
112	135
112	138
112	140
112	142
112	145
112	169
112	252
113	4
113	44
113	113
113	114
113	115
113	116
113	128
113	135
113	138
113	142
114	47
115	36
115	41
115	47
115	65
115	75
115	89
115	92
115	257
116	4
116	7
116	14
116	41
116	45
116	47
116	89
116	112
116	115
116	116
116	117
116	118
116	120
116	123
116	125
116	128
116	131
116	133
116	135
116	138
116	140
116	142
116	145
116	152
116	159
116	252
117	4
117	6
117	34
117	36
117	45
117	112
117	116
117	119
117	122
117	123
117	124
117	125
117	126
117	127
117	129
117	131
117	132
117	133
117	134
117	135
117	136
117	139
117	140
117	141
117	144
117	145
117	146
117	176
118	4
118	14
118	41
118	42
118	45
118	47
118	52
118	78
118	81
118	89
118	100
118	103
118	115
118	116
118	119
118	120
118	121
118	123
118	125
118	128
118	131
118	133
118	135
118	138
118	140
118	142
118	145
118	159
118	252
119	4
119	6
119	34
119	36
119	76
119	112
119	117
119	118
119	121
119	122
119	123
119	124
119	126
119	127
119	129
119	131
119	132
119	133
119	134
119	136
119	139
119	141
119	144
119	146
120	4
120	7
120	41
120	44
120	45
120	47
120	75
120	92
120	115
120	116
120	118
120	120
120	123
120	125
120	128
120	131
120	133
120	135
120	138
120	140
120	142
120	145
120	150
120	152
120	157
121	30
121	89
121	118
121	119
121	147
122	4
122	6
122	34
122	36
122	94
122	112
122	117
122	119
122	123
122	124
122	126
122	127
122	129
122	131
122	132
122	133
122	134
122	136
122	139
122	141
122	144
122	146
122	166
123	4
123	7
123	34
123	41
123	45
123	47
123	81
123	88
123	115
123	116
123	118
123	120
123	124
123	125
123	131
123	133
123	135
123	142
123	157
123	169
124	4
124	6
124	34
124	112
124	117
124	119
124	122
124	123
124	126
124	127
124	129
124	131
124	132
124	133
124	134
124	136
124	139
124	141
124	144
124	146
125	4
125	14
125	45
125	89
125	112
125	115
125	116
125	118
125	120
125	123
125	126
125	128
125	131
125	133
125	135
125	138
125	140
125	142
125	145
125	150
125	153
125	160
125	252
126	4
126	6
126	34
126	36
126	112
126	117
126	119
126	122
126	123
126	124
126	125
126	127
126	129
126	131
126	132
126	133
126	134
126	136
126	139
126	141
126	144
126	146
127	4
127	6
127	30
127	34
127	36
127	45
127	76
127	94
127	112
127	117
127	119
127	122
127	123
127	124
127	126
127	129
127	131
127	132
127	133
127	134
127	136
127	139
127	141
127	144
127	145
127	146
128	4
128	14
128	44
128	45
128	52
128	81
128	89
128	115
128	116
128	118
128	120
128	125
128	128
128	129
128	130
128	135
128	138
128	140
128	142
128	145
128	150
128	159
128	163
128	252
129	4
129	6
129	30
129	34
129	36
129	45
129	112
129	117
129	119
129	122
129	123
129	124
129	126
129	127
129	128
129	131
129	132
129	133
129	134
129	136
129	139
129	141
129	144
129	146
130	4
130	45
130	81
130	120
130	128
130	138
130	142
130	145
130	157
131	4
131	7
131	34
131	41
131	45
131	47
131	79
131	89
131	109
131	111
131	115
131	116
131	118
131	120
131	123
131	125
131	132
131	133
131	135
131	142
131	150
131	163
131	169
132	4
132	6
132	34
132	112
132	117
132	119
132	122
132	123
132	124
132	126
132	127
132	129
132	131
132	133
132	134
132	136
132	139
132	141
132	144
132	146
133	4
133	7
133	34
133	41
133	45
133	47
133	81
133	103
133	106
133	115
133	116
133	118
133	120
133	123
133	125
133	131
133	134
133	135
133	142
133	169
134	4
134	6
134	34
134	89
134	94
134	112
134	117
134	119
134	122
134	123
134	124
134	126
134	127
134	129
134	131
134	132
134	133
134	136
134	139
134	141
134	144
134	146
134	157
135	4
135	14
135	41
135	45
135	47
135	76
135	80
135	81
135	88
135	89
135	115
135	116
135	118
135	120
135	123
135	125
135	128
135	131
135	133
135	135
135	136
135	138
135	140
135	142
135	145
135	252
136	4
136	6
136	34
136	112
136	117
136	119
136	122
136	123
136	124
136	126
136	127
136	129
136	131
136	132
136	133
136	134
136	135
136	139
136	141
136	144
136	146
137	6
137	18
137	26
137	127
138	4
138	14
138	41
138	44
138	45
138	55
138	89
138	113
138	115
138	116
138	118
138	120
138	125
138	128
138	130
138	135
138	138
138	139
138	140
138	142
138	145
138	150
138	252
139	4
139	6
139	34
139	36
139	112
139	117
139	119
139	122
139	123
139	124
139	126
139	127
139	129
139	131
139	132
139	133
139	134
139	136
139	138
139	141
139	144
139	146
140	4
140	10
140	14
140	44
140	45
140	82
140	115
140	116
140	118
140	120
140	125
140	128
140	130
140	135
140	138
140	141
140	142
140	145
140	159
141	4
141	6
141	34
141	36
141	112
141	117
141	119
141	122
141	123
141	124
141	126
141	127
141	129
141	131
141	132
141	133
141	134
141	136
141	139
141	140
141	144
141	146
142	4
142	12
142	14
142	33
142	36
142	37
142	40
142	41
142	45
142	47
142	49
142	58
142	81
142	89
142	90
142	115
142	116
142	118
142	120
142	123
142	125
142	128
142	131
142	133
142	135
142	138
142	140
142	144
142	145
142	150
142	152
142	153
142	157
142	159
142	163
142	251
142	252
142	255
144	4
144	6
144	12
144	34
144	37
144	49
144	89
144	90
144	112
144	117
144	119
144	122
144	123
144	124
144	126
144	127
144	129
144	131
144	132
144	133
144	134
144	136
144	139
144	141
144	142
144	146
144	252
145	4
145	14
145	44
145	45
145	47
145	76
145	82
145	89
145	103
145	115
145	116
145	118
145	120
145	125
145	128
145	135
145	138
145	140
145	142
145	146
145	252
146	4
146	6
146	34
146	36
146	112
146	117
146	119
146	122
146	123
146	124
146	126
146	127
146	129
146	131
146	132
146	133
146	134
146	136
146	139
146	141
146	144
146	145
147	4
147	6
147	34
147	36
147	76
147	112
147	117
147	118
147	121
147	122
147	123
147	124
147	126
147	127
147	129
147	131
147	132
147	133
147	134
147	136
147	139
147	141
147	144
147	146
148	12
148	31
148	37
148	47
148	49
148	51
148	52
148	58
148	82
148	89
148	112
148	120
148	135
148	140
148	142
148	157
148	169
148	184
148	252
148	255
149	33
149	35
149	150
149	151
149	157
149	160
149	163
149	166
149	257
150	149
150	151
150	157
150	160
150	163
150	166
151	41
151	149
151	150
151	157
151	160
151	163
151	166
152	41
152	44
152	47
152	55
152	89
152	91
152	115
152	120
152	123
152	149
152	154
152	163
152	164
153	4
153	41
154	164
155	4
155	83
155	216
156	33
156	35
156	41
156	55
156	149
156	157
156	166
157	33
157	35
157	149
157	150
157	151
157	160
157	163
157	166
159	4
159	41
159	116
159	118
159	123
159	128
159	131
159	138
159	140
159	145
159	157
159	166
160	34
160	47
160	55
160	69
160	78
160	149
160	150
160	151
160	157
160	163
160	166
161	116
162	116
163	55
163	149
163	150
163	151
163	157
163	160
163	166
163	255
165	160
166	33
166	35
166	36
166	41
166	80
166	83
166	87
166	149
166	150
166	151
166	157
166	160
166	163
168	92
169	34
169	47
169	169
170	1
170	6
170	7
170	30
170	64
170	88
170	171
170	172
170	173
170	174
170	175
170	176
170	177
170	178
170	179
170	180
170	181
170	182
170	183
170	184
170	185
170	186
170	187
170	188
170	189
170	190
170	191
170	192
170	193
170	194
170	195
170	196
170	197
170	198
170	199
170	200
170	201
170	202
170	203
170	204
170	205
170	206
170	207
170	208
170	209
170	210
170	211
170	212
170	213
170	214
170	215
170	216
170	217
170	218
170	219
170	220
170	221
170	222
170	223
170	224
170	225
170	226
170	227
170	228
170	229
170	230
170	231
170	232
170	233
170	234
170	235
170	236
170	237
170	238
170	239
170	240
170	241
170	242
171	4
172	1
172	4
172	6
172	7
172	30
172	33
172	42
172	51
172	52
172	64
172	76
172	81
172	82
172	88
172	89
172	115
172	170
172	171
172	173
172	174
172	175
172	176
172	177
172	178
172	179
172	180
172	181
172	182
172	183
172	184
172	185
172	186
172	187
172	188
172	189
172	190
172	191
172	192
172	193
172	194
172	195
172	196
172	197
172	198
172	199
172	200
172	201
172	202
172	203
172	204
172	205
172	206
172	207
172	208
172	209
172	210
172	211
172	212
172	213
172	214
172	215
172	216
172	217
172	218
172	219
172	220
172	221
172	222
172	223
172	224
172	225
172	226
172	227
172	228
172	229
172	230
172	231
172	232
172	233
172	234
172	235
172	236
172	237
172	238
172	239
172	240
172	241
172	242
172	255
173	7
173	36
173	76
173	81
173	89
173	115
173	142
173	172
174	1
174	4
174	6
174	7
174	30
174	59
174	64
174	88
174	89
174	103
174	170
174	171
174	172
174	173
174	175
174	176
174	177
174	178
174	179
174	180
174	181
174	182
174	183
174	184
174	185
174	186
174	187
174	188
174	189
174	190
174	191
174	192
174	193
174	194
174	195
174	196
174	197
174	198
174	199
174	200
174	201
174	202
174	203
174	204
174	205
174	206
174	207
174	208
174	209
174	210
174	211
174	212
174	213
174	214
174	215
174	216
174	217
174	218
174	219
174	220
174	221
174	222
174	223
174	224
174	225
174	226
174	227
174	228
174	229
174	230
174	231
174	232
174	233
174	234
174	235
174	236
174	237
174	238
174	239
174	240
174	241
174	242
175	1
175	6
175	7
175	30
175	31
175	64
175	88
175	170
175	171
175	172
175	173
175	174
175	176
175	177
175	178
175	179
175	180
175	181
175	182
175	183
175	184
175	185
175	186
175	187
175	188
175	189
175	190
175	191
175	192
175	193
175	194
175	195
175	196
175	197
175	198
175	199
175	200
175	201
175	202
175	203
175	204
175	205
175	206
175	207
175	208
175	209
175	210
175	211
175	212
175	213
175	214
175	215
175	216
175	217
175	218
175	219
175	220
175	221
175	222
175	223
175	224
175	225
175	226
175	227
175	228
175	229
175	230
175	231
175	232
175	233
175	234
175	235
175	236
175	237
175	238
175	239
175	240
175	241
175	242
176	1
176	4
176	6
176	7
176	30
176	45
176	64
176	88
176	170
176	171
176	172
176	173
176	174
176	175
176	177
176	178
176	179
176	180
176	181
176	182
176	183
176	184
176	185
176	186
176	187
176	188
176	189
176	190
176	191
176	192
176	193
176	194
176	195
176	196
176	197
176	198
176	199
176	200
176	201
176	202
176	203
176	204
176	205
176	206
176	207
176	208
176	209
176	210
176	211
176	212
176	213
176	214
176	215
176	216
176	217
176	218
176	219
176	220
176	221
176	222
176	223
176	224
176	225
176	226
176	227
176	228
176	229
176	230
176	231
176	232
176	233
176	234
176	235
176	236
176	237
176	238
176	239
176	240
176	241
176	242
177	1
177	4
177	6
177	7
177	30
177	64
177	88
177	170
177	171
177	172
177	173
177	174
177	175
177	176
177	178
177	179
177	180
177	181
177	182
177	183
177	184
177	185
177	186
177	187
177	188
177	189
177	190
177	191
177	192
177	193
177	194
177	195
177	196
177	197
177	198
177	199
177	200
177	201
177	202
177	203
177	204
177	205
177	206
177	207
177	208
177	209
177	210
177	211
177	212
177	213
177	214
177	215
177	216
177	217
177	218
177	219
177	220
177	221
177	222
177	223
177	224
177	225
177	226
177	227
177	228
177	229
177	230
177	231
177	232
177	233
177	234
177	235
177	236
177	237
177	238
177	239
177	240
177	241
177	242
178	1
178	4
178	6
178	7
178	30
178	52
178	64
178	88
178	170
178	171
178	172
178	173
178	174
178	175
178	176
178	177
178	179
178	180
178	181
178	182
178	183
178	184
178	185
178	186
178	187
178	188
178	189
178	190
178	191
178	192
178	193
178	194
178	195
178	196
178	197
178	198
178	199
178	200
178	201
178	202
178	203
178	204
178	205
178	206
178	207
178	208
178	209
178	210
178	211
178	212
178	213
178	214
178	215
178	216
178	217
178	218
178	219
178	220
178	221
178	222
178	223
178	224
178	225
178	226
178	227
178	228
178	229
178	230
178	231
178	232
178	233
178	234
178	235
178	236
178	237
178	238
178	239
178	240
178	241
178	242
179	1
179	6
179	7
179	30
179	34
179	52
179	64
179	76
179	77
179	82
179	88
179	89
179	111
179	170
179	171
179	172
179	173
179	174
179	175
179	176
179	177
179	178
179	180
179	181
179	182
179	183
179	184
179	185
179	186
179	187
179	188
179	189
179	190
179	191
179	192
179	193
179	194
179	195
179	196
179	197
179	198
179	199
179	200
179	201
179	202
179	203
179	204
179	205
179	206
179	207
179	208
179	209
179	210
179	211
179	212
179	213
179	214
179	215
179	216
179	217
179	218
179	219
179	220
179	221
179	222
179	223
179	224
179	225
179	226
179	227
179	228
179	229
179	230
179	231
179	232
179	233
179	234
179	235
179	236
179	237
179	238
179	239
179	240
179	241
179	242
180	1
180	6
180	7
180	30
180	51
180	52
180	64
180	88
180	170
180	171
180	172
180	173
180	174
180	175
180	176
180	177
180	178
180	179
180	181
180	182
180	183
180	184
180	185
180	186
180	187
180	188
180	189
180	190
180	191
180	192
180	193
180	194
180	195
180	196
180	197
180	198
180	199
180	200
180	201
180	202
180	203
180	204
180	205
180	206
180	207
180	208
180	209
180	210
180	211
180	212
180	213
180	214
180	215
180	216
180	217
180	218
180	219
180	220
180	221
180	222
180	223
180	224
180	225
180	226
180	227
180	228
180	229
180	230
180	231
180	232
180	233
180	234
180	235
180	236
180	237
180	238
180	239
180	240
180	241
180	242
181	1
181	4
181	6
181	7
181	30
181	51
181	64
181	81
181	88
181	170
181	171
181	172
181	173
181	174
181	175
181	176
181	177
181	178
181	179
181	180
181	182
181	183
181	184
181	185
181	186
181	187
181	188
181	189
181	190
181	191
181	192
181	193
181	194
181	195
181	196
181	197
181	198
181	199
181	200
181	201
181	202
181	203
181	204
181	205
181	206
181	207
181	208
181	209
181	210
181	211
181	212
181	213
181	214
181	215
181	216
181	217
181	218
181	219
181	220
181	221
181	222
181	223
181	224
181	225
181	226
181	227
181	228
181	229
181	230
181	231
181	232
181	233
181	234
181	235
181	236
181	237
181	238
181	239
181	240
181	241
181	242
182	1
182	4
182	6
182	7
182	30
182	41
182	51
182	64
182	81
182	82
182	88
182	170
182	171
182	172
182	173
182	174
182	175
182	176
182	177
182	178
182	179
182	180
182	181
182	183
182	184
182	185
182	186
182	187
182	188
182	189
182	190
182	191
182	192
182	193
182	194
182	195
182	196
182	197
182	198
182	199
182	200
182	201
182	202
182	203
182	204
182	205
182	206
182	207
182	208
182	209
182	210
182	211
182	212
182	213
182	214
182	215
182	216
182	217
182	218
182	219
182	220
182	221
182	222
182	223
182	224
182	225
182	226
182	227
182	228
182	229
182	230
182	231
182	232
182	233
182	234
182	235
182	236
182	237
182	238
182	239
182	240
182	241
182	242
183	1
183	6
183	7
183	10
183	30
183	64
183	77
183	78
183	82
183	88
183	100
183	102
183	103
183	170
183	171
183	172
183	173
183	174
183	175
183	176
183	177
183	178
183	179
183	180
183	181
183	182
183	184
183	185
183	186
183	187
183	188
183	189
183	190
183	191
183	192
183	193
183	194
183	195
183	196
183	197
183	198
183	199
183	200
183	201
183	202
183	203
183	204
183	205
183	206
183	207
183	208
183	209
183	210
183	211
183	212
183	213
183	214
183	215
183	216
183	217
183	218
183	219
183	220
183	221
183	222
183	223
183	224
183	225
183	226
183	227
183	228
183	229
183	230
183	231
183	232
183	233
183	234
183	235
183	236
183	237
183	238
183	239
183	240
183	241
183	242
184	1
184	4
184	6
184	7
184	14
184	30
184	36
184	41
184	47
184	52
184	64
184	77
184	82
184	88
184	101
184	103
184	116
184	118
184	120
184	125
184	133
184	140
184	142
184	150
184	153
184	157
184	160
184	170
184	171
184	172
184	173
184	174
184	175
184	176
184	177
184	178
184	179
184	180
184	181
184	182
184	183
184	185
184	186
184	187
184	188
184	189
184	190
184	191
184	192
184	193
184	194
184	195
184	196
184	197
184	198
184	199
184	200
184	201
184	202
184	203
184	204
184	205
184	206
184	207
184	208
184	209
184	210
184	211
184	212
184	213
184	214
184	215
184	216
184	217
184	218
184	219
184	220
184	221
184	222
184	223
184	224
184	225
184	226
184	227
184	228
184	229
184	230
184	231
184	232
184	233
184	234
184	235
184	236
184	237
184	238
184	239
184	240
184	241
184	242
185	1
185	4
185	6
185	7
185	30
185	45
185	64
185	88
185	116
185	120
185	142
185	170
185	171
185	172
185	173
185	174
185	175
185	176
185	177
185	178
185	179
185	180
185	181
185	182
185	183
185	184
185	186
185	187
185	188
185	189
185	190
185	191
185	192
185	193
185	194
185	195
185	196
185	197
185	198
185	199
185	200
185	201
185	202
185	203
185	204
185	205
185	206
185	207
185	208
185	209
185	210
185	211
185	212
185	213
185	214
185	215
185	216
185	217
185	218
185	219
185	220
185	221
185	222
185	223
185	224
185	225
185	226
185	227
185	228
185	229
185	230
185	231
185	232
185	233
185	234
185	235
185	236
185	237
185	238
185	239
185	240
185	241
185	242
186	1
186	4
186	6
186	7
186	30
186	64
186	88
186	170
186	171
186	172
186	173
186	174
186	175
186	176
186	177
186	178
186	179
186	180
186	181
186	182
186	183
186	184
186	185
186	187
186	188
186	189
186	190
186	191
186	192
186	193
186	194
186	195
186	196
186	197
186	198
186	199
186	200
186	201
186	202
186	203
186	204
186	205
186	206
186	207
186	208
186	209
186	210
186	211
186	212
186	213
186	214
186	215
186	216
186	217
186	218
186	219
186	220
186	221
186	222
186	223
186	224
186	225
186	226
186	227
186	228
186	229
186	230
186	231
186	232
186	233
186	234
186	235
186	236
186	237
186	238
186	239
186	240
186	241
186	242
187	1
187	4
187	6
187	7
187	30
187	47
187	64
187	88
187	104
187	170
187	171
187	172
187	173
187	174
187	175
187	176
187	177
187	178
187	179
187	180
187	181
187	182
187	183
187	184
187	185
187	186
187	188
187	189
187	190
187	191
187	192
187	193
187	194
187	195
187	196
187	197
187	198
187	199
187	200
187	201
187	202
187	203
187	204
187	205
187	206
187	207
187	208
187	209
187	210
187	211
187	212
187	213
187	214
187	215
187	216
187	217
187	218
187	219
187	220
187	221
187	222
187	223
187	224
187	225
187	226
187	227
187	228
187	229
187	230
187	231
187	232
187	233
187	234
187	235
187	236
187	237
187	238
187	239
187	240
187	241
187	242
187	252
188	1
188	4
188	6
188	7
188	30
188	51
188	52
188	64
188	76
188	81
188	88
188	150
188	170
188	171
188	172
188	173
188	174
188	175
188	176
188	177
188	178
188	179
188	180
188	181
188	182
188	183
188	184
188	185
188	186
188	187
188	189
188	190
188	191
188	192
188	193
188	194
188	195
188	196
188	197
188	198
188	199
188	200
188	201
188	202
188	203
188	204
188	205
188	206
188	207
188	208
188	209
188	210
188	211
188	212
188	213
188	214
188	215
188	216
188	217
188	218
188	219
188	220
188	221
188	222
188	223
188	224
188	225
188	226
188	227
188	228
188	229
188	230
188	231
188	232
188	233
188	234
188	235
188	236
188	237
188	238
188	239
188	240
188	241
188	242
188	257
189	1
189	4
189	6
189	7
189	30
189	51
189	64
189	81
189	88
189	170
189	171
189	172
189	173
189	174
189	175
189	176
189	177
189	178
189	179
189	180
189	181
189	182
189	183
189	184
189	185
189	186
189	187
189	188
189	190
189	191
189	192
189	193
189	194
189	195
189	196
189	197
189	198
189	199
189	200
189	201
189	202
189	203
189	204
189	205
189	206
189	207
189	208
189	209
189	210
189	211
189	212
189	213
189	214
189	215
189	216
189	217
189	218
189	219
189	220
189	221
189	222
189	223
189	224
189	225
189	226
189	227
189	228
189	229
189	230
189	231
189	232
189	233
189	234
189	235
189	236
189	237
189	238
189	239
189	240
189	241
189	242
189	257
190	1
190	4
190	6
190	7
190	30
190	64
190	88
190	170
190	171
190	172
190	173
190	174
190	175
190	176
190	177
190	178
190	179
190	180
190	181
190	182
190	183
190	184
190	185
190	186
190	187
190	188
190	189
190	191
190	192
190	193
190	194
190	195
190	196
190	197
190	198
190	199
190	200
190	201
190	202
190	203
190	204
190	205
190	206
190	207
190	208
190	209
190	210
190	211
190	212
190	213
190	214
190	215
190	216
190	217
190	218
190	219
190	220
190	221
190	222
190	223
190	224
190	225
190	226
190	227
190	228
190	229
190	230
190	231
190	232
190	233
190	234
190	235
190	236
190	237
190	238
190	239
190	240
190	241
190	242
190	252
191	1
191	4
191	6
191	7
191	30
191	41
191	51
191	52
191	64
191	81
191	88
191	125
191	170
191	171
191	172
191	173
191	174
191	175
191	176
191	177
191	178
191	179
191	180
191	181
191	182
191	183
191	184
191	185
191	186
191	187
191	188
191	189
191	190
191	192
191	193
191	194
191	195
191	196
191	197
191	198
191	199
191	200
191	201
191	202
191	203
191	204
191	205
191	206
191	207
191	208
191	209
191	210
191	211
191	212
191	213
191	214
191	215
191	216
191	217
191	218
191	219
191	220
191	221
191	222
191	223
191	224
191	225
191	226
191	227
191	228
191	229
191	230
191	231
191	232
191	233
191	234
191	235
191	236
191	237
191	238
191	239
191	240
191	241
191	242
192	1
192	4
192	6
192	7
192	30
192	47
192	51
192	52
192	64
192	68
192	81
192	88
192	98
192	99
192	170
192	171
192	172
192	173
192	174
192	175
192	176
192	177
192	178
192	179
192	180
192	181
192	182
192	183
192	184
192	185
192	186
192	187
192	188
192	189
192	190
192	191
192	193
192	194
192	195
192	196
192	197
192	198
192	199
192	200
192	201
192	202
192	203
192	204
192	205
192	206
192	207
192	208
192	209
192	210
192	211
192	212
192	213
192	214
192	215
192	216
192	217
192	218
192	219
192	220
192	221
192	222
192	223
192	224
192	225
192	226
192	227
192	228
192	229
192	230
192	231
192	232
192	233
192	234
192	235
192	236
192	237
192	238
192	239
192	240
192	241
192	242
193	1
193	6
193	7
193	30
193	64
193	88
193	170
193	171
193	172
193	173
193	174
193	175
193	176
193	177
193	178
193	179
193	180
193	181
193	182
193	183
193	184
193	185
193	186
193	187
193	188
193	189
193	190
193	191
193	192
193	194
193	195
193	196
193	197
193	198
193	199
193	200
193	201
193	202
193	203
193	204
193	205
193	206
193	207
193	208
193	209
193	210
193	211
193	212
193	213
193	214
193	215
193	216
193	217
193	218
193	219
193	220
193	221
193	222
193	223
193	224
193	225
193	226
193	227
193	228
193	229
193	230
193	231
193	232
193	233
193	234
193	235
193	236
193	237
193	238
193	239
193	240
193	241
193	242
194	1
194	4
194	6
194	7
194	30
194	43
194	51
194	64
194	81
194	88
194	170
194	171
194	172
194	173
194	174
194	175
194	176
194	177
194	178
194	179
194	180
194	181
194	182
194	183
194	184
194	185
194	186
194	187
194	188
194	189
194	190
194	191
194	192
194	193
194	195
194	196
194	197
194	198
194	199
194	200
194	201
194	202
194	203
194	204
194	205
194	206
194	207
194	208
194	209
194	210
194	211
194	212
194	213
194	214
194	215
194	216
194	217
194	218
194	219
194	220
194	221
194	222
194	223
194	224
194	225
194	226
194	227
194	228
194	229
194	230
194	231
194	232
194	233
194	234
194	235
194	236
194	237
194	238
194	239
194	240
194	241
194	242
195	1
195	4
195	6
195	7
195	30
195	51
195	64
195	81
195	88
195	170
195	171
195	172
195	173
195	174
195	175
195	176
195	177
195	178
195	179
195	180
195	181
195	182
195	183
195	184
195	185
195	186
195	187
195	188
195	189
195	190
195	191
195	192
195	193
195	194
195	196
195	197
195	198
195	199
195	200
195	201
195	202
195	203
195	204
195	205
195	206
195	207
195	208
195	209
195	210
195	211
195	212
195	213
195	214
195	215
195	216
195	217
195	218
195	219
195	220
195	221
195	222
195	223
195	224
195	225
195	226
195	227
195	228
195	229
195	230
195	231
195	232
195	233
195	234
195	235
195	236
195	237
195	238
195	239
195	240
195	241
195	242
196	4
196	6
196	7
196	30
196	41
196	45
196	51
196	52
196	81
196	88
196	142
196	172
196	180
196	181
196	182
196	188
196	189
196	191
196	192
196	194
196	195
196	200
196	204
196	205
196	209
196	210
196	213
196	215
196	219
196	226
196	240
196	242
197	1
197	6
197	7
197	30
197	64
197	88
197	104
197	170
197	171
197	172
197	173
197	174
197	175
197	176
197	177
197	178
197	179
197	180
197	181
197	182
197	183
197	184
197	185
197	186
197	187
197	188
197	189
197	190
197	191
197	192
197	193
197	194
197	195
197	196
197	198
197	199
197	200
197	201
197	202
197	203
197	204
197	205
197	206
197	207
197	208
197	209
197	210
197	211
197	212
197	213
197	214
197	215
197	216
197	217
197	218
197	219
197	220
197	221
197	222
197	223
197	224
197	225
197	226
197	227
197	228
197	229
197	230
197	231
197	232
197	233
197	234
197	235
197	236
197	237
197	238
197	239
197	240
197	241
197	242
198	1
198	4
198	6
198	7
198	10
198	30
198	64
198	88
198	170
198	171
198	172
198	173
198	174
198	175
198	176
198	177
198	178
198	179
198	180
198	181
198	182
198	183
198	184
198	185
198	186
198	187
198	188
198	189
198	190
198	191
198	192
198	193
198	194
198	195
198	196
198	197
198	198
198	199
198	200
198	201
198	202
198	203
198	204
198	205
198	206
198	207
198	208
198	209
198	210
198	211
198	212
198	213
198	214
198	215
198	216
198	217
198	218
198	219
198	220
198	221
198	222
198	223
198	224
198	225
198	226
198	227
198	228
198	229
198	230
198	231
198	232
198	233
198	234
198	235
198	236
198	237
198	238
198	239
198	240
198	241
198	242
198	252
199	1
199	6
199	7
199	30
199	64
199	88
199	170
199	171
199	172
199	173
199	174
199	175
199	176
199	177
199	178
199	179
199	180
199	181
199	182
199	183
199	184
199	185
199	186
199	187
199	188
199	189
199	190
199	191
199	192
199	193
199	194
199	195
199	196
199	197
199	198
199	199
199	200
199	201
199	202
199	203
199	204
199	205
199	206
199	207
199	208
199	209
199	210
199	211
199	212
199	213
199	214
199	215
199	216
199	217
199	218
199	219
199	220
199	221
199	222
199	223
199	224
199	225
199	226
199	227
199	228
199	229
199	230
199	231
199	232
199	233
199	234
199	235
199	236
199	237
199	238
199	239
199	240
199	241
199	242
199	252
200	1
200	4
200	6
200	7
200	30
200	45
200	51
200	64
200	77
200	81
200	82
200	88
200	103
200	170
200	171
200	172
200	173
200	174
200	175
200	176
200	177
200	178
200	179
200	180
200	181
200	182
200	183
200	184
200	185
200	186
200	187
200	188
200	189
200	190
200	191
200	192
200	193
200	194
200	195
200	196
200	197
200	198
200	199
200	201
200	202
200	203
200	204
200	205
200	206
200	207
200	208
200	209
200	210
200	211
200	212
200	213
200	214
200	215
200	216
200	217
200	218
200	219
200	220
200	221
200	222
200	223
200	224
200	225
200	226
200	227
200	228
200	229
200	230
200	231
200	232
200	233
200	234
200	235
200	236
200	237
200	238
200	239
200	240
200	241
200	242
201	1
201	6
201	7
201	30
201	64
201	82
201	88
201	123
201	170
201	171
201	172
201	173
201	174
201	175
201	176
201	177
201	178
201	179
201	180
201	181
201	182
201	183
201	184
201	185
201	186
201	187
201	188
201	189
201	190
201	191
201	192
201	193
201	194
201	195
201	196
201	197
201	198
201	199
201	200
201	201
201	202
201	203
201	204
201	205
201	206
201	207
201	208
201	209
201	210
201	211
201	212
201	213
201	214
201	215
201	216
201	217
201	218
201	219
201	220
201	221
201	222
201	223
201	224
201	225
201	226
201	227
201	228
201	229
201	230
201	231
201	232
201	233
201	234
201	235
201	236
201	237
201	238
201	239
201	240
201	241
201	242
202	1
202	4
202	6
202	7
202	30
202	41
202	45
202	51
202	64
202	81
202	88
202	170
202	171
202	172
202	173
202	174
202	175
202	176
202	177
202	178
202	179
202	180
202	181
202	182
202	183
202	184
202	185
202	186
202	187
202	188
202	189
202	190
202	191
202	192
202	193
202	194
202	195
202	196
202	197
202	198
202	199
202	200
202	201
202	203
202	204
202	205
202	206
202	207
202	208
202	209
202	210
202	211
202	212
202	213
202	214
202	215
202	216
202	217
202	218
202	219
202	220
202	221
202	222
202	223
202	224
202	225
202	226
202	227
202	228
202	229
202	230
202	231
202	232
202	233
202	234
202	235
202	236
202	237
202	238
202	239
202	240
202	241
202	242
203	1
203	4
203	6
203	7
203	30
203	64
203	88
203	170
203	171
203	172
203	173
203	174
203	175
203	176
203	177
203	178
203	179
203	180
203	181
203	182
203	183
203	184
203	185
203	186
203	187
203	188
203	189
203	190
203	191
203	192
203	193
203	194
203	195
203	196
203	197
203	198
203	199
203	200
203	201
203	202
203	204
203	205
203	206
203	207
203	208
203	209
203	210
203	211
203	212
203	213
203	214
203	215
203	216
203	217
203	218
203	219
203	220
203	221
203	222
203	223
203	224
203	225
203	226
203	227
203	228
203	229
203	230
203	231
203	232
203	233
203	234
203	235
203	236
203	237
203	238
203	239
203	240
203	241
203	242
203	252
204	1
204	4
204	6
204	7
204	30
204	51
204	64
204	81
204	88
204	118
204	170
204	171
204	172
204	173
204	174
204	175
204	176
204	177
204	178
204	179
204	180
204	181
204	182
204	183
204	184
204	185
204	186
204	187
204	188
204	189
204	190
204	191
204	192
204	193
204	194
204	195
204	196
204	197
204	198
204	199
204	200
204	201
204	202
204	203
204	205
204	206
204	207
204	208
204	209
204	210
204	211
204	212
204	213
204	214
204	215
204	216
204	217
204	218
204	219
204	220
204	221
204	222
204	223
204	224
204	225
204	226
204	227
204	228
204	229
204	230
204	231
204	232
204	233
204	234
204	235
204	236
204	237
204	238
204	239
204	240
204	241
204	242
204	252
205	1
205	4
205	6
205	7
205	30
205	41
205	51
205	52
205	64
205	81
205	88
205	115
205	142
205	159
205	170
205	171
205	172
205	173
205	174
205	175
205	176
205	177
205	178
205	179
205	180
205	181
205	182
205	183
205	184
205	185
205	186
205	187
205	188
205	189
205	190
205	191
205	192
205	193
205	194
205	195
205	196
205	197
205	198
205	199
205	200
205	201
205	202
205	203
205	204
205	206
205	207
205	208
205	209
205	210
205	211
205	212
205	213
205	214
205	215
205	216
205	217
205	218
205	219
205	220
205	221
205	222
205	223
205	224
205	225
205	226
205	227
205	228
205	229
205	230
205	231
205	232
205	233
205	234
205	235
205	236
205	237
205	238
205	239
205	240
205	241
205	242
206	4
206	115
206	116
206	205
206	252
207	4
207	41
207	43
207	44
207	45
207	47
207	89
207	116
207	118
207	120
207	123
207	125
207	128
207	131
207	133
207	135
207	138
207	140
207	142
207	145
207	152
207	169
208	1
208	4
208	6
208	7
208	30
208	64
208	88
208	170
208	171
208	172
208	173
208	174
208	175
208	176
208	177
208	178
208	179
208	180
208	181
208	182
208	183
208	184
208	185
208	186
208	187
208	188
208	189
208	190
208	191
208	192
208	193
208	194
208	195
208	196
208	197
208	198
208	199
208	200
208	201
208	202
208	203
208	204
208	205
208	206
208	207
208	209
208	210
208	211
208	212
208	213
208	214
208	215
208	216
208	217
208	218
208	219
208	220
208	221
208	222
208	223
208	224
208	225
208	226
208	227
208	228
208	229
208	230
208	231
208	232
208	233
208	234
208	235
208	236
208	237
208	238
208	239
208	240
208	241
208	242
209	1
209	4
209	6
209	7
209	30
209	41
209	45
209	51
209	64
209	81
209	88
209	116
209	118
209	120
209	123
209	125
209	128
209	131
209	133
209	135
209	138
209	140
209	142
209	145
209	152
209	170
209	171
209	172
209	173
209	174
209	175
209	176
209	177
209	178
209	179
209	180
209	181
209	182
209	183
209	184
209	185
209	186
209	187
209	188
209	189
209	190
209	191
209	192
209	193
209	194
209	195
209	196
209	197
209	198
209	199
209	200
209	201
209	202
209	203
209	204
209	205
209	206
209	207
209	208
209	210
209	211
209	212
209	213
209	214
209	215
209	216
209	217
209	218
209	219
209	220
209	221
209	222
209	223
209	224
209	225
209	226
209	227
209	228
209	229
209	230
209	231
209	232
209	233
209	234
209	235
209	236
209	237
209	238
209	239
209	240
209	241
209	242
210	1
210	4
210	6
210	7
210	30
210	51
210	64
210	81
210	88
210	170
210	171
210	172
210	173
210	174
210	175
210	176
210	177
210	178
210	179
210	180
210	181
210	182
210	183
210	184
210	185
210	186
210	187
210	188
210	189
210	190
210	191
210	192
210	193
210	194
210	195
210	196
210	197
210	198
210	199
210	200
210	201
210	202
210	203
210	204
210	205
210	206
210	207
210	208
210	209
210	211
210	212
210	213
210	214
210	215
210	216
210	217
210	218
210	219
210	220
210	221
210	222
210	223
210	224
210	225
210	226
210	227
210	228
210	229
210	230
210	231
210	232
210	233
210	234
210	235
210	236
210	237
210	238
210	239
210	240
210	241
210	242
210	257
211	1
211	4
211	6
211	8
211	12
211	14
211	17
211	27
211	30
211	34
211	36
211	41
211	45
211	47
211	49
211	51
211	52
211	59
211	64
211	76
211	77
211	81
211	82
211	88
211	94
211	109
211	115
211	116
211	118
211	120
211	125
211	128
211	135
211	138
211	140
211	142
211	145
211	152
211	160
211	163
211	170
211	171
211	172
211	173
211	174
211	175
211	176
211	177
211	178
211	179
211	180
211	181
211	182
211	183
211	184
211	185
211	186
211	187
211	188
211	189
211	190
211	191
211	192
211	193
211	194
211	195
211	196
211	197
211	198
211	199
211	200
211	201
211	202
211	203
211	204
211	205
211	206
211	207
211	208
211	209
211	210
211	211
211	212
211	213
211	214
211	215
211	216
211	217
211	218
211	219
211	220
211	221
211	222
211	223
211	224
211	225
211	226
211	227
211	228
211	229
211	230
211	231
211	232
211	233
211	234
211	235
211	236
211	237
211	238
211	239
211	240
211	241
211	242
211	252
212	1
212	4
212	6
212	7
212	30
212	51
212	52
212	64
212	81
212	88
212	170
212	171
212	172
212	173
212	174
212	175
212	176
212	177
212	178
212	179
212	180
212	181
212	182
212	183
212	184
212	185
212	186
212	187
212	188
212	189
212	190
212	191
212	192
212	193
212	194
212	195
212	196
212	197
212	198
212	199
212	200
212	201
212	202
212	203
212	204
212	205
212	206
212	207
212	208
212	209
212	210
212	211
212	212
212	213
212	214
212	215
212	216
212	217
212	218
212	219
212	220
212	221
212	222
212	223
212	224
212	225
212	226
212	227
212	228
212	229
212	230
212	231
212	232
212	233
212	234
212	235
212	236
212	237
212	238
212	239
212	240
212	241
212	242
213	1
213	4
213	6
213	7
213	27
213	30
213	51
213	58
213	64
213	81
213	88
213	170
213	171
213	172
213	173
213	174
213	175
213	176
213	177
213	178
213	179
213	180
213	181
213	182
213	183
213	184
213	185
213	186
213	187
213	188
213	189
213	190
213	191
213	192
213	193
213	194
213	195
213	196
213	197
213	198
213	199
213	200
213	201
213	202
213	203
213	204
213	205
213	206
213	207
213	208
213	209
213	210
213	211
213	212
213	214
213	215
213	216
213	217
213	218
213	219
213	220
213	221
213	222
213	223
213	224
213	225
213	226
213	227
213	228
213	229
213	230
213	231
213	232
213	233
213	234
213	235
213	236
213	237
213	238
213	239
213	240
213	241
213	242
213	257
214	1
214	4
214	6
214	7
214	30
214	64
214	88
214	170
214	171
214	172
214	173
214	174
214	175
214	176
214	177
214	178
214	179
214	180
214	181
214	182
214	183
214	184
214	185
214	186
214	187
214	188
214	189
214	190
214	191
214	192
214	193
214	194
214	195
214	196
214	197
214	198
214	199
214	200
214	201
214	202
214	203
214	204
214	205
214	206
214	207
214	208
214	209
214	210
214	211
214	212
214	213
214	215
214	216
214	217
214	218
214	219
214	220
214	221
214	222
214	223
214	224
214	225
214	226
214	227
214	228
214	229
214	230
214	231
214	232
214	233
214	234
214	235
214	236
214	237
214	238
214	239
214	240
214	241
214	242
215	1
215	4
215	6
215	7
215	30
215	51
215	64
215	76
215	81
215	88
215	170
215	171
215	172
215	173
215	174
215	175
215	176
215	177
215	178
215	179
215	180
215	181
215	182
215	183
215	184
215	185
215	186
215	187
215	188
215	189
215	190
215	191
215	192
215	193
215	194
215	195
215	196
215	197
215	198
215	199
215	200
215	201
215	202
215	203
215	204
215	205
215	206
215	207
215	208
215	209
215	210
215	211
215	212
215	213
215	214
215	216
215	217
215	218
215	219
215	220
215	221
215	222
215	223
215	224
215	225
215	226
215	227
215	228
215	229
215	230
215	231
215	232
215	233
215	234
215	235
215	236
215	237
215	238
215	239
215	240
215	241
215	242
216	1
216	4
216	6
216	7
216	16
216	27
216	30
216	41
216	47
216	64
216	77
216	82
216	88
216	92
216	103
216	152
216	155
216	160
216	170
216	171
216	172
216	173
216	174
216	175
216	176
216	177
216	178
216	179
216	180
216	181
216	182
216	183
216	184
216	185
216	186
216	187
216	188
216	189
216	190
216	191
216	192
216	193
216	194
216	195
216	196
216	197
216	198
216	199
216	200
216	201
216	202
216	203
216	204
216	205
216	206
216	207
216	208
216	209
216	210
216	211
216	212
216	213
216	214
216	215
216	217
216	218
216	219
216	220
216	221
216	222
216	223
216	224
216	225
216	226
216	227
216	228
216	229
216	230
216	231
216	232
216	233
216	234
216	235
216	236
216	237
216	238
216	239
216	240
216	241
216	242
216	255
217	1
217	4
217	6
217	7
217	30
217	64
217	88
217	170
217	171
217	172
217	173
217	174
217	175
217	176
217	177
217	178
217	179
217	180
217	181
217	182
217	183
217	184
217	185
217	186
217	187
217	188
217	189
217	190
217	191
217	192
217	193
217	194
217	195
217	196
217	197
217	198
217	199
217	200
217	201
217	202
217	203
217	204
217	205
217	206
217	207
217	208
217	209
217	210
217	211
217	212
217	213
217	214
217	215
217	216
217	218
217	219
217	220
217	221
217	222
217	223
217	224
217	225
217	226
217	227
217	228
217	229
217	230
217	231
217	232
217	233
217	234
217	235
217	236
217	237
217	238
217	239
217	240
217	241
217	242
218	1
218	6
218	7
218	30
218	64
218	88
218	170
218	171
218	172
218	173
218	174
218	175
218	176
218	177
218	178
218	179
218	180
218	181
218	182
218	183
218	184
218	185
218	186
218	187
218	188
218	189
218	190
218	191
218	192
218	193
218	194
218	195
218	196
218	197
218	198
218	199
218	200
218	201
218	202
218	203
218	204
218	205
218	206
218	207
218	208
218	209
218	210
218	211
218	212
218	213
218	214
218	215
218	216
218	217
218	219
218	220
218	221
218	222
218	223
218	224
218	225
218	226
218	227
218	228
218	229
218	230
218	231
218	232
218	233
218	234
218	235
218	236
218	237
218	238
218	239
218	240
218	241
218	242
219	1
219	4
219	6
219	7
219	10
219	30
219	51
219	52
219	64
219	76
219	81
219	88
219	157
219	170
219	171
219	172
219	173
219	174
219	175
219	176
219	177
219	178
219	179
219	180
219	181
219	182
219	183
219	184
219	185
219	186
219	187
219	188
219	189
219	190
219	191
219	192
219	193
219	194
219	195
219	196
219	197
219	198
219	199
219	200
219	201
219	202
219	203
219	204
219	205
219	206
219	207
219	208
219	209
219	210
219	211
219	212
219	213
219	214
219	215
219	216
219	217
219	218
219	220
219	221
219	222
219	223
219	224
219	225
219	226
219	227
219	228
219	229
219	230
219	231
219	232
219	233
219	234
219	235
219	236
219	237
219	238
219	239
219	240
219	241
219	242
220	4
220	103
221	1
221	6
221	7
221	30
221	64
221	88
221	170
221	171
221	172
221	173
221	174
221	175
221	176
221	177
221	178
221	179
221	180
221	181
221	182
221	183
221	184
221	185
221	186
221	187
221	188
221	189
221	190
221	191
221	192
221	193
221	194
221	195
221	196
221	197
221	198
221	199
221	200
221	201
221	202
221	203
221	204
221	205
221	206
221	207
221	208
221	209
221	210
221	211
221	212
221	213
221	214
221	215
221	216
221	217
221	218
221	219
221	220
221	222
221	223
221	224
221	225
221	226
221	227
221	228
221	229
221	230
221	231
221	232
221	233
221	234
221	235
221	236
221	237
221	238
221	239
221	240
221	241
221	242
222	1
222	4
222	6
222	7
222	30
222	36
222	64
222	88
222	115
222	170
222	171
222	172
222	173
222	174
222	175
222	176
222	177
222	178
222	179
222	180
222	181
222	182
222	183
222	184
222	185
222	186
222	187
222	188
222	189
222	190
222	191
222	192
222	193
222	194
222	195
222	196
222	197
222	198
222	199
222	200
222	201
222	202
222	203
222	204
222	205
222	206
222	207
222	208
222	209
222	210
222	211
222	212
222	213
222	214
222	215
222	216
222	217
222	218
222	219
222	220
222	221
222	223
222	224
222	225
222	226
222	227
222	228
222	229
222	230
222	231
222	232
222	233
222	234
222	235
222	236
222	237
222	238
222	239
222	240
222	241
222	242
223	1
223	4
223	6
223	7
223	30
223	43
223	45
223	64
223	88
223	115
223	118
223	120
223	123
223	131
223	133
223	140
223	152
223	170
223	171
223	172
223	173
223	174
223	175
223	176
223	177
223	178
223	179
223	180
223	181
223	182
223	183
223	184
223	185
223	186
223	187
223	188
223	189
223	190
223	191
223	192
223	193
223	194
223	195
223	196
223	197
223	198
223	199
223	200
223	201
223	202
223	203
223	204
223	205
223	206
223	207
223	208
223	209
223	210
223	211
223	212
223	213
223	214
223	215
223	216
223	217
223	218
223	219
223	220
223	221
223	222
223	224
223	225
223	226
223	227
223	228
223	229
223	230
223	231
223	232
223	233
223	234
223	235
223	236
223	237
223	238
223	239
223	240
223	241
223	242
224	1
224	4
224	6
224	7
224	30
224	64
224	88
224	170
224	171
224	172
224	173
224	174
224	175
224	176
224	177
224	178
224	179
224	180
224	181
224	182
224	183
224	184
224	185
224	186
224	187
224	188
224	189
224	190
224	191
224	192
224	193
224	194
224	195
224	196
224	197
224	198
224	199
224	200
224	201
224	202
224	203
224	204
224	205
224	206
224	207
224	208
224	209
224	210
224	211
224	212
224	213
224	214
224	215
224	216
224	217
224	218
224	219
224	220
224	221
224	222
224	223
224	225
224	226
224	227
224	228
224	229
224	230
224	231
224	232
224	233
224	234
224	235
224	236
224	237
224	238
224	239
224	240
224	241
224	242
225	1
225	4
225	6
225	7
225	30
225	64
225	88
225	170
225	171
225	172
225	173
225	174
225	175
225	176
225	177
225	178
225	179
225	180
225	181
225	182
225	183
225	184
225	185
225	186
225	187
225	188
225	189
225	190
225	191
225	192
225	193
225	194
225	195
225	196
225	197
225	198
225	199
225	200
225	201
225	202
225	203
225	204
225	205
225	206
225	207
225	208
225	209
225	210
225	211
225	212
225	213
225	214
225	215
225	216
225	217
225	218
225	219
225	220
225	221
225	222
225	223
225	224
225	225
225	226
225	227
225	228
225	229
225	230
225	231
225	232
225	233
225	234
225	235
225	236
225	237
225	238
225	239
225	240
225	241
225	242
225	255
226	1
226	4
226	6
226	7
226	30
226	51
226	64
226	81
226	88
226	142
226	170
226	171
226	172
226	173
226	174
226	175
226	176
226	177
226	178
226	179
226	180
226	181
226	182
226	183
226	184
226	185
226	186
226	187
226	188
226	189
226	190
226	191
226	192
226	193
226	194
226	195
226	196
226	197
226	198
226	199
226	200
226	201
226	202
226	203
226	204
226	205
226	206
226	207
226	208
226	209
226	210
226	211
226	212
226	213
226	214
226	215
226	216
226	217
226	218
226	219
226	220
226	221
226	222
226	223
226	224
226	225
226	227
226	228
226	229
226	230
226	231
226	232
226	233
226	234
226	235
226	236
226	237
226	238
226	239
226	240
226	241
226	242
227	1
227	4
227	6
227	7
227	30
227	64
227	88
227	170
227	171
227	172
227	173
227	174
227	175
227	176
227	177
227	178
227	179
227	180
227	181
227	182
227	183
227	184
227	185
227	186
227	187
227	188
227	189
227	190
227	191
227	192
227	193
227	194
227	195
227	196
227	197
227	198
227	199
227	200
227	201
227	202
227	203
227	204
227	205
227	206
227	207
227	208
227	209
227	210
227	211
227	212
227	213
227	214
227	215
227	216
227	217
227	218
227	219
227	220
227	221
227	222
227	223
227	224
227	225
227	226
227	227
227	228
227	229
227	230
227	231
227	232
227	233
227	234
227	235
227	236
227	237
227	238
227	239
227	240
227	241
227	242
228	1
228	4
228	6
228	7
228	30
228	64
228	88
228	115
228	170
228	171
228	172
228	173
228	174
228	175
228	176
228	177
228	178
228	179
228	180
228	181
228	182
228	183
228	184
228	185
228	186
228	187
228	188
228	189
228	190
228	191
228	192
228	193
228	194
228	195
228	196
228	197
228	198
228	199
228	200
228	201
228	202
228	203
228	204
228	205
228	206
228	207
228	208
228	209
228	210
228	211
228	212
228	213
228	214
228	215
228	216
228	217
228	218
228	219
228	220
228	221
228	222
228	223
228	224
228	225
228	226
228	227
228	229
228	230
228	231
228	232
228	233
228	234
228	235
228	236
228	237
228	238
228	239
228	240
228	241
228	242
229	1
229	4
229	6
229	7
229	30
229	64
229	88
229	170
229	171
229	172
229	173
229	174
229	175
229	176
229	177
229	178
229	179
229	180
229	181
229	182
229	183
229	184
229	185
229	186
229	187
229	188
229	189
229	190
229	191
229	192
229	193
229	194
229	195
229	196
229	197
229	198
229	199
229	200
229	201
229	202
229	203
229	204
229	205
229	206
229	207
229	208
229	209
229	210
229	211
229	212
229	213
229	214
229	215
229	216
229	217
229	218
229	219
229	220
229	221
229	222
229	223
229	224
229	225
229	226
229	227
229	228
229	230
229	231
229	232
229	233
229	234
229	235
229	236
229	237
229	238
229	239
229	240
229	241
229	242
230	1
230	6
230	7
230	30
230	64
230	88
230	170
230	171
230	172
230	173
230	174
230	175
230	176
230	177
230	178
230	179
230	180
230	181
230	182
230	183
230	184
230	185
230	186
230	187
230	188
230	189
230	190
230	191
230	192
230	193
230	194
230	195
230	196
230	197
230	198
230	199
230	200
230	201
230	202
230	203
230	204
230	205
230	206
230	207
230	208
230	209
230	210
230	211
230	212
230	213
230	214
230	215
230	216
230	217
230	218
230	219
230	220
230	221
230	222
230	223
230	224
230	225
230	226
230	227
230	228
230	229
230	231
230	232
230	233
230	234
230	235
230	236
230	237
230	238
230	239
230	240
230	241
230	242
231	1
231	6
231	7
231	30
231	64
231	88
231	170
231	171
231	172
231	173
231	174
231	175
231	176
231	177
231	178
231	179
231	180
231	181
231	182
231	183
231	184
231	185
231	186
231	187
231	188
231	189
231	190
231	191
231	192
231	193
231	194
231	195
231	196
231	197
231	198
231	199
231	200
231	201
231	202
231	203
231	204
231	205
231	206
231	207
231	208
231	209
231	210
231	211
231	212
231	213
231	214
231	215
231	216
231	217
231	218
231	219
231	220
231	221
231	222
231	223
231	224
231	225
231	226
231	227
231	228
231	229
231	230
231	232
231	233
231	234
231	235
231	236
231	237
231	238
231	239
231	240
231	241
231	242
232	1
232	6
232	7
232	30
232	64
232	88
232	170
232	171
232	172
232	173
232	174
232	175
232	176
232	177
232	178
232	179
232	180
232	181
232	182
232	183
232	184
232	185
232	186
232	187
232	188
232	189
232	190
232	191
232	192
232	193
232	194
232	195
232	196
232	197
232	198
232	199
232	200
232	201
232	202
232	203
232	204
232	205
232	206
232	207
232	208
232	209
232	210
232	211
232	212
232	213
232	214
232	215
232	216
232	217
232	218
232	219
232	220
232	221
232	222
232	223
232	224
232	225
232	226
232	227
232	228
232	229
232	230
232	231
232	233
232	234
232	235
232	236
232	237
232	238
232	239
232	240
232	241
232	242
233	1
233	6
233	7
233	30
233	64
233	88
233	170
233	171
233	172
233	173
233	174
233	175
233	176
233	177
233	178
233	179
233	180
233	181
233	182
233	183
233	184
233	185
233	186
233	187
233	188
233	189
233	190
233	191
233	192
233	193
233	194
233	195
233	196
233	197
233	198
233	199
233	200
233	201
233	202
233	203
233	204
233	205
233	206
233	207
233	208
233	209
233	210
233	211
233	212
233	213
233	214
233	215
233	216
233	217
233	218
233	219
233	220
233	221
233	222
233	223
233	224
233	225
233	226
233	227
233	228
233	229
233	230
233	231
233	232
233	234
233	235
233	236
233	237
233	238
233	239
233	240
233	241
233	242
234	1
234	6
234	7
234	30
234	64
234	88
234	170
234	171
234	172
234	173
234	174
234	175
234	176
234	177
234	178
234	179
234	180
234	181
234	182
234	183
234	184
234	185
234	186
234	187
234	188
234	189
234	190
234	191
234	192
234	193
234	194
234	195
234	196
234	197
234	198
234	199
234	200
234	201
234	202
234	203
234	204
234	205
234	206
234	207
234	208
234	209
234	210
234	211
234	212
234	213
234	214
234	215
234	216
234	217
234	218
234	219
234	220
234	221
234	222
234	223
234	224
234	225
234	226
234	227
234	228
234	229
234	230
234	231
234	232
234	233
234	235
234	236
234	237
234	238
234	239
234	240
234	241
234	242
235	1
235	4
235	6
235	7
235	30
235	64
235	88
235	170
235	171
235	172
235	173
235	174
235	175
235	176
235	177
235	178
235	179
235	180
235	181
235	182
235	183
235	184
235	185
235	186
235	187
235	188
235	189
235	190
235	191
235	192
235	193
235	194
235	195
235	196
235	197
235	198
235	199
235	200
235	201
235	202
235	203
235	204
235	205
235	206
235	207
235	208
235	209
235	210
235	211
235	212
235	213
235	214
235	215
235	216
235	217
235	218
235	219
235	220
235	221
235	222
235	223
235	224
235	225
235	226
235	227
235	228
235	229
235	230
235	231
235	232
235	233
235	234
235	236
235	237
235	238
235	239
235	240
235	241
235	242
236	1
236	6
236	7
236	30
236	64
236	88
236	170
236	171
236	172
236	173
236	174
236	175
236	176
236	177
236	178
236	179
236	180
236	181
236	182
236	183
236	184
236	185
236	186
236	187
236	188
236	189
236	190
236	191
236	192
236	193
236	194
236	195
236	196
236	197
236	198
236	199
236	200
236	201
236	202
236	203
236	204
236	205
236	206
236	207
236	208
236	209
236	210
236	211
236	212
236	213
236	214
236	215
236	216
236	217
236	218
236	219
236	220
236	221
236	222
236	223
236	224
236	225
236	226
236	227
236	228
236	229
236	230
236	231
236	232
236	233
236	234
236	235
236	237
236	238
236	239
236	240
236	241
236	242
237	1
237	4
237	6
237	7
237	30
237	64
237	88
237	170
237	171
237	172
237	173
237	174
237	175
237	176
237	177
237	178
237	179
237	180
237	181
237	182
237	183
237	184
237	185
237	186
237	187
237	188
237	189
237	190
237	191
237	192
237	193
237	194
237	195
237	196
237	197
237	198
237	199
237	200
237	201
237	202
237	203
237	204
237	205
237	206
237	207
237	208
237	209
237	210
237	211
237	212
237	213
237	214
237	215
237	216
237	217
237	218
237	219
237	220
237	221
237	222
237	223
237	224
237	225
237	226
237	227
237	228
237	229
237	230
237	231
237	232
237	233
237	234
237	235
237	236
237	238
237	239
237	240
237	241
237	242
238	1
238	4
238	6
238	7
238	16
238	30
238	33
238	64
238	77
238	82
238	88
238	103
238	155
238	170
238	171
238	172
238	173
238	174
238	175
238	176
238	177
238	178
238	179
238	180
238	181
238	182
238	183
238	184
238	185
238	186
238	187
238	188
238	189
238	190
238	191
238	192
238	193
238	194
238	195
238	196
238	197
238	198
238	199
238	200
238	201
238	202
238	203
238	204
238	205
238	206
238	207
238	208
238	209
238	210
238	211
238	212
238	213
238	214
238	215
238	216
238	217
238	218
238	219
238	220
238	221
238	222
238	223
238	224
238	225
238	226
238	227
238	228
238	229
238	230
238	231
238	232
238	233
238	234
238	235
238	236
238	237
238	239
238	240
238	241
238	242
239	1
239	4
239	6
239	7
239	9
239	14
239	30
239	64
239	88
239	89
239	170
239	171
239	172
239	173
239	174
239	175
239	176
239	177
239	178
239	179
239	180
239	181
239	182
239	183
239	184
239	185
239	186
239	187
239	188
239	189
239	190
239	191
239	192
239	193
239	194
239	195
239	196
239	197
239	198
239	199
239	200
239	201
239	202
239	203
239	204
239	205
239	206
239	207
239	208
239	209
239	210
239	211
239	212
239	213
239	214
239	215
239	216
239	217
239	218
239	219
239	220
239	221
239	222
239	223
239	224
239	225
239	226
239	227
239	228
239	229
239	230
239	231
239	232
239	233
239	234
239	235
239	236
239	237
239	238
239	240
239	241
239	242
240	1
240	4
240	6
240	7
240	30
240	51
240	64
240	81
240	88
240	170
240	171
240	172
240	173
240	174
240	175
240	176
240	177
240	178
240	179
240	180
240	181
240	182
240	183
240	184
240	185
240	186
240	187
240	188
240	189
240	190
240	191
240	192
240	193
240	194
240	195
240	196
240	197
240	198
240	199
240	200
240	201
240	202
240	203
240	204
240	205
240	206
240	207
240	208
240	209
240	210
240	211
240	212
240	213
240	214
240	215
240	216
240	217
240	218
240	219
240	220
240	221
240	222
240	223
240	224
240	225
240	226
240	227
240	228
240	229
240	230
240	231
240	232
240	233
240	234
240	235
240	236
240	237
240	238
240	239
240	241
240	242
241	1
241	4
241	6
241	7
241	16
241	30
241	47
241	51
241	64
241	81
241	88
241	142
241	163
241	170
241	171
241	172
241	173
241	174
241	175
241	176
241	177
241	178
241	179
241	180
241	181
241	182
241	183
241	184
241	185
241	186
241	187
241	188
241	189
241	190
241	191
241	192
241	193
241	194
241	195
241	196
241	197
241	198
241	199
241	200
241	201
241	202
241	203
241	204
241	205
241	206
241	207
241	208
241	209
241	210
241	211
241	212
241	213
241	214
241	215
241	216
241	217
241	218
241	219
241	220
241	221
241	222
241	223
241	224
241	225
241	226
241	227
241	228
241	229
241	230
241	231
241	232
241	233
241	234
241	235
241	236
241	237
241	238
241	239
241	240
241	242
242	6
242	7
242	14
242	30
242	88
242	172
242	174
242	175
242	176
242	177
242	178
242	179
242	180
242	181
242	195
242	196
242	203
242	210
242	215
242	217
242	218
242	221
242	224
242	239
242	241
242	248
243	1
243	244
243	247
244	1
244	243
244	247
245	1
245	12
245	246
246	1
246	245
247	1
247	17
247	90
247	243
247	244
248	1
248	6
248	64
248	88
248	242
249	1
249	64
249	88
249	90
249	250
250	1
250	3
250	62
250	64
250	86
250	88
250	90
250	249
253	1
254	1
254	17
255	17
256	1
256	257
258	1
